kernel line : count latency dram_traffic smem_bk_conflicts smem_warp gmem_access_generated gmem_warp exposed_latency warp_divergence
_1.ptx 2052 : 26112 195200 0 0 0 0 0 0 0 
_1.ptx 2053 : 26112 173888 0 0 0 0 0 0 0 
_1.ptx 2054 : 26112 171552 0 0 0 0 0 0 0 
_1.ptx 2055 : 26112 218144 0 0 0 0 0 0 0 
_1.ptx 2056 : 26112 197312 0 0 0 0 0 0 0 
_1.ptx 2057 : 26112 319872 0 0 0 0 0 0 0 
_1.ptx 2058 : 26112 195680 0 0 0 0 0 0 0 
_1.ptx 2059 : 26112 0 0 0 0 0 0 0 0 
_1.ptx 2060 : 26112 194304 0 0 0 0 0 0 0 
_1.ptx 2061 : 26112 294336 0 0 0 0 0 0 0 
_1.ptx 2062 : 26112 296576 0 0 0 0 0 0 0 
_1.ptx 72 : 26112 3966016 128 0 0 0 0 0 0 
_1.ptx 2063 : 26112 174176 0 0 0 0 0 0 0 
_1.ptx 73 : 26112 157600 0 0 0 0 0 0 0 
_1.ptx 2064 : 26112 218784 0 0 0 0 0 0 0 
_1.ptx 74 : 26112 217344 0 0 0 0 0 0 0 
_1.ptx 2065 : 26112 195680 0 0 0 0 0 0 0 
_1.ptx 75 : 26112 0 0 0 0 0 0 0 0 
_1.ptx 2066 : 26112 220192 0 0 0 0 0 0 0 
_1.ptx 2067 : 26112 175936 0 0 0 0 0 0 0 
_1.ptx 77 : 26112 199776 0 0 0 0 0 0 0 
_1.ptx 2068 : 26112 218080 0 0 0 0 0 0 0 
_1.ptx 78 : 26112 202400 0 0 0 0 0 0 0 
_1.ptx 2069 : 26112 172288 0 0 0 0 0 0 0 
_1.ptx 79 : 26112 217888 0 0 0 0 0 0 0 
_1.ptx 80 : 26112 394304 0 0 0 0 0 0 0 
_1.ptx 81 : 26112 292224 0 0 0 0 0 0 0 
_1.ptx 82 : 26112 6911200 6528 0 0 0 0 0 0 
_1.ptx 83 : 26112 6802400 0 0 0 0 0 0 0 
_1.ptx 84 : 26112 212768 0 0 0 0 0 0 0 
_1.ptx 85 : 26112 370368 0 0 0 0 0 0 0 
_1.ptx 86 : 26112 313632 0 0 0 0 0 0 0 
_1.ptx 87 : 26112 227712 0 0 0 0 0 0 0 
_1.ptx 88 : 26112 209184 0 0 0 0 0 0 0 
_1.ptx 89 : 26112 183968 0 0 0 0 0 0 0 
_1.ptx 90 : 26112 225152 0 0 0 0 0 0 0 
_1.ptx 91 : 26112 174984 0 0 0 0 0 0 51 
_1.ptx 93 : 51 212 0 0 0 0 0 0 0 
_1.ptx 94 : 51 9226 128 0 0 0 0 0 0 
_1.ptx 95 : 51 627 0 0 0 0 0 0 0 
_1.ptx 96 : 51 386 0 0 0 0 0 0 0 
_1.ptx 97 : 51 579 0 0 0 0 0 0 0 
_1.ptx 98 : 51 533 0 0 0 0 0 0 0 
_1.ptx 99 : 51 388 0 0 0 0 0 0 0 
_1.ptx 100 : 51 533 0 0 0 0 0 0 0 
_1.ptx 101 : 51 5356 1536 0 0 0 0 0 0 
_1.ptx 102 : 51 595 0 0 0 0 0 0 0 
_1.ptx 103 : 51 7188 256 0 0 51 51 0 0 
_1.ptx 104 : 51 222 0 0 0 0 0 0 0 
_1.ptx 105 : 51 579 0 0 0 0 0 0 0 
_1.ptx 106 : 51 283 1632 0 0 51 51 0 0 
_1.ptx 108 : 51 237 0 0 0 0 0 0 0 
_1.ptx 109 : 51 581 0 0 0 0 0 0 0 
_1.ptx 110 : 51 8365 256 0 0 51 51 0 0 
_1.ptx 111 : 51 215 0 0 0 0 0 0 0 
_1.ptx 112 : 51 576 0 0 0 0 0 0 0 
_1.ptx 113 : 51 278 1632 0 0 51 51 0 0 
_1.ptx 116 : 26112 193824 0 0 0 0 0 0 0 
_1.ptx 117 : 26112 3695840 128 0 0 0 0 0 0 
_1.ptx 118 : 26112 229536 0 0 0 0 0 0 0 
_1.ptx 119 : 26112 0 0 0 0 0 0 0 0 
_1.ptx 120 : 26112 320960 0 0 0 0 0 0 0 
_1.ptx 121 : 26112 307264 0 0 0 0 0 0 0 
_1.ptx 122 : 26112 233184 0 0 0 0 0 0 0 
_1.ptx 123 : 26112 215232 0 0 0 0 0 0 0 
_1.ptx 124 : 26112 241280 0 0 0 0 0 0 0 
_1.ptx 125 : 26112 301632 0 0 0 0 0 0 0 
_1.ptx 126 : 26112 194848 0 0 0 0 0 0 0 
_1.ptx 127 : 26112 111104 0 0 0 0 0 0 0 
_1.ptx 128 : 26112 712832 0 0 0 0 0 0 0 
_1.ptx 129 : 26112 698336 0 0 0 0 0 0 0 
_1.ptx 130 : 26112 195584 0 0 0 0 0 0 0 
_1.ptx 131 : 26112 441312 0 0 0 0 0 0 0 
_1.ptx 132 : 26112 294016 0 0 0 0 0 0 0 
_1.ptx 133 : 26112 296320 0 0 0 0 0 0 0 
_1.ptx 134 : 26112 88320 0 0 0 0 0 0 0 
_1.ptx 135 : 26112 87840 0 0 0 0 0 0 0 
_1.ptx 136 : 26112 89312 0 0 0 0 0 0 0 
_1.ptx 137 : 26112 202656 0 0 0 0 0 0 0 
_1.ptx 141 : 132651 1373790 0 0 0 0 0 0 0 
_1.ptx 142 : 132651 1119687 0 0 0 0 0 0 0 
_1.ptx 143 : 132651 1388907 0 0 0 0 0 0 0 
_1.ptx 145 : 132651 21754651 0 0 0 0 0 0 0 
_1.ptx 146 : 132651 882832 0 0 0 0 0 0 0 
_1.ptx 147 : 132651 1115787 0 0 0 0 0 0 0 
_1.ptx 148 : 132651 865763 0 0 0 0 0 0 2601 
_1.ptx 150 : 2601 27164 0 0 0 0 0 0 0 
_1.ptx 152 : 2601 27000 0 0 0 0 0 0 0 
_1.ptx 155 : 132651 3110017 0 0 0 4182 4182 0 0 
_1.ptx 156 : 132651 1490529 0 0 0 0 0 0 0 
_1.ptx 157 : 132651 2261357 0 0 0 4182 4182 0 0 
_1.ptx 158 : 132651 1498616 0 0 0 0 0 0 0 
_1.ptx 159 : 132651 1400538 0 0 0 0 0 0 0 
_1.ptx 160 : 132651 2160015 0 0 0 0 0 0 0 
_1.ptx 161 : 132651 1511877 0 0 0 0 0 0 0 
_1.ptx 162 : 132651 1410869 0 0 0 0 0 0 0 
_1.ptx 163 : 132651 1049926 0 0 0 0 0 0 0 
_1.ptx 164 : 132651 2254532 0 0 0 0 0 0 0 
_1.ptx 165 : 132651 1490749 0 0 0 0 0 0 0 
_1.ptx 166 : 132651 57609742 410112 0 0 10569 4182 0 0 
_1.ptx 167 : 132651 1982268 0 0 0 0 0 0 0 
_1.ptx 168 : 132651 1489853 0 0 0 0 0 0 0 
_1.ptx 169 : 132651 1010013 0 0 0 0 0 0 0 
_1.ptx 170 : 132651 1926101 0 0 0 0 0 0 0 
_1.ptx 171 : 132651 1488710 0 0 0 0 0 0 0 
_1.ptx 172 : 132651 3923997 541376 0 0 8164 4182 0 0 
_1.ptx 173 : 132651 1374107 0 0 0 0 0 0 0 
_1.ptx 2164 : 26112 166240 0 0 0 0 0 0 0 
_1.ptx 174 : 132651 1110949 0 0 0 0 0 0 0 
_1.ptx 175 : 132651 697923 0 0 0 0 0 0 51 
_1.ptx 178 : 26112 169152 0 0 0 0 0 0 0 
_1.ptx 179 : 26112 169568 0 0 0 0 0 0 0 
_1.ptx 180 : 26112 216672 0 0 0 0 0 0 0 
_1.ptx 181 : 26112 170208 0 0 0 0 0 0 0 
