kernel line : count latency dram_traffic smem_bk_conflicts smem_warp gmem_access_generated gmem_warp exposed_latency warp_divergence
_1.ptx 823 : 4096 24576 0 0 0 0 0 0 0 
_1.ptx 824 : 4096 24576 0 0 0 0 0 0 0 
_1.ptx 825 : 4096 47072 0 0 0 0 0 0 0 
_1.ptx 826 : 4096 24576 0 0 0 0 0 0 0 
_1.ptx 827 : 4096 45056 0 0 0 0 0 0 0 
_1.ptx 828 : 4096 28672 0 0 0 0 0 0 0 
_1.ptx 829 : 4096 24576 0 0 0 0 0 0 0 
_1.ptx 830 : 4096 32768 0 0 0 0 0 0 0 
_1.ptx 831 : 4096 0 0 0 0 0 0 0 0 
_1.ptx 832 : 4096 12288 0 0 0 0 0 0 0 
_1.ptx 833 : 4096 24576 0 0 0 0 0 0 0 
_1.ptx 834 : 4096 32768 0 0 0 0 0 0 0 
_1.ptx 835 : 4096 12288 0 0 0 0 0 0 0 
_1.ptx 836 : 4096 24576 0 0 0 0 0 0 0 
_1.ptx 837 : 4096 32768 0 0 0 0 0 0 0 
_1.ptx 838 : 4096 45952 0 0 0 0 0 0 0 
_1.ptx 839 : 4096 12288 0 0 0 0 0 0 0 
_1.ptx 840 : 4096 25472 0 0 0 0 0 0 0 
_1.ptx 841 : 4096 35648 0 0 0 0 0 0 0 
_1.ptx 842 : 4096 32768 0 0 0 0 0 0 0 
_1.ptx 843 : 4096 42112 0 0 0 0 0 0 0 
_1.ptx 844 : 4096 26688 0 0 0 0 0 0 0 
_1.ptx 845 : 4096 46976 0 0 0 0 0 0 0 
_1.ptx 846 : 4096 24576 0 0 0 0 0 0 0 
_1.ptx 847 : 4096 33120 0 0 0 0 0 0 0 
_1.ptx 848 : 4096 43520 0 0 0 0 0 0 0 
_1.ptx 849 : 4096 28672 0 0 0 0 0 0 0 
_1.ptx 850 : 4096 42880 0 0 0 0 0 0 0 
_1.ptx 851 : 4096 28672 0 0 0 0 0 0 0 
_1.ptx 852 : 4096 24576 0 0 0 0 0 0 0 
_1.ptx 853 : 4096 32768 0 0 0 0 0 0 0 
_1.ptx 854 : 4096 24576 0 0 0 0 0 0 0 
_1.ptx 855 : 4096 32768 0 0 0 0 0 0 0 
_1.ptx 856 : 4096 12288 0 0 0 0 0 0 0 
_1.ptx 857 : 4096 45056 0 0 0 0 0 0 0 
_1.ptx 858 : 4096 45056 0 0 0 0 0 0 0 
_1.ptx 859 : 4096 12288 0 0 0 0 0 0 0 
_1.ptx 860 : 4096 45056 0 0 0 0 0 0 0 
_1.ptx 861 : 4096 25600 0 0 0 0 0 0 0 
_1.ptx 862 : 4096 25600 0 0 0 0 0 0 0 
_1.ptx 863 : 4096 25600 0 0 0 0 0 0 0 
_1.ptx 864 : 4096 25600 0 0 0 0 0 0 0 
_1.ptx 865 : 4096 24576 0 0 0 0 0 0 0 
_1.ptx 866 : 4096 24576 0 0 0 0 0 0 0 
_1.ptx 867 : 4096 24576 0 0 0 0 0 0 0 
_1.ptx 868 : 4096 24576 0 0 0 0 0 0 0 
_1.ptx 869 : 4096 24576 0 0 0 0 0 0 0 
_1.ptx 870 : 4096 24576 0 0 0 0 0 0 0 
_1.ptx 873 : 4096 0 0 0 0 0 0 0 0 
_1.ptx 874 : 4096 28672 0 0 0 0 0 0 0 
_1.ptx 875 : 4096 24576 0 0 0 0 0 0 0 
_1.ptx 876 : 4096 24576 0 0 0 0 0 0 0 
_1.ptx 877 : 4096 24576 0 0 0 0 0 0 0 
_1.ptx 878 : 4096 28672 0 0 0 0 0 0 0 
_1.ptx 882 : 327680 1966080 0 0 0 0 0 0 0 
_1.ptx 883 : 327680 8850720 1310720 0 0 0 0 0 0 
_1.ptx 885 : 327680 1966080 0 0 0 0 0 0 0 
_1.ptx 886 : 327680 9272864 1310720 0 0 0 0 0 0 
_1.ptx 887 : 327680 3276960 0 0 0 0 0 0 0 
_1.ptx 888 : 327680 3276928 0 0 0 0 0 0 0 
_1.ptx 889 : 327680 3282208 0 0 0 0 0 0 0 
_1.ptx 890 : 327680 2621568 0 0 0 0 0 0 0 
_1.ptx 891 : 327680 1941504 0 0 0 0 0 0 0 
_1.ptx 894 : 4096 0 0 0 0 0 0 0 0 
_1.ptx 895 : 4096 28672 0 0 0 0 0 0 0 
_1.ptx 896 : 4096 24608 0 0 0 0 0 0 0 
_1.ptx 897 : 4096 24576 0 0 0 0 0 0 0 
_1.ptx 898 : 4096 24576 0 0 0 0 0 0 0 
_1.ptx 899 : 4096 29120 0 0 0 0 0 0 0 
_1.ptx 903 : 327680 50684992 35072 0 0 0 0 0 0 
_1.ptx 904 : 327680 1685216 1310720 0 0 0 0 0 0 
_1.ptx 905 : 327680 3276800 0 0 0 0 0 0 0 
_1.ptx 906 : 327680 3288736 0 0 0 0 0 0 0 
_1.ptx 907 : 327680 3301152 0 0 0 0 0 0 0 
_1.ptx 908 : 327680 2621600 0 0 0 0 0 0 0 
_1.ptx 909 : 327680 1941504 0 0 0 0 0 0 0 
_1.ptx 911 : 4096 0 0 0 0 0 0 0 0 
_1.ptx 912 : 4096 28768 0 0 0 0 0 0 0 
_1.ptx 913 : 4096 25376 0 0 0 0 0 0 0 
_1.ptx 914 : 4096 28672 0 0 0 0 0 0 0 
_1.ptx 918 : 163840 1653248 0 0 0 0 0 0 0 
_1.ptx 919 : 163840 1148160 0 0 0 0 0 0 0 
_1.ptx 920 : 163840 1311008 0 0 0 0 0 0 0 
_1.ptx 921 : 163840 0 0 0 0 0 0 0 0 
_1.ptx 922 : 163840 1802240 0 0 0 0 0 0 0 
_1.ptx 923 : 163840 1638688 0 0 0 0 0 0 0 
_1.ptx 924 : 163840 491520 0 0 0 0 0 0 0 
_1.ptx 925 : 163840 2341728 0 0 0 0 0 0 0 
_1.ptx 926 : 163840 2700000 0 0 0 0 0 0 0 
_1.ptx 927 : 163840 1802272 0 0 0 0 0 0 0 
_1.ptx 928 : 163840 1147264 0 0 0 0 0 0 0 
_1.ptx 929 : 163840 1811488 0 0 0 0 0 0 0 
_1.ptx 930 : 163840 1802432 0 0 0 0 0 0 0 
_1.ptx 931 : 163840 1146880 0 0 0 0 0 0 0 
_1.ptx 932 : 163840 1689344 0 0 0 0 0 0 0 
_1.ptx 933 : 163840 1802240 0 0 0 0 0 0 0 
_1.ptx 934 : 163840 45634720 637952 0 0 0 0 0 0 
_1.ptx 935 : 163840 1803424 0 0 0 0 0 0 0 
_1.ptx 936 : 163840 1147712 0 0 0 0 0 0 0 
_1.ptx 937 : 163840 984416 0 0 0 0 0 0 0 
_1.ptx 938 : 163840 1146880 0 0 0 0 0 0 0 
_1.ptx 942 : 9748480 107238944 0 0 0 0 0 0 0 
_1.ptx 943 : 9748480 68243904 0 0 0 0 0 0 0 
_1.ptx 944 : 9748480 97501888 0 0 0 0 0 0 0 
_1.ptx 945 : 9748480 107338336 0 0 0 0 0 0 0 
_1.ptx 946 : 9748480 38999712 0 0 0 0 0 0 0 
_1.ptx 948 : 9748480 107413856 0 0 0 0 0 0 0 
_1.ptx 949 : 9748480 730865056 96384 0 0 0 0 0 0 
_1.ptx 950 : 9748480 107236480 0 0 0 0 0 0 0 
_1.ptx 951 : 9748480 107259072 0 0 0 0 0 0 0 
_1.ptx 952 : 9748480 68270144 0 0 0 0 0 0 0 
_1.ptx 953 : 9748480 58538400 0 0 0 0 0 0 0 
_1.ptx 954 : 9748480 146230656 0 0 0 0 0 0 0 
_1.ptx 955 : 9748480 68520512 0 0 0 0 0 0 0 
_1.ptx 956 : 9748480 448437824 0 0 0 0 0 0 0 
_1.ptx 957 : 9748480 107254816 0 0 0 0 0 0 0 
_1.ptx 959 : 9748480 107321120 0 0 0 0 0 0 0 
_1.ptx 960 : 9748480 68268512 0 0 0 0 0 0 0 
_1.ptx 961 : 9748480 68320672 0 0 0 0 0 0 0 
_1.ptx 962 : 9748480 68465216 0 0 0 0 0 0 0 
_1.ptx 963 : 9748480 63010624 0 0 0 0 0 0 0 
_1.ptx 964 : 9748480 146263776 0 0 0 0 0 0 0 
_1.ptx 965 : 9748480 146549760 0 0 0 0 0 0 0 
_1.ptx 966 : 9748480 155977440 0 0 0 0 0 0 0 
_1.ptx 967 : 9748480 68259744 0 0 0 0 0 0 0 
_1.ptx 968 : 9748480 58529216 0 0 0 0 0 0 0 
_1.ptx 969 : 9748480 107238976 0 0 0 0 0 0 0 
_1.ptx 970 : 9748480 136816736 0 0 0 0 0 0 0 
_1.ptx 971 : 9748480 107283168 0 0 0 0 0 0 0 
_1.ptx 972 : 9748480 50603904 0 0 0 0 0 0 0 
_1.ptx 974 : 9748480 107324128 0 0 0 0 0 0 0 
_1.ptx 975 : 9748480 69294368 0 0 0 0 0 0 0 
_1.ptx 976 : 9748480 98805120 0 0 0 0 0 0 0 
_1.ptx 977 : 9748480 107248544 0 0 0 0 0 0 0 
_1.ptx 978 : 9748480 48748160 38993920 0 0 0 0 0 0 
_1.ptx 979 : 9748480 97486816 0 0 0 0 0 0 0 
_1.ptx 980 : 9748480 97489120 0 0 0 0 0 0 0 
_1.ptx 981 : 9748480 77990816 0 0 0 0 0 0 0 
_1.ptx 982 : 9748480 57507936 0 0 0 0 0 0 0 
_1.ptx 984 : 163840 1146880 0 0 0 0 0 0 0 
_1.ptx 985 : 163840 1310784 0 0 0 0 0 0 0 
_1.ptx 986 : 163840 958464 0 0 0 0 0 0 0 
_1.ptx 989 : 4096 0 0 0 0 0 0 0 0 
_1.ptx 990 : 4096 28672 0 0 0 0 0 0 0 
_1.ptx 991 : 4096 28672 0 0 0 0 0 0 0 
_1.ptx 992 : 4096 28672 0 0 0 0 0 0 0 
_1.ptx 993 : 4096 24736 0 0 0 0 0 0 0 
_1.ptx 994 : 4096 24576 0 0 0 0 0 0 0 
_1.ptx 995 : 4096 40960 0 0 0 0 0 0 0 
_1.ptx 996 : 4096 45696 0 0 0 0 0 0 0 
_1.ptx 997 : 4096 12288 0 0 0 0 0 0 0 
_1.ptx 998 : 4096 24672 0 0 0 0 0 0 0 
_1.ptx 999 : 4096 24576 0 0 0 0 0 0 0 
_1.ptx 1000 : 4096 28864 0 0 0 0 0 0 0 
_1.ptx 1004 : 163840 1147776 0 0 0 0 0 0 0 
_1.ptx 1005 : 163840 3359968 0 0 0 0 0 0 0 
_1.ptx 1006 : 163840 1804096 0 0 0 0 0 0 0 
_1.ptx 1007 : 163840 1147328 0 0 0 0 0 0 0 
_1.ptx 1008 : 163840 983040 0 0 0 0 0 0 0 
_1.ptx 1009 : 163840 2463264 0 0 0 0 0 0 0 
_1.ptx 1010 : 163840 1146944 0 0 0 0 0 0 0 
_1.ptx 1011 : 163840 7553632 0 0 0 0 0 0 0 
_1.ptx 1013 : 163840 1480768 0 0 0 0 0 0 0 
_1.ptx 1015 : 163840 831744 655360 0 0 0 0 0 0 
_1.ptx 1017 : 163840 823616 655360 0 0 0 0 0 0 
_1.ptx 1018 : 163840 1642560 0 0 0 0 0 0 0 
_1.ptx 1019 : 163840 1645216 0 0 0 0 0 0 0 
_1.ptx 1020 : 163840 1652064 0 0 0 0 0 0 0 
_1.ptx 1021 : 163840 1646624 0 0 0 0 0 0 0 
_1.ptx 1022 : 163840 1311328 0 0 0 0 0 0 0 
_1.ptx 1023 : 163840 958464 0 0 0 0 0 0 0 
_1.ptx 1025 : 4096 0 0 0 0 0 0 0 0 
_1.ptx 1026 : 4096 28672 0 0 0 0 0 0 0 
_1.ptx 1027 : 4096 24576 0 0 0 0 0 0 0 
_1.ptx 1028 : 4096 24576 0 0 0 0 0 0 0 
_1.ptx 1029 : 4096 24576 0 0 0 0 0 0 0 
_1.ptx 1030 : 4096 29696 0 0 0 0 0 0 0 
_1.ptx 1034 : 163840 983040 0 0 0 0 0 0 0 
_1.ptx 1035 : 163840 819200 655360 0 0 0 0 0 0 
_1.ptx 1037 : 163840 983040 0 0 0 0 0 0 0 
_1.ptx 1038 : 163840 819200 655360 0 0 0 0 0 0 
_1.ptx 1039 : 163840 1638400 0 0 0 0 0 0 0 
_1.ptx 1040 : 163840 1638400 0 0 0 0 0 0 0 
_1.ptx 1041 : 163840 1639424 0 0 0 0 0 0 0 
_1.ptx 1042 : 163840 1310720 0 0 0 0 0 0 0 
_1.ptx 1043 : 163840 958464 0 0 0 0 0 0 0 
_1.ptx 1045 : 4096 0 0 0 0 0 0 0 0 
_1.ptx 1046 : 4096 28672 0 0 0 0 0 0 0 
_1.ptx 1047 : 4096 29696 0 0 0 0 0 0 0 
_1.ptx 1048 : 4096 28672 0 0 0 0 0 0 0 
_1.ptx 1049 : 4096 24576 0 0 0 0 0 0 0 
_1.ptx 1050 : 4096 24576 0 0 0 0 0 0 0 
_1.ptx 1051 : 4096 29696 0 0 0 0 0 0 0 
_1.ptx 1055 : 61440 247808 0 0 0 0 0 0 0 
_1.ptx 1056 : 61440 251136 0 0 0 0 0 0 0 
_1.ptx 1057 : 61440 430080 0 0 0 0 0 0 0 
_1.ptx 1058 : 61440 617472 0 0 0 0 0 0 0 
_1.ptx 1059 : 61440 682336 0 0 0 0 0 0 0 
_1.ptx 1060 : 61440 3253952 0 0 0 0 0 0 0 
_1.ptx 1061 : 61440 675840 0 0 0 0 0 0 0 
_1.ptx 1062 : 61440 3304800 0 0 0 0 0 0 0 
_1.ptx 1063 : 61440 553856 0 0 0 0 0 0 0 
_1.ptx 1064 : 61440 432448 0 0 0 0 0 0 0 
_1.ptx 1065 : 61440 368672 0 0 0 0 0 0 0 
_1.ptx 1066 : 61440 922848 0 0 0 0 0 0 0 
_1.ptx 1067 : 61440 430240 0 0 0 0 0 0 0 
_1.ptx 1068 : 61440 387488 0 0 0 0 0 0 0 
_1.ptx 1069 : 61440 496544 0 0 0 0 0 0 0 
_1.ptx 1070 : 61440 0 0 0 0 0 0 0 0 
_1.ptx 1072 : 61440 368640 0 0 0 0 0 0 0 
_1.ptx 1073 : 61440 553184 0 0 0 0 0 0 0 
_1.ptx 1075 : 61440 675840 0 0 0 0 0 0 0 
_1.ptx 1076 : 61440 3257888 0 0 0 0 0 0 0 
_1.ptx 1077 : 61440 368640 0 0 0 0 0 0 0 
_1.ptx 1078 : 61440 552960 0 0 0 0 0 0 0 
_1.ptx 1079 : 61440 308640 0 0 0 0 0 0 0 
_1.ptx 1081 : 61440 678336 0 0 0 0 0 0 0 
_1.ptx 1082 : 61440 3229408 0 0 0 0 0 0 0 
_1.ptx 1083 : 61440 368640 0 0 0 0 0 0 0 
_1.ptx 1084 : 61440 675968 0 0 0 0 0 0 0 
_1.ptx 1085 : 61440 308000 0 0 0 0 0 0 0 
_1.ptx 1087 : 61440 614400 0 0 0 0 0 0 0 
_1.ptx 1088 : 61440 614560 0 0 0 0 0 0 0 
_1.ptx 1089 : 61440 627008 0 0 0 0 0 0 0 
_1.ptx 1090 : 61440 491520 0 0 0 0 0 0 0 
_1.ptx 1091 : 61440 344064 0 0 0 0 0 0 0 
_1.ptx 1092 : 4096 24576 0 0 0 0 0 0 0 
_1.ptx 1096 : 4096 0 0 0 0 0 0 0 0 
_1.ptx 1097 : 4096 28704 0 0 0 0 0 0 0 
_1.ptx 1098 : 4096 45056 0 0 0 0 0 0 0 
_1.ptx 1099 : 4096 30624 0 0 0 0 0 0 0 
_1.ptx 1100 : 4096 40960 0 0 0 0 0 0 0 
_1.ptx 1101 : 4096 45056 0 0 0 0 0 0 0 
_1.ptx 1102 : 4096 45888 0 0 0 0 0 0 0 
_1.ptx 1103 : 4096 45184 0 0 0 0 0 0 0 
_1.ptx 1104 : 4096 28672 0 0 0 0 0 0 0 
_1.ptx 1105 : 4096 43008 0 0 0 0 0 0 0 
_1.ptx 1106 : 4096 45056 0 0 0 0 0 0 0 
_1.ptx 1107 : 4096 12288 0 0 0 0 0 0 0 
_1.ptx 1108 : 4096 28672 0 0 0 0 0 0 0 
_1.ptx 1112 : 163840 681920 0 0 0 0 0 0 0 
_1.ptx 1113 : 163840 1146880 0 0 0 0 0 0 0 
_1.ptx 1114 : 163840 672096 0 0 0 0 0 0 0 
_1.ptx 1115 : 163840 1481792 0 0 0 0 0 0 0 
_1.ptx 1116 : 163840 949760 0 0 0 0 0 0 0 
_1.ptx 1118 : 163840 17335744 2560 0 0 0 0 0 0 
_1.ptx 1119 : 163840 1804224 0 0 0 0 0 0 0 
_1.ptx 1120 : 163840 1148992 0 0 0 0 0 0 0 
_1.ptx 1121 : 163840 983040 0 0 0 0 0 0 0 
_1.ptx 1122 : 163840 2460192 0 0 0 0 0 0 0 
_1.ptx 1123 : 163840 1154048 0 0 0 0 0 0 0 
_1.ptx 1124 : 163840 7543744 0 0 0 0 0 0 0 
_1.ptx 1125 : 163840 24011264 25856 0 0 0 0 0 0 
_1.ptx 1126 : 163840 1803264 0 0 0 0 0 0 0 
_1.ptx 1127 : 163840 1802656 0 0 0 0 0 0 0 
_1.ptx 1128 : 163840 1155904 0 0 0 0 0 0 0 
_1.ptx 1129 : 163840 826784 0 0 0 0 0 0 0 
_1.ptx 1130 : 163840 1310720 0 0 0 0 0 0 0 
_1.ptx 1131 : 163840 24576 0 0 0 0 0 0 0 
_1.ptx 1133 : 159744 23798176 15232 0 0 0 0 0 0 
_1.ptx 1134 : 159744 1760224 0 0 0 0 0 0 0 
_1.ptx 1135 : 159744 810144 0 0 0 0 0 0 0 
_1.ptx 1137 : 159744 23697792 7168 0 0 0 0 0 0 
_1.ptx 1138 : 159744 1760608 0 0 0 0 0 0 0 
_1.ptx 1139 : 159744 1118528 0 0 0 0 0 0 0 
_1.ptx 1140 : 159744 999360 0 0 0 0 0 0 0 
_1.ptx 1141 : 159744 2396928 0 0 0 0 0 0 0 
_1.ptx 1142 : 159744 1122816 0 0 0 0 0 0 0 
_1.ptx 1143 : 159744 7354592 0 0 0 0 0 0 0 
_1.ptx 1144 : 159744 1757792 0 0 0 0 0 0 0 
_1.ptx 1145 : 159744 803808 0 0 0 0 0 0 0 
_1.ptx 1147 : 163840 1638464 0 0 0 0 0 0 0 
_1.ptx 1148 : 163840 1638880 0 0 0 0 0 0 0 
_1.ptx 1149 : 163840 1646720 0 0 0 0 0 0 0 
_1.ptx 1150 : 163840 1639904 0 0 0 0 0 0 0 
_1.ptx 1151 : 163840 1644032 0 0 0 0 0 0 0 
_1.ptx 1152 : 163840 1311008 0 0 0 0 0 0 0 
_1.ptx 1153 : 163840 958464 0 0 0 0 0 0 0 
_1.ptx 1155 : 4096 0 0 0 0 0 0 0 0 
_1.ptx 1156 : 4096 28672 0 0 0 0 0 0 0 
_1.ptx 1157 : 4096 25248 0 0 0 0 0 0 0 
_1.ptx 1158 : 4096 12288 0 0 0 0 0 0 0 
_1.ptx 1159 : 4096 24608 0 0 0 0 0 0 0 
_1.ptx 1160 : 4096 24576 0 0 0 0 0 0 0 
_1.ptx 1161 : 4096 28672 0 0 0 0 0 0 0 
_1.ptx 1165 : 163840 1146880 0 0 0 0 0 0 0 
_1.ptx 1166 : 163840 39722272 483200 0 0 0 0 0 0 
_1.ptx 1167 : 163840 1802240 0 0 0 0 0 0 0 
_1.ptx 1168 : 163840 1146880 0 0 0 0 0 0 0 
_1.ptx 1169 : 163840 983040 0 0 0 0 0 0 0 
_1.ptx 1170 : 163840 2457600 0 0 0 0 0 0 0 
_1.ptx 1171 : 163840 56398528 0 0 0 0 0 0 0 
_1.ptx 1172 : 163840 1146880 0 0 0 0 0 0 0 
_1.ptx 1173 : 163840 1638400 0 0 0 0 0 0 0 
_1.ptx 1174 : 163840 1638400 0 0 0 0 0 0 0 
_1.ptx 1175 : 163840 1310720 0 0 0 0 0 0 0 
_1.ptx 1176 : 163840 958464 0 0 0 0 0 0 0 
_1.ptx 1177 : 4096 24576 0 0 0 0 0 0 0 
_1.ptx 1182 : 4096 45056 0 0 0 0 0 0 0 
_1.ptx 1183 : 4096 0 0 0 0 0 0 0 0 
_1.ptx 1184 : 4096 28672 0 0 0 0 0 0 0 
_1.ptx 1185 : 4096 12288 0 0 0 0 0 0 0 
_1.ptx 1186 : 4096 45056 0 0 0 0 0 0 0 
_1.ptx 1187 : 4096 24576 0 0 0 0 0 0 0 
_1.ptx 1188 : 4096 28672 0 0 0 0 0 0 0 
_1.ptx 1189 : 4096 28672 0 0 0 0 0 0 0 
_1.ptx 1190 : 4096 24576 0 0 0 0 0 0 0 
_1.ptx 1191 : 4096 28672 0 0 0 0 0 0 0 
_1.ptx 1195 : 163840 4056544 512 0 0 0 0 0 0 
_1.ptx 1196 : 163840 1802240 0 0 0 0 0 0 0 
_1.ptx 1197 : 163840 1146880 0 0 0 0 0 0 0 
_1.ptx 1198 : 163840 983040 0 0 0 0 0 0 0 
_1.ptx 1199 : 163840 2457600 0 0 0 0 0 0 0 
_1.ptx 1200 : 163840 55476800 0 0 0 0 0 0 0 
_1.ptx 1201 : 163840 1146880 0 0 0 0 0 0 0 
_1.ptx 1202 : 163840 819200 0 0 0 0 0 0 0 
_1.ptx 1203 : 163840 1638400 0 0 0 0 0 0 0 
_1.ptx 1204 : 163840 1638400 0 0 0 0 0 0 0 
_1.ptx 1205 : 163840 1310720 0 0 0 0 0 0 0 
_1.ptx 1206 : 163840 958464 0 0 0 0 0 0 0 
_1.ptx 1209 : 4096 28672 0 0 0 0 0 0 0 
_1.ptx 1210 : 4096 0 0 0 0 0 0 0 0 
_1.ptx 1211 : 4096 28672 0 0 0 0 0 0 0 
_1.ptx 1212 : 4096 28672 0 0 0 0 0 0 0 
_1.ptx 1213 : 4096 40960 0 0 0 0 0 0 0 
_1.ptx 1214 : 4096 45056 0 0 0 0 0 0 0 
_1.ptx 1215 : 4096 28672 0 0 0 0 0 0 0 
_1.ptx 1219 : 163840 24206848 129408 0 0 0 0 0 0 
_1.ptx 1220 : 163840 1803008 0 0 0 0 0 0 0 
_1.ptx 1221 : 163840 820416 0 0 0 0 0 0 0 
_1.ptx 1222 : 163840 1638400 0 0 0 0 0 0 0 
_1.ptx 1223 : 163840 1638432 0 0 0 0 0 0 0 
_1.ptx 1224 : 163840 1311040 0 0 0 0 0 0 0 
_1.ptx 1225 : 163840 958464 0 0 0 0 0 0 0 
_1.ptx 1228 : 4096 20512 16384 0 0 128 128 0 0 
_1.ptx 1230 : 4096 28736 0 0 0 0 0 0 0 
_1.ptx 1231 : 4096 0 0 0 0 0 0 0 0 
_1.ptx 1232 : 4096 28672 0 0 0 0 0 0 0 
_1.ptx 1233 : 4096 40960 0 0 0 0 0 0 0 
_1.ptx 1234 : 4096 28672 0 0 0 0 0 0 0 
_1.ptx 1237 : 163840 1310880 0 0 0 0 0 0 0 
_1.ptx 1238 : 163840 0 0 0 0 0 0 0 0 
_1.ptx 1239 : 163840 1818560 0 0 0 0 0 0 0 
_1.ptx 1240 : 163840 1638656 0 0 0 0 0 0 0 
_1.ptx 1241 : 163840 1802752 0 0 0 0 0 0 0 
_1.ptx 1242 : 163840 1806144 0 0 0 0 0 0 0 
_1.ptx 1243 : 163840 1147488 0 0 0 0 0 0 0 
_1.ptx 1244 : 163840 1652896 0 0 0 0 0 0 0 
_1.ptx 1245 : 163840 1803104 0 0 0 0 0 0 0 
_1.ptx 1246 : 163840 1170944 0 0 0 0 0 0 0 
_1.ptx 1247 : 163840 1642496 0 0 0 0 0 0 0 
_1.ptx 1248 : 163840 1802656 0 0 0 0 0 0 0 
_1.ptx 1249 : 163840 1817760 0 0 0 0 0 0 0 
_1.ptx 1250 : 163840 1147200 0 0 0 0 0 0 0 
_1.ptx 1251 : 163840 1640576 0 0 0 0 0 0 0 
_1.ptx 1252 : 163840 1802784 0 0 0 0 0 0 0 
_1.ptx 1253 : 163840 1802432 0 0 0 0 0 0 0 
_1.ptx 1254 : 163840 1802304 0 0 0 0 0 0 0 
_1.ptx 1255 : 163840 1146976 0 0 0 0 0 0 0 
_1.ptx 1256 : 163840 1641920 0 0 0 0 0 0 0 
_1.ptx 1257 : 163840 1802432 0 0 0 0 0 0 0 
_1.ptx 1258 : 163840 493248 0 0 0 0 0 0 0 
_1.ptx 1259 : 163840 985088 0 0 0 0 0 0 0 
_1.ptx 1260 : 163840 1147264 0 0 0 0 0 0 0 
_1.ptx 1264 : 9748480 1576311296 3184768 0 0 0 0 0 0 
_1.ptx 1265 : 9748480 39016640 0 0 0 0 0 0 0 
_1.ptx 1266 : 9748480 1876731360 10751744 0 0 0 0 0 0 
_1.ptx 1267 : 9748480 107470944 0 0 0 0 0 0 0 
_1.ptx 1268 : 9748480 87742208 0 0 0 0 0 0 0 
_1.ptx 1270 : 9748480 2708759072 38510592 0 0 0 0 0 0 
_1.ptx 1271 : 9748480 68239392 0 0 0 0 0 0 0 
_1.ptx 1272 : 9748480 107256256 0 0 0 0 0 0 0 
_1.ptx 1273 : 9748480 68270208 0 0 0 0 0 0 0 
_1.ptx 1274 : 9748480 58890464 0 0 0 0 0 0 0 
_1.ptx 1275 : 9748480 146256736 0 0 0 0 0 0 0 
_1.ptx 1276 : 9748480 68244000 0 0 0 0 0 0 0 
_1.ptx 1277 : 9748480 448445728 0 0 0 0 0 0 0 
_1.ptx 1279 : 9748480 107236928 0 0 0 0 0 0 0 
_1.ptx 1280 : 9748480 107236416 0 0 0 0 0 0 0 
_1.ptx 1281 : 9748480 107236256 0 0 0 0 0 0 0 
_1.ptx 1282 : 9748480 448449152 0 0 0 0 0 0 0 
_1.ptx 1283 : 9748480 87756704 0 0 0 0 0 0 0 
_1.ptx 1284 : 9748480 48826848 0 0 0 0 0 0 0 
_1.ptx 1285 : 9748480 97485472 0 0 0 0 0 0 0 
_1.ptx 1286 : 9748480 97497472 0 0 0 0 0 0 0 
_1.ptx 1287 : 9748480 97755904 0 0 0 0 0 0 0 
_1.ptx 1288 : 9748480 97484960 0 0 0 0 0 0 0 
_1.ptx 1289 : 9748480 97545120 0 0 0 0 0 0 0 
_1.ptx 1290 : 9748480 58545952 0 0 0 0 0 0 0 
_1.ptx 1291 : 9748480 80009024 0 0 0 0 0 0 0 
_1.ptx 1292 : 9748480 57507840 0 0 0 0 0 0 0 
_1.ptx 1294 : 163840 1638656 0 0 0 0 0 0 0 
_1.ptx 1295 : 163840 983168 0 0 0 0 0 0 0 
_1.ptx 1296 : 163840 1311040 0 0 0 0 0 0 0 
_1.ptx 1297 : 163840 958464 0 0 0 0 0 0 0 
_1.ptx 1300 : 4096 817344 6400 0 0 0 0 0 0 
_1.ptx 1301 : 4096 20480 16384 0 0 128 128 0 0 
_1.ptx 1302 : 4096 45120 0 0 0 0 0 0 0 
_1.ptx 1303 : 4096 45920 0 0 0 0 0 0 0 
_1.ptx 1304 : 4096 46336 0 0 0 0 0 0 0 
_1.ptx 1305 : 4096 24576 0 0 0 0 0 0 0 
_1.ptx 1306 : 4096 32768 0 0 0 0 0 0 0 
_1.ptx 1307 : 4096 0 0 0 0 0 0 0 0 
_1.ptx 1310 : 4096 24576 0 0 0 0 0 0 0 
_1.ptx 1329 : 4096 24576 0 0 0 0 0 0 0 
_1.ptx 1330 : 4096 24576 0 0 0 0 0 0 0 
_1.ptx 1331 : 4096 45504 0 0 0 0 0 0 0 
_1.ptx 1332 : 4096 24576 0 0 0 0 0 0 0 
_1.ptx 1333 : 4096 45056 0 0 0 0 0 0 0 
_1.ptx 1334 : 4096 28672 0 0 0 0 0 0 0 
_1.ptx 1335 : 4096 24576 0 0 0 0 0 0 0 
_1.ptx 1336 : 4096 32800 0 0 0 0 0 0 0 
_1.ptx 1337 : 4096 0 0 0 0 0 0 0 0 
_1.ptx 1338 : 4096 255168 128 0 0 0 0 0 0 
_1.ptx 1339 : 4096 24576 0 0 0 0 0 0 0 
_1.ptx 1340 : 4096 32768 0 0 0 0 0 0 0 
_1.ptx 1341 : 4096 12288 0 0 0 0 0 0 0 
_1.ptx 1342 : 4096 24576 0 0 0 0 0 0 0 
_1.ptx 1343 : 4096 32768 0 0 0 0 0 0 0 
_1.ptx 1344 : 4096 33248 0 0 0 0 0 0 0 
_1.ptx 1345 : 4096 268608 128 0 0 0 0 0 0 
_1.ptx 1346 : 4096 25056 0 0 0 0 0 0 0 
_1.ptx 1347 : 4096 32768 0 0 0 0 0 0 0 
_1.ptx 1348 : 4096 24576 0 0 0 0 0 0 0 
_1.ptx 1349 : 4096 45536 0 0 0 0 0 0 0 
_1.ptx 1350 : 4096 28672 0 0 0 0 0 0 0 
_1.ptx 1351 : 4096 255168 128 0 0 0 0 0 0 
_1.ptx 1352 : 4096 28736 0 0 0 0 0 0 0 
_1.ptx 1353 : 4096 41536 0 0 0 0 0 0 0 
_1.ptx 1354 : 4096 45056 0 0 0 0 0 0 0 
_1.ptx 1355 : 4096 41472 0 0 0 0 0 0 0 
_1.ptx 1356 : 4096 24960 0 0 0 0 0 0 0 
_1.ptx 1357 : 4096 25568 0 0 0 0 0 0 0 
_1.ptx 1358 : 4096 26624 0 0 0 0 0 0 0 
_1.ptx 1359 : 4096 25920 0 0 0 0 0 0 0 
_1.ptx 1360 : 4096 24960 0 0 0 0 0 0 0 
_1.ptx 1361 : 4096 24576 0 0 0 0 0 0 0 
_1.ptx 1362 : 4096 24608 0 0 0 0 0 0 0 
_1.ptx 1365 : 4096 0 0 0 0 0 0 0 0 
_1.ptx 1366 : 4096 28672 0 0 0 0 0 0 0 
_1.ptx 1367 : 4096 24576 0 0 0 0 0 0 0 
_1.ptx 1368 : 4096 24576 0 0 0 0 0 0 0 
_1.ptx 1369 : 4096 24576 0 0 0 0 0 0 0 
_1.ptx 1370 : 4096 29088 0 0 0 0 0 0 0 
_1.ptx 1374 : 327680 1966080 0 0 0 0 0 0 0 
_1.ptx 1375 : 327680 8013376 1310720 0 0 0 0 0 0 
_1.ptx 1377 : 327680 1966080 0 0 0 0 0 0 0 
_1.ptx 1378 : 327680 8209376 1310720 0 0 0 0 0 0 
_1.ptx 1379 : 327680 3280064 0 0 0 0 0 0 0 
_1.ptx 1380 : 327680 3287616 0 0 0 0 0 0 0 
_1.ptx 1381 : 327680 3282848 0 0 0 0 0 0 0 
_1.ptx 1382 : 327680 2621568 0 0 0 0 0 0 0 
_1.ptx 1383 : 327680 1941536 0 0 0 0 0 0 0 
_1.ptx 1386 : 4096 0 0 0 0 0 0 0 0 
_1.ptx 1387 : 4096 28832 0 0 0 0 0 0 0 
_1.ptx 1388 : 4096 24672 0 0 0 0 0 0 0 
_1.ptx 1389 : 4096 28704 0 0 0 0 0 0 0 
_1.ptx 1393 : 163840 1642240 0 0 0 0 0 0 0 
_1.ptx 1394 : 163840 1151520 0 0 0 0 0 0 0 
_1.ptx 1395 : 163840 1311520 0 0 0 0 0 0 0 
_1.ptx 1396 : 163840 0 0 0 0 0 0 0 0 
_1.ptx 1397 : 163840 1803264 0 0 0 0 0 0 0 
_1.ptx 1398 : 163840 1641088 0 0 0 0 0 0 0 
_1.ptx 1399 : 163840 519648 0 0 0 0 0 0 0 
_1.ptx 1400 : 163840 2308160 0 0 0 0 0 0 0 
_1.ptx 1401 : 163840 1148640 0 0 0 0 0 0 0 
_1.ptx 1402 : 163840 2477856 0 0 0 0 0 0 0 
_1.ptx 1403 : 163840 1819136 0 0 0 0 0 0 0 
_1.ptx 1404 : 163840 1150592 0 0 0 0 0 0 0 
_1.ptx 1405 : 163840 1716320 0 0 0 0 0 0 0 
_1.ptx 1406 : 163840 1803584 0 0 0 0 0 0 0 
_1.ptx 1407 : 163840 29241280 143104 0 0 0 0 0 0 
_1.ptx 1408 : 163840 1805408 0 0 0 0 0 0 0 
_1.ptx 1409 : 163840 1161920 0 0 0 0 0 0 0 
_1.ptx 1410 : 163840 996896 0 0 0 0 0 0 0 
_1.ptx 1411 : 163840 1148864 0 0 0 0 0 0 0 
_1.ptx 1415 : 9748480 107292960 0 0 0 0 0 0 0 
_1.ptx 1416 : 9748480 68300896 0 0 0 0 0 0 0 
_1.ptx 1417 : 9748480 98009312 0 0 0 0 0 0 0 
_1.ptx 1418 : 9748480 107311392 0 0 0 0 0 0 0 
_1.ptx 1419 : 9748480 41058016 256 0 0 0 0 0 0 
_1.ptx 1421 : 9748480 107338976 0 0 0 0 0 0 0 
_1.ptx 1422 : 9748480 729990272 256 0 0 0 0 0 0 
_1.ptx 1423 : 9748480 107244384 0 0 0 0 0 0 0 
_1.ptx 1424 : 9748480 107242240 0 0 0 0 0 0 0 
_1.ptx 1425 : 9748480 68262720 0 0 0 0 0 0 0 
_1.ptx 1426 : 9748480 58514208 0 0 0 0 0 0 0 
_1.ptx 1427 : 9748480 146315040 0 0 0 0 0 0 0 
_1.ptx 1428 : 9748480 68767168 0 0 0 0 0 0 0 
_1.ptx 1429 : 9748480 448617504 0 0 0 0 0 0 0 
_1.ptx 1430 : 9748480 107278464 0 0 0 0 0 0 0 
_1.ptx 1432 : 9748480 107352768 0 0 0 0 0 0 0 
_1.ptx 1433 : 9748480 68284128 0 0 0 0 0 0 0 
_1.ptx 1434 : 9748480 68292000 0 0 0 0 0 0 0 
_1.ptx 1435 : 9748480 68638688 0 0 0 0 0 0 0 
_1.ptx 1436 : 9748480 60092544 0 0 0 0 0 0 0 
_1.ptx 1437 : 9748480 146239360 0 0 0 0 0 0 0 
_1.ptx 1438 : 9748480 146387264 0 0 0 0 0 0 0 
_1.ptx 1439 : 9748480 156001696 0 0 0 0 0 0 0 
_1.ptx 1440 : 9748480 68270976 0 0 0 0 0 0 0 
_1.ptx 1441 : 9748480 58524576 0 0 0 0 0 0 0 
_1.ptx 1442 : 9748480 107234624 0 0 0 0 0 0 0 
_1.ptx 1443 : 9748480 136664736 0 0 0 0 0 0 0 
_1.ptx 1444 : 9748480 107312256 0 0 0 0 0 0 0 
_1.ptx 1445 : 9748480 48778400 0 0 0 0 0 0 0 
_1.ptx 1446 : 9748480 98215360 0 0 0 0 0 0 0 
_1.ptx 1447 : 9748480 97522784 0 0 0 0 0 0 0 
_1.ptx 1448 : 9748480 78006624 0 0 0 0 0 0 0 
_1.ptx 1449 : 9748480 57507840 0 0 0 0 0 0 0 
_1.ptx 1451 : 163840 1146880 0 0 0 0 0 0 0 
_1.ptx 1452 : 163840 1311680 0 0 0 0 0 0 0 
_1.ptx 1453 : 163840 958848 0 0 0 0 0 0 0 
_1.ptx 1456 : 4096 0 0 0 0 0 0 0 0 
_1.ptx 1457 : 4096 45056 0 0 0 0 0 0 0 
_1.ptx 1458 : 4096 28800 0 0 0 0 0 0 0 
_1.ptx 1459 : 4096 24736 0 0 0 0 0 0 0 
_1.ptx 1460 : 4096 28672 0 0 0 0 0 0 0 
_1.ptx 1461 : 4096 76576 0 0 0 0 0 0 0 
_1.ptx 1462 : 4096 45248 0 0 0 0 0 0 0 
_1.ptx 1463 : 4096 28736 0 0 0 0 0 0 0 
_1.ptx 1464 : 4096 29088 0 0 0 0 0 0 0 
_1.ptx 1465 : 4096 12288 0 0 0 0 0 0 0 
_1.ptx 1466 : 4096 24608 0 0 0 0 0 0 0 
_1.ptx 1467 : 4096 24576 0 0 0 0 0 0 0 
_1.ptx 1468 : 4096 28800 0 0 0 0 0 0 0 
_1.ptx 1472 : 163840 1146880 0 0 0 0 0 0 0 
_1.ptx 1473 : 163840 3107776 0 0 0 0 0 0 0 
_1.ptx 1474 : 163840 1802304 0 0 0 0 0 0 0 
_1.ptx 1475 : 163840 1146880 0 0 0 0 0 0 0 
_1.ptx 1476 : 163840 983392 0 0 0 0 0 0 0 
_1.ptx 1477 : 163840 2457664 0 0 0 0 0 0 0 
_1.ptx 1478 : 163840 55431520 0 0 0 0 0 0 0 
_1.ptx 1479 : 163840 1146880 0 0 0 0 0 0 0 
_1.ptx 1481 : 163840 1474560 0 0 0 0 0 0 0 
_1.ptx 1483 : 163840 829728 655360 0 0 0 0 0 0 
_1.ptx 1485 : 163840 819232 655360 0 0 0 0 0 0 
_1.ptx 1486 : 163840 1638400 0 0 0 0 0 0 0 
_1.ptx 1487 : 163840 1638464 0 0 0 0 0 0 0 
_1.ptx 1488 : 163840 1638496 0 0 0 0 0 0 0 
_1.ptx 1489 : 163840 1638432 0 0 0 0 0 0 0 
_1.ptx 1490 : 163840 1462688 0 0 0 0 0 0 0 
_1.ptx 1491 : 163840 958464 0 0 0 0 0 0 0 
_1.ptx 1493 : 4096 0 0 0 0 0 0 0 0 
_1.ptx 1494 : 4096 28672 0 0 0 0 0 0 0 
_1.ptx 1495 : 4096 28672 0 0 0 0 0 0 0 
_1.ptx 1496 : 4096 28704 0 0 0 0 0 0 0 
_1.ptx 1497 : 4096 24864 0 0 0 0 0 0 0 
_1.ptx 1498 : 4096 24576 0 0 0 0 0 0 0 
_1.ptx 1499 : 4096 28672 0 0 0 0 0 0 0 
_1.ptx 1503 : 61440 333728 128 0 0 0 0 0 0 
_1.ptx 1504 : 61440 430080 0 0 0 0 0 0 0 
_1.ptx 1505 : 61440 622944 0 0 0 0 0 0 0 
_1.ptx 1506 : 61440 675872 0 0 0 0 0 0 0 
_1.ptx 1507 : 61440 3234560 0 0 0 0 0 0 0 
_1.ptx 1508 : 61440 394976 128 0 0 0 0 0 0 
_1.ptx 1509 : 61440 676512 0 0 0 0 0 0 0 
_1.ptx 1510 : 61440 3233536 0 0 0 0 0 0 0 
_1.ptx 1511 : 61440 553152 0 0 0 0 0 0 0 
_1.ptx 1512 : 61440 430912 0 0 0 0 0 0 0 
_1.ptx 1513 : 61440 368640 0 0 0 0 0 0 0 
_1.ptx 1514 : 61440 921760 0 0 0 0 0 0 0 
_1.ptx 1515 : 61440 433088 0 0 0 0 0 0 0 
_1.ptx 1517 : 61440 433472 0 0 0 0 0 0 0 
_1.ptx 1518 : 61440 435008 0 0 0 0 0 0 0 
_1.ptx 1519 : 61440 386688 0 0 0 0 0 0 0 
_1.ptx 1520 : 61440 983168 0 0 0 0 0 0 0 
_1.ptx 1521 : 61440 430112 0 0 0 0 0 0 0 
_1.ptx 1522 : 61440 368704 0 0 0 0 0 0 0 
_1.ptx 1523 : 61440 492224 0 0 0 0 0 0 0 
_1.ptx 1524 : 61440 553216 0 0 0 0 0 0 0 
_1.ptx 1525 : 61440 615488 0 0 0 0 0 0 0 
_1.ptx 1526 : 61440 615616 0 0 0 0 0 0 0 
_1.ptx 1527 : 61440 619456 0 0 0 0 0 0 0 
_1.ptx 1528 : 61440 492832 0 0 0 0 0 0 0 
_1.ptx 1529 : 61440 344096 0 0 0 0 0 0 0 
_1.ptx 1530 : 4096 24576 0 0 0 0 0 0 0 
_1.ptx 1534 : 4096 0 0 0 0 0 0 0 0 
_1.ptx 1535 : 4096 28960 0 0 0 0 0 0 0 
_1.ptx 1536 : 4096 24576 0 0 0 0 0 0 0 
_1.ptx 1537 : 4096 12288 0 0 0 0 0 0 0 
_1.ptx 1538 : 4096 24576 0 0 0 0 0 0 0 
_1.ptx 1539 : 4096 24576 0 0 0 0 0 0 0 
_1.ptx 1540 : 4096 28672 0 0 0 0 0 0 0 
_1.ptx 1544 : 163840 1146880 0 0 0 0 0 0 0 
_1.ptx 1545 : 163840 27373856 139776 0 0 0 0 0 0 
_1.ptx 1546 : 163840 1802272 0 0 0 0 0 0 0 
_1.ptx 1547 : 163840 1146976 0 0 0 0 0 0 0 
_1.ptx 1548 : 163840 983040 0 0 0 0 0 0 0 
_1.ptx 1549 : 163840 2457600 0 0 0 0 0 0 0 
_1.ptx 1550 : 163840 55466496 0 0 0 0 0 0 0 
_1.ptx 1551 : 163840 1146880 0 0 0 0 0 0 0 
_1.ptx 1552 : 163840 1638400 0 0 0 0 0 0 0 
_1.ptx 1553 : 163840 1638400 0 0 0 0 0 0 0 
_1.ptx 1554 : 163840 1310720 0 0 0 0 0 0 0 
_1.ptx 1555 : 163840 958464 0 0 0 0 0 0 0 
_1.ptx 1556 : 4096 24576 0 0 0 0 0 0 0 
_1.ptx 1561 : 4096 45056 0 0 0 0 0 0 0 
_1.ptx 1563 : 4096 20480 16384 0 0 128 128 0 0 
_1.ptx 1564 : 4096 45056 0 0 0 0 0 0 0 
_1.ptx 1565 : 4096 45120 0 0 0 0 0 0 0 
_1.ptx 1566 : 4096 24672 0 0 0 0 0 0 0 
_1.ptx 1567 : 4096 32768 0 0 0 0 0 0 0 
_1.ptx 1568 : 4096 0 0 0 0 0 0 0 0 
_1.ptx 1571 : 4096 24576 0 0 0 0 0 0 0 
