kernel line : count latency dram_traffic smem_bk_conflicts smem_warp gmem_access_generated gmem_warp exposed_latency warp_divergence
_1.ptx 413 : 15360 46080 0 0 0 0 0 0 0 
_1.ptx 414 : 15360 178976 0 0 0 0 0 0 0 
_1.ptx 415 : 15360 94720 0 0 0 0 0 0 0 
_1.ptx 416 : 15360 95392 0 0 0 0 0 0 0 
_1.ptx 417 : 15360 226784 0 0 0 0 0 0 0 
_1.ptx 418 : 15360 95328 0 0 0 0 0 0 0 
_1.ptx 419 : 15360 220352 0 0 0 0 0 0 0 
_1.ptx 420 : 15360 111744 0 0 0 0 0 0 0 
_1.ptx 421 : 15360 100416 0 0 0 0 0 0 0 
_1.ptx 422 : 15360 172096 0 0 0 0 0 0 0 
_1.ptx 423 : 15360 171008 0 0 0 0 0 0 0 
_1.ptx 424 : 15360 128960 0 0 0 0 0 0 0 
_1.ptx 425 : 15360 174912 0 0 0 0 0 0 0 
_1.ptx 426 : 15360 142048 0 0 0 0 0 0 0 
_1.ptx 427 : 15360 111904 0 0 0 0 0 0 0 
_1.ptx 428 : 15360 162720 0 0 0 0 0 0 0 
_1.ptx 429 : 15360 169088 0 0 0 0 0 0 0 
_1.ptx 430 : 15360 125536 0 0 0 0 0 0 0 
_1.ptx 431 : 15360 0 0 0 0 0 0 0 0 
_1.ptx 432 : 15360 112192 0 0 0 0 0 0 0 
_1.ptx 433 : 15360 174560 0 0 0 0 0 0 0 
_1.ptx 434 : 15360 462944 0 0 0 0 0 0 0 
_1.ptx 435 : 15360 110432 0 0 0 0 0 0 0 
_1.ptx 436 : 15360 174976 0 0 0 0 0 0 0 
_1.ptx 437 : 15360 172640 0 0 0 0 0 0 0 
_1.ptx 441 : 399992 2430056 0 0 0 0 0 0 0 
_1.ptx 442 : 399992 39942072 1599872 0 0 12500 12500 0 0 
_1.ptx 444 : 399992 4420296 0 0 0 0 0 0 0 
_1.ptx 445 : 399992 4425000 0 0 0 0 0 0 0 
_1.ptx 446 : 399992 3220064 0 0 0 0 0 0 0 
_1.ptx 447 : 399992 2338928 0 0 0 0 0 0 1 
_1.ptx 450 : 15360 92864 0 0 0 0 0 0 0 
_1.ptx 62 : 1 6 0 0 0 0 0 0 0 
_1.ptx 63 : 1 280 128 0 0 0 0 0 0 
_1.ptx 64 : 1 5 32 0 0 1 1 0 0 
_1.ptx 66 : 1 6 0 0 0 0 0 0 0 
_1.ptx 67 : 1 4 32 0 0 1 1 0 0 
_1.ptx 69 : 1 6 0 0 0 0 0 0 0 
_1.ptx 70 : 1 4 32 0 0 1 1 0 0 
_1.ptx 72 : 1 6 0 0 0 0 0 0 0 
_1.ptx 73 : 1 4 32 0 0 1 1 0 0 
_1.ptx 75 : 1 6 0 0 0 0 0 0 0 
_1.ptx 112 : 23040 975456 0 0 0 0 0 0 0 
_1.ptx 113 : 23040 940512 128 0 0 720 720 0 0 
_1.ptx 114 : 23040 164032 0 0 0 0 0 0 0 
_1.ptx 116 : 23040 235776 0 0 0 0 0 0 0 
_1.ptx 117 : 23040 818400 128 0 0 720 720 0 0 
_1.ptx 118 : 23040 168832 0 0 0 0 0 0 0 
_1.ptx 120 : 23040 142944 0 0 0 0 0 0 0 
_1.ptx 121 : 23040 1743040 128 0 0 720 720 0 0 
_1.ptx 122 : 23040 170944 0 0 0 0 0 0 0 
_1.ptx 124 : 23040 155200 0 0 0 0 0 0 0 
_1.ptx 125 : 23040 266976 0 0 0 0 0 0 0 
_1.ptx 126 : 23040 148768 0 0 0 0 0 0 0 
_1.ptx 127 : 23040 256736 0 0 0 0 0 0 0 
_1.ptx 128 : 23040 169344 0 0 0 0 0 0 0 
_1.ptx 129 : 23040 173280 0 0 0 0 0 0 0 
_1.ptx 130 : 23040 202208 0 0 0 0 0 0 0 
_1.ptx 131 : 23040 0 0 0 0 0 0 0 0 
_1.ptx 132 : 23040 161280 0 0 0 0 0 0 0 
_1.ptx 133 : 23040 283776 0 0 0 0 0 0 0 
_1.ptx 134 : 23040 174400 0 0 0 0 0 0 0 
_1.ptx 135 : 23040 316608 0 0 0 0 0 0 0 
_1.ptx 136 : 23040 176128 0 0 0 0 0 0 0 
_1.ptx 137 : 23040 263008 0 0 0 0 0 0 0 
_1.ptx 138 : 23040 336320 0 0 0 0 0 0 0 
_1.ptx 139 : 23040 272320 0 0 0 0 0 0 0 
_1.ptx 140 : 23040 275488 0 0 0 0 0 0 0 
_1.ptx 144 : 50000 19891104 199936 0 0 1563 1563 0 0 
_1.ptx 146 : 50000 1007856 0 0 0 0 0 0 0 
_1.ptx 148 : 50000 1008800 0 0 0 0 0 0 0 
_1.ptx 150 : 50000 20587584 199936 0 0 1563 1563 0 0 
_1.ptx 152 : 50000 1011904 0 0 0 0 0 0 0 
_1.ptx 154 : 50000 1012160 0 0 0 0 0 0 0 
_1.ptx 156 : 50000 19450496 199936 0 0 1563 1563 0 0 
_1.ptx 158 : 50000 1020448 0 0 0 0 0 0 0 
_1.ptx 160 : 50000 1022672 0 0 0 0 0 0 0 
_1.ptx 161 : 50000 586224 0 0 0 0 0 0 0 
_1.ptx 162 : 50000 579936 0 0 0 0 0 0 0 
_1.ptx 163 : 50000 586128 0 0 0 0 0 0 0 
_1.ptx 164 : 50000 587536 0 0 0 0 0 0 0 
_1.ptx 165 : 50000 446784 0 0 0 0 0 0 0 
_1.ptx 166 : 50000 179008 0 0 0 0 0 0 1 
_1.ptx 168 : 23040 166432 0 0 0 0 0 0 0 
_1.ptx 169 : 23040 164544 0 0 0 0 0 0 0 
_1.ptx 170 : 23040 165792 0 0 0 0 0 0 0 
_1.ptx 171 : 23040 162368 0 0 0 0 0 0 0 
_1.ptx 172 : 23040 164096 0 0 0 0 0 0 0 
_1.ptx 173 : 23040 162464 0 0 0 0 0 0 0 
_1.ptx 175 : 23040 183296 0 0 0 0 0 0 0 
_1.ptx 176 : 23040 237696 0 0 0 0 0 0 0 
_1.ptx 177 : 23040 266208 0 0 0 0 0 0 0 
_1.ptx 178 : 23040 195424 0 720 720 0 0 0 0 
_1.ptx 180 : 23040 267808 0 0 0 0 0 0 0 
_1.ptx 181 : 23040 166496 0 720 720 0 0 0 0 
_1.ptx 183 : 23040 265344 0 0 0 0 0 0 0 
_1.ptx 184 : 23040 130784 0 720 720 0 0 0 0 
_1.ptx 186 : 23040 262784 0 0 0 0 0 0 0 
_1.ptx 187 : 23040 125376 0 720 720 0 0 0 0 
_1.ptx 189 : 23040 264032 0 0 0 0 0 0 0 
_1.ptx 190 : 23040 125376 0 720 720 0 0 0 0 
_1.ptx 192 : 23040 263616 0 0 0 0 0 0 0 
_1.ptx 193 : 23040 123584 0 720 720 0 0 0 0 
_1.ptx 194 : 23040 157888 0 0 0 0 0 0 0 
_1.ptx 198 : 207360 1349248 0 0 0 0 0 0 0 
_1.ptx 199 : 207360 1722112 0 0 0 0 0 0 0 
_1.ptx 200 : 207360 1193841 0 0 0 0 0 0 225 
_1.ptx 202 : 22995 261052 0 0 0 0 0 0 0 
_1.ptx 203 : 22995 174930 0 0 0 0 0 0 0 
_1.ptx 204 : 22995 241661 0 0 0 0 0 0 0 
_1.ptx 205 : 22995 259738 0 0 0 0 0 0 0 
_1.ptx 206 : 22995 193848 0 900 900 0 0 0 0 
_1.ptx 207 : 22995 468817 0 0 0 0 0 0 0 
_1.ptx 208 : 22995 119957 0 900 900 0 0 0 0 
_1.ptx 210 : 22995 260595 0 0 0 0 0 0 0 
_1.ptx 211 : 22995 193603 0 900 900 0 0 0 0 
_1.ptx 212 : 22995 468049 0 0 0 0 0 0 0 
_1.ptx 213 : 22995 120688 0 900 900 0 0 0 0 
_1.ptx 215 : 22995 260788 0 0 0 0 0 0 0 
_1.ptx 216 : 22995 192746 0 900 900 0 0 0 0 
_1.ptx 217 : 22995 468215 0 0 0 0 0 0 0 
_1.ptx 218 : 22995 120126 0 900 900 0 0 0 0 
_1.ptx 220 : 22995 262139 0 0 0 0 0 0 0 
_1.ptx 221 : 22995 193709 0 900 900 0 0 0 0 
_1.ptx 222 : 22995 466894 0 0 0 0 0 0 0 
_1.ptx 223 : 22995 120495 0 900 900 0 0 0 0 
_1.ptx 225 : 22995 259476 0 0 0 0 0 0 0 
_1.ptx 226 : 22995 193869 0 900 900 0 0 0 0 
_1.ptx 227 : 22995 466881 0 0 0 0 0 0 0 
_1.ptx 228 : 22995 119632 0 900 900 0 0 0 0 
_1.ptx 230 : 22995 260118 0 0 0 0 0 0 0 
_1.ptx 231 : 22995 193359 0 900 900 0 0 0 0 
_1.ptx 232 : 22995 466067 0 0 0 0 0 0 0 
_1.ptx 233 : 22995 119848 0 900 900 0 0 0 0 
_1.ptx 236 : 207360 1570592 0 0 0 0 0 0 0 
_1.ptx 237 : 207360 1402368 0 0 0 0 0 0 0 
_1.ptx 238 : 207360 1723968 0 0 0 0 0 0 0 
_1.ptx 239 : 207360 2350400 0 0 0 0 0 0 0 
_1.ptx 240 : 207360 1586112 0 0 0 0 0 0 0 
_1.ptx 241 : 207360 1424096 0 0 0 0 0 0 0 
_1.ptx 242 : 207360 1732608 0 0 0 0 0 0 0 
_1.ptx 243 : 207360 1212736 0 0 0 0 0 0 0 
_1.ptx 244 : 23040 148640 0 0 0 0 0 0 0 
_1.ptx 245 : 23040 189824 0 0 0 0 0 0 0 
_1.ptx 246 : 23040 143277 0 0 0 0 0 0 45 
_1.ptx 248 : 45 278 0 0 0 0 0 0 0 
_1.ptx 249 : 45 322 0 0 0 0 0 0 0 
_1.ptx 250 : 45 455 0 0 0 0 0 0 0 
_1.ptx 251 : 45 2286 0 0 0 0 0 0 0 
_1.ptx 252 : 45 496 0 0 0 0 0 0 0 
_1.ptx 253 : 45 236 160 0 0 45 45 0 0 
_1.ptx 255 : 45 140 0 0 0 0 0 0 0 
_1.ptx 256 : 45 497 0 0 0 0 0 0 0 
_1.ptx 257 : 45 251 160 0 0 45 45 0 0 
_1.ptx 259 : 45 143 0 0 0 0 0 0 0 
_1.ptx 260 : 45 495 0 0 0 0 0 0 0 
_1.ptx 261 : 45 233 128 0 0 45 45 0 0 
_1.ptx 263 : 45 145 0 0 0 0 0 0 0 
_1.ptx 264 : 45 495 0 0 0 0 0 0 0 
_1.ptx 265 : 45 248 128 0 0 45 45 0 0 
_1.ptx 267 : 45 136 0 0 0 0 0 0 0 
_1.ptx 268 : 45 497 0 0 0 0 0 0 0 
_1.ptx 269 : 45 235 64 0 0 45 45 0 0 
_1.ptx 271 : 45 149 0 0 0 0 0 0 0 
_1.ptx 272 : 45 497 0 0 0 0 0 0 0 
_1.ptx 273 : 45 255 160 0 0 45 45 0 0 
_1.ptx 275 : 45 145 0 0 0 0 0 0 0 
_1.ptx 277 : 45 273 0 0 0 0 0 0 0 
_1.ptx 278 : 45 453 0 0 0 0 0 0 0 
_1.ptx 279 : 45 275 0 0 0 0 0 0 0 
_1.ptx 280 : 45 6596 0 0 0 45 45 0 0 
_1.ptx 281 : 45 321 0 0 0 0 0 0 0 
_1.ptx 282 : 45 364 0 0 0 0 0 0 0 
_1.ptx 283 : 45 268 0 0 0 0 0 0 0 
_1.ptx 284 : 1 6 0 0 0 0 0 0 0 
_1.ptx 285 : 1 8 0 0 0 0 0 0 0 
_1.ptx 286 : 1 0 0 0 0 0 0 0 0 
_1.ptx 287 : 1 7 0 0 0 0 0 0 0 
_1.ptx 288 : 1 7 0 0 0 0 0 0 0 
_1.ptx 289 : 1 7 0 0 0 0 0 0 0 
_1.ptx 290 : 1 7 0 0 0 0 0 0 0 
_1.ptx 291 : 1 7 0 0 0 0 0 0 0 
_1.ptx 292 : 1 7 0 0 0 0 0 0 0 
_1.ptx 293 : 1 7 0 0 0 0 0 0 0 
_1.ptx 294 : 1 6 0 0 0 0 0 0 0 
_1.ptx 295 : 1 7 0 0 0 0 0 0 0 
_1.ptx 299 : 45 470 0 0 0 45 45 0 0 
_1.ptx 300 : 45 900 0 0 0 0 0 0 0 
_1.ptx 302 : 45 470 0 0 0 45 45 0 0 
_1.ptx 303 : 45 900 0 0 0 0 0 0 0 
_1.ptx 305 : 45 470 0 0 0 45 45 0 0 
_1.ptx 306 : 45 900 0 0 0 0 0 0 0 
_1.ptx 308 : 45 470 0 0 0 45 45 0 0 
_1.ptx 309 : 45 900 0 0 0 0 0 0 0 
_1.ptx 311 : 45 470 0 0 0 45 45 0 0 
_1.ptx 312 : 45 900 0 0 0 0 0 0 0 
_1.ptx 314 : 45 470 0 0 0 45 45 0 0 
_1.ptx 315 : 45 900 0 0 0 0 0 0 0 
_1.ptx 316 : 45 450 0 0 0 0 0 0 0 
_1.ptx 317 : 45 450 0 0 0 0 0 0 0 
_1.ptx 318 : 45 450 0 0 0 0 0 0 0 
_1.ptx 319 : 45 493 0 0 0 0 0 0 0 
_1.ptx 320 : 45 450 0 0 0 0 0 0 0 
_1.ptx 321 : 45 450 0 0 0 0 0 0 0 
_1.ptx 322 : 45 450 0 0 0 0 0 0 0 
_1.ptx 323 : 45 360 0 0 0 0 0 0 0 
_1.ptx 324 : 45 264 0 0 0 0 0 0 0 
_1.ptx 327 : 1 11 0 0 0 0 0 0 0 
_1.ptx 328 : 1 11 0 0 0 0 0 0 0 
_1.ptx 329 : 1 20 0 0 0 0 0 0 0 
_1.ptx 330 : 1 11 0 0 0 0 0 0 0 
_1.ptx 331 : 1 20 0 0 0 0 0 0 0 
_1.ptx 332 : 1 6 0 0 0 0 0 0 0 
_1.ptx 333 : 1 11 0 0 0 0 0 0 0 
_1.ptx 334 : 1 5 0 0 0 1 1 0 0 
_1.ptx 336 : 1 3 0 0 0 0 0 0 0 
_1.ptx 337 : 1 4 0 0 0 1 1 0 0 
_1.ptx 339 : 1 7 0 0 0 0 0 0 0 
_1.ptx 340 : 1 10 0 0 0 0 0 0 0 
_1.ptx 341 : 1 6 0 0 0 0 0 0 0 
_1.ptx 342 : 1 3 0 0 0 0 0 0 0 
_1.ptx 343 : 1 11 0 0 0 0 0 0 0 
_1.ptx 344 : 1 5 32 0 0 1 1 0 0 
_1.ptx 346 : 1 6 0 0 0 0 0 0 0 
_1.ptx 347 : 1 3 0 0 0 0 0 0 0 
_1.ptx 348 : 1 11 0 0 0 0 0 0 0 
_1.ptx 349 : 1 5 32 0 0 1 1 0 0 
_1.ptx 351 : 1 11 0 0 0 0 0 0 0 
_1.ptx 352 : 1 6 0 0 0 0 0 0 0 
_1.ptx 353 : 1 11 0 0 0 0 0 0 0 
_1.ptx 354 : 1 11 0 0 0 0 0 0 0 
_1.ptx 355 : 1 5 32 0 0 1 1 0 0 
_1.ptx 357 : 1 11 0 0 0 0 0 0 0 
_1.ptx 358 : 1 6 0 0 0 0 0 0 0 
_1.ptx 359 : 1 11 0 0 0 0 0 0 0 
_1.ptx 360 : 1 11 0 0 0 0 0 0 0 
_1.ptx 361 : 1 5 32 0 0 1 1 0 0 
_1.ptx 363 : 1 11 0 0 0 0 0 0 0 
_1.ptx 364 : 1 6 0 0 0 0 0 0 0 
_1.ptx 365 : 1 11 0 0 0 0 0 0 0 
_1.ptx 366 : 1 11 0 0 0 0 0 0 0 
_1.ptx 367 : 1 6 32 0 0 1 1 0 0 
_1.ptx 369 : 1 3 0 0 0 0 0 0 0 
_1.ptx 370 : 1 10 0 0 0 0 0 0 0 
_1.ptx 371 : 1 7 0 0 0 0 0 0 0 
_1.ptx 372 : 1 10 0 0 0 0 0 0 0 
_1.ptx 373 : 1 11 0 0 0 0 0 0 0 
_1.ptx 374 : 1 6 0 0 0 0 0 0 0 
_1.ptx 375 : 1 5 32 0 0 1 1 0 0 
_1.ptx 376 : 1 6 0 0 0 0 0 0 0 
_1.ptx 377 : 1 5 32 0 0 1 1 0 0 
_1.ptx 378 : 1 6 0 0 0 0 0 0 0 
_1.ptx 379 : 1 5 32 0 0 1 1 0 0 
_1.ptx 380 : 1 6 0 0 0 0 0 0 0 
_1.ptx 381 : 1 5 32 0 0 1 1 0 0 
_1.ptx 382 : 1 6 0 0 0 0 0 0 0 
_1.ptx 383 : 1 5 0 0 0 1 1 0 0 
_1.ptx 384 : 1 6 0 0 0 0 0 0 0 
_1.ptx 385 : 1 5 0 0 0 1 1 0 0 
_1.ptx 386 : 1 6 0 0 0 0 0 0 0 
_1.ptx 387 : 1 5 0 0 0 1 1 0 0 
_1.ptx 388 : 1 6 0 0 0 0 0 0 0 
_1.ptx 389 : 1 5 0 0 0 1 1 0 0 
_1.ptx 391 : 1 148 0 0 0 1 1 0 0 
_1.ptx 392 : 1 10 0 0 0 0 0 0 0 
_1.ptx 393 : 1 4 0 0 0 1 1 0 0 
_1.ptx 397 : 23040 144576 0 0 0 0 0 0 0 
