kernel line : count latency dram_traffic smem_bk_conflicts smem_warp gmem_access_generated gmem_warp exposed_latency warp_divergence
_1.ptx 200 : 61440 427040 0 0 0 0 0 0 0 
_1.ptx 68 : 61440 419680 0 0 0 0 0 0 0 
_1.ptx 69 : 61440 426144 0 0 0 0 0 0 0 
_1.ptx 70 : 61440 1600352 0 0 0 0 0 0 0 
_1.ptx 71 : 61440 403136 0 0 0 0 0 0 0 
_1.ptx 72 : 61440 702624 0 0 0 0 0 0 0 
_1.ptx 73 : 61440 473536 0 0 0 0 0 0 0 
_1.ptx 74 : 61440 2708608 128 0 0 0 0 0 0 
_1.ptx 75 : 61440 522336 0 0 0 0 0 0 0 
_1.ptx 76 : 61440 0 0 0 0 0 0 0 0 
_1.ptx 77 : 61440 422016 0 0 0 0 0 0 0 
_1.ptx 78 : 61440 413152 0 0 0 0 0 0 0 
_1.ptx 79 : 61440 724288 0 0 0 0 0 0 0 
_1.ptx 80 : 61440 428800 0 0 0 0 0 0 0 
_1.ptx 81 : 61440 1685536 0 0 0 0 0 0 0 
_1.ptx 82 : 61440 471968 0 0 0 0 0 0 0 
_1.ptx 83 : 61440 1652640 0 0 0 0 0 0 0 
_1.ptx 84 : 61440 476000 0 0 0 0 0 0 0 
_1.ptx 85 : 61440 548704 0 0 0 0 0 0 0 
_1.ptx 86 : 61440 577536 0 0 0 0 0 0 0 
_1.ptx 87 : 61440 308512 0 0 0 0 0 0 0 
_1.ptx 88 : 61440 700544 0 0 0 0 0 0 0 
_1.ptx 89 : 61440 1460896 0 0 0 0 0 0 0 
_1.ptx 90 : 61440 359136 0 0 0 0 0 0 0 
_1.ptx 91 : 61440 703904 0 0 0 0 0 0 0 
_1.ptx 92 : 61440 270784 0 0 0 0 0 0 0 
_1.ptx 93 : 61440 706048 0 0 0 0 0 0 0 
_1.ptx 94 : 61440 292672 0 0 0 0 0 0 0 
_1.ptx 95 : 61440 702368 0 0 0 0 0 0 0 
_1.ptx 96 : 61440 283712 0 0 0 0 0 0 0 
_1.ptx 97 : 61440 703328 0 0 0 0 0 0 0 
_1.ptx 101 : 2000000 1120316448 8000000 0 0 62500 62500 0 0 
_1.ptx 102 : 2000000 1101903392 8000000 0 0 62500 62500 0 0 
_1.ptx 103 : 2000000 1124846688 8000000 0 0 62500 62500 0 0 
_1.ptx 104 : 2000000 23251904 0 0 0 0 0 0 0 
_1.ptx 105 : 2000000 133766688 0 0 0 0 0 0 0 
_1.ptx 106 : 2000000 60070976 0 0 0 0 0 0 0 
_1.ptx 107 : 2000000 15358304 0 0 0 0 0 0 0 
_1.ptx 108 : 2000000 60807104 0 0 0 0 0 0 0 
_1.ptx 109 : 2000000 23314560 0 0 0 0 0 0 0 
_1.ptx 110 : 2000000 13119040 0 0 0 0 0 0 0 
_1.ptx 111 : 2000000 23545888 0 0 0 0 0 0 0 
_1.ptx 112 : 2000000 13454816 0 0 0 0 0 0 0 
_1.ptx 113 : 2000000 23164352 0 0 0 0 0 0 0 
_1.ptx 114 : 2000000 60316800 0 0 0 0 0 0 0 
_1.ptx 115 : 2000000 18768064 0 0 0 0 0 0 0 
_1.ptx 116 : 2000000 23107168 0 0 0 0 0 0 0 
_1.ptx 117 : 2000000 121383040 0 0 0 0 0 0 0 
_1.ptx 118 : 2000000 22908960 0 0 0 0 0 0 0 
_1.ptx 119 : 2000000 23013280 0 0 0 0 0 0 0 
_1.ptx 120 : 2000000 13244928 0 0 0 0 0 0 0 
_1.ptx 121 : 2000000 17234912 0 0 0 0 0 0 0 
_1.ptx 122 : 2000000 13560864 0 0 0 0 0 0 0 
_1.ptx 123 : 2000000 23080160 0 0 0 0 0 0 0 
_1.ptx 124 : 2000000 16745984 0 0 0 0 0 0 0 
_1.ptx 125 : 2000000 14300064 0 0 0 0 0 0 0 
_1.ptx 126 : 2000000 17131936 0 0 0 0 0 0 0 
_1.ptx 127 : 2000000 13892096 0 0 0 0 0 0 0 
_1.ptx 128 : 2000000 22981952 0 0 0 0 0 0 0 
_1.ptx 129 : 2000000 15724544 0 0 0 0 0 0 0 
_1.ptx 130 : 2000000 23553024 0 0 0 0 0 0 0 
_1.ptx 131 : 2000000 14361984 0 0 0 0 0 0 0 
_1.ptx 132 : 2000000 14700576 0 0 0 0 0 0 0 
_1.ptx 133 : 2000000 19122112 0 0 0 0 0 0 0 
_1.ptx 134 : 2000000 23917088 0 0 0 0 0 0 0 
_1.ptx 135 : 2000000 14573632 0 0 0 0 0 0 0 
_1.ptx 136 : 2000000 14953664 0 0 0 0 0 0 0 
_1.ptx 137 : 2000000 18803200 0 0 0 0 0 0 0 
_1.ptx 138 : 2000000 13204512 0 0 0 0 0 0 0 
_1.ptx 139 : 2000000 23214496 0 0 0 0 0 0 0 
_1.ptx 140 : 2000000 60788128 0 0 0 0 0 0 0 
_1.ptx 141 : 2000000 13493344 0 0 0 0 0 0 0 
_1.ptx 142 : 2000000 23232864 0 0 0 0 0 0 0 
_1.ptx 143 : 2000000 77915168 0 0 0 0 0 0 0 
_1.ptx 144 : 2000000 74046432 0 0 0 0 0 0 0 
_1.ptx 145 : 2000000 13386656 0 0 0 0 0 0 0 
_1.ptx 146 : 2000000 13752320 0 0 0 0 0 0 0 
_1.ptx 147 : 2000000 18794144 0 0 0 0 0 0 0 
_1.ptx 148 : 2000000 85991744 0 0 0 0 0 0 0 
_1.ptx 149 : 2000000 13725280 0 0 0 0 0 0 0 
_1.ptx 150 : 2000000 13942272 0 0 0 0 0 0 0 
_1.ptx 151 : 2000000 18718880 0 0 0 0 0 0 0 
_1.ptx 152 : 2000000 13136544 0 0 0 0 0 0 0 
_1.ptx 153 : 2000000 23172352 0 0 0 0 0 0 0 
_1.ptx 154 : 2000000 13146048 0 0 0 0 0 0 0 
_1.ptx 155 : 2000000 18746176 0 0 0 0 0 0 0 
_1.ptx 156 : 2000000 13062816 0 0 0 0 0 0 0 
_1.ptx 157 : 2000000 23057120 0 0 0 0 0 0 0 
_1.ptx 158 : 2000000 13063840 0 0 0 0 0 0 0 
_1.ptx 159 : 2000000 18724384 0 0 0 0 0 0 0 
_1.ptx 160 : 2000000 13008384 0 0 0 0 0 0 0 
_1.ptx 161 : 2000000 18690176 0 0 0 0 0 0 0 
_1.ptx 162 : 2000000 13002080 0 0 0 0 0 0 0 
_1.ptx 163 : 2000000 18823296 0 0 0 0 0 0 0 
_1.ptx 164 : 2000000 13034336 0 0 0 0 0 0 0 
_1.ptx 165 : 2000000 18694624 0 0 0 0 0 0 0 
_1.ptx 166 : 2000000 13043328 0 0 0 0 0 0 0 
_1.ptx 167 : 2000000 18697952 0 0 0 0 0 0 0 
_1.ptx 168 : 2000000 23225152 0 0 0 0 0 0 0 
_1.ptx 169 : 2000000 22904064 0 0 0 0 0 0 0 
_1.ptx 170 : 2000000 23023008 0 0 0 0 0 0 0 
_1.ptx 171 : 2000000 23136928 0 0 0 0 0 0 0 
_1.ptx 172 : 2000000 13217824 0 0 0 0 0 0 0 
_1.ptx 173 : 2000000 22967008 0 0 0 0 0 0 0 
_1.ptx 174 : 2000000 13194624 0 0 0 0 0 0 0 
_1.ptx 175 : 2000000 22757984 0 0 0 0 0 0 0 
_1.ptx 176 : 2000000 18851360 0 0 0 0 0 0 0 
_1.ptx 177 : 2000000 18710912 0 0 0 0 0 0 0 
_1.ptx 178 : 2000000 22948320 0 0 0 0 0 0 0 
_1.ptx 179 : 2000000 23200288 0 0 0 0 0 0 0 
_1.ptx 180 : 2000000 22774208 0 0 0 0 0 0 0 
_1.ptx 181 : 2000000 16751488 8000000 0 0 62500 62500 0 0 
_1.ptx 182 : 2000000 13110528 0 0 0 0 0 0 0 
_1.ptx 183 : 2000000 22837312 0 0 0 0 0 0 0 
_1.ptx 184 : 2000000 23140096 0 0 0 0 0 0 0 
_1.ptx 185 : 2000000 13610656 0 0 0 0 0 0 0 
_1.ptx 186 : 2000000 22830912 0 0 0 0 0 0 0 
_1.ptx 187 : 2000000 22975456 0 0 0 0 0 0 0 
_1.ptx 188 : 2000000 22781568 0 0 0 0 0 0 0 
_1.ptx 189 : 2000000 18455136 8000000 0 0 62500 62500 0 0 
_1.ptx 190 : 2000000 22632192 0 0 0 0 0 0 0 
_1.ptx 191 : 2000000 22915488 0 0 0 0 0 0 0 
_1.ptx 192 : 2000000 23269440 0 0 0 0 0 0 0 
_1.ptx 193 : 2000000 23660416 0 0 0 0 0 0 0 
_1.ptx 194 : 2000000 24275680 0 0 0 0 0 0 0 
_1.ptx 195 : 2000000 24008928 0 0 0 0 0 0 0 
_1.ptx 196 : 2000000 18303840 0 0 0 0 0 0 0 
_1.ptx 197 : 2000000 13119200 0 0 0 0 0 0 0 
