kernel line : count latency dram_traffic smem_bk_conflicts smem_warp gmem_access_generated gmem_warp exposed_latency warp_divergence
_1.ptx 1636 : 32768 371360 0 0 0 0 0 0 0 
_1.ptx 1637 : 32768 369952 0 0 0 0 0 0 0 
_1.ptx 1638 : 32768 372768 0 0 0 0 0 0 0 
_1.ptx 1639 : 32768 370560 0 0 0 0 0 0 0 
_1.ptx 1641 : 32768 373696 0 0 0 0 0 0 0 
_1.ptx 1642 : 32768 315648 0 0 0 0 0 0 0 
_1.ptx 1643 : 32768 385888 0 0 0 0 0 0 0 
_1.ptx 1644 : 32768 373824 0 0 0 0 0 0 0 
_1.ptx 1645 : 32768 310208 0 0 0 0 0 0 0 
_1.ptx 1647 : 32768 379296 0 0 0 0 0 0 0 
_1.ptx 1648 : 32768 117440 0 0 0 0 0 0 0 
_1.ptx 1649 : 32768 370560 0 0 0 0 0 0 0 
_1.ptx 1650 : 32768 370016 0 0 0 0 0 0 0 
_1.ptx 1651 : 32768 190496 0 1024 1024 0 0 0 0 
_1.ptx 1653 : 32768 368352 0 0 0 0 0 0 0 
_1.ptx 1654 : 32768 368768 0 0 0 0 0 0 0 
_1.ptx 1655 : 32768 186112 0 1024 1024 0 0 0 0 
_1.ptx 1657 : 32768 368128 0 0 0 0 0 0 0 
_1.ptx 1658 : 32768 369824 0 0 0 0 0 0 0 
_1.ptx 1659 : 32768 368928 0 0 0 0 0 0 0 
_1.ptx 1660 : 32768 190624 0 1024 1024 0 0 0 0 
_1.ptx 1662 : 32768 368864 0 0 0 0 0 0 0 
_1.ptx 1663 : 32768 369248 0 0 0 0 0 0 0 
_1.ptx 1664 : 32768 193504 0 1024 1024 0 0 0 0 
_1.ptx 1666 : 32768 369472 0 0 0 0 0 0 0 
_1.ptx 1667 : 32768 369760 0 0 0 0 0 0 0 
_1.ptx 1668 : 32768 368832 0 0 0 0 0 0 0 
_1.ptx 1669 : 32768 193824 0 1024 1024 0 0 0 0 
_1.ptx 1671 : 32768 368384 0 0 0 0 0 0 0 
_1.ptx 1672 : 32768 370304 0 0 0 0 0 0 0 
_1.ptx 1673 : 32768 369856 0 0 0 0 0 0 0 
_1.ptx 1674 : 32768 191168 0 1024 1024 0 0 0 0 
_1.ptx 1676 : 32768 368224 0 0 0 0 0 0 0 
_1.ptx 1677 : 32768 373056 0 0 0 0 0 0 0 
_1.ptx 1678 : 32768 197248 0 1024 1024 0 0 0 0 
_1.ptx 1680 : 32768 368640 0 0 0 0 0 0 0 
_1.ptx 1681 : 32768 370496 0 0 0 0 0 0 0 
_1.ptx 1682 : 32768 193664 0 1024 1024 0 0 0 0 
_1.ptx 1684 : 32768 369504 0 0 0 0 0 0 0 
_1.ptx 1685 : 32768 352192 0 0 0 0 0 0 0 
_1.ptx 1686 : 32768 254656 0 0 0 0 0 0 0 
_1.ptx 1687 : 32768 374592 0 0 0 0 0 0 0 
_1.ptx 1688 : 32768 261568 0 0 0 0 0 0 0 
_1.ptx 1689 : 32768 372608 0 0 0 0 0 0 0 
_1.ptx 1690 : 32768 348992 0 0 0 0 0 0 0 
_1.ptx 1691 : 32768 370176 0 0 0 0 0 0 0 
_1.ptx 1692 : 32768 286816 0 1024 1024 0 0 0 0 
_1.ptx 1693 : 32768 285216 0 1024 1024 0 0 0 0 
_1.ptx 1694 : 32768 368768 0 0 0 0 0 0 0 
_1.ptx 1696 : 32768 292128 0 1024 1024 0 0 0 0 
_1.ptx 1697 : 32768 291104 0 1024 1024 0 0 0 0 
_1.ptx 1698 : 32768 371232 0 0 0 0 0 0 0 
_1.ptx 1699 : 32768 308352 0 0 0 0 0 0 0 
_1.ptx 1701 : 32768 291616 0 1024 1024 0 0 0 0 
_1.ptx 1702 : 32768 291872 0 1024 1024 0 0 0 0 
_1.ptx 1703 : 32768 292288 0 1024 1024 0 0 0 0 
_1.ptx 1704 : 32768 293600 0 1024 1024 0 0 0 0 
_1.ptx 1705 : 32768 371584 0 0 0 0 0 0 0 
_1.ptx 1706 : 32768 308768 0 0 0 0 0 0 0 
_1.ptx 1707 : 32768 308992 0 0 0 0 0 0 0 
_1.ptx 1708 : 32768 310240 0 0 0 0 0 0 0 
_1.ptx 1710 : 32768 378112 0 0 0 0 0 0 0 
_1.ptx 1711 : 32768 374752 0 0 0 0 0 0 0 
_1.ptx 1712 : 32768 368832 0 0 0 0 0 0 0 
_1.ptx 1713 : 32768 311392 0 0 0 0 0 0 0 
_1.ptx 1714 : 32768 381504 0 0 0 0 0 0 0 
_1.ptx 1715 : 32768 373088 0 0 0 0 0 0 0 
_1.ptx 1717 : 32768 375040 0 0 0 0 0 0 0 
_1.ptx 1719 : 32768 376768 0 0 0 0 0 0 0 
_1.ptx 1720 : 32768 381536 0 0 0 0 0 0 0 
_1.ptx 1721 : 32768 373760 0 0 0 0 0 0 0 
_1.ptx 1723 : 32768 376288 0 0 0 0 0 0 0 
_1.ptx 1724 : 32768 377824 0 0 0 0 0 0 0 
_1.ptx 1725 : 32768 372224 0 0 0 0 0 0 0 
_1.ptx 1726 : 32768 376288 0 0 0 0 0 0 0 
_1.ptx 1727 : 32768 371840 0 0 0 0 0 0 0 
_1.ptx 1728 : 32768 374336 0 0 0 0 0 0 0 
_1.ptx 1729 : 32768 371424 0 0 0 0 0 0 0 
_1.ptx 1731 : 32768 375328 0 0 0 0 0 0 0 
_1.ptx 1732 : 32768 309824 0 0 0 0 0 0 0 
_1.ptx 1733 : 32768 383872 0 0 0 0 0 0 0 
_1.ptx 1734 : 32768 371488 0 0 0 0 0 0 0 
_1.ptx 1735 : 32768 310272 0 0 0 0 0 0 0 
_1.ptx 1737 : 32768 379648 0 0 0 0 0 0 0 
_1.ptx 1738 : 32768 369920 0 0 0 0 0 0 0 
_1.ptx 1739 : 32768 369728 0 0 0 0 0 0 0 
_1.ptx 1740 : 32768 186624 0 1024 1024 0 0 0 0 
_1.ptx 1742 : 32768 368576 0 0 0 0 0 0 0 
_1.ptx 1743 : 32768 368640 0 0 0 0 0 0 0 
_1.ptx 1744 : 32768 186752 0 1024 1024 0 0 0 0 
_1.ptx 1746 : 32768 368896 0 0 0 0 0 0 0 
_1.ptx 1747 : 32768 368512 0 0 0 0 0 0 0 
_1.ptx 1748 : 32768 367904 0 0 0 0 0 0 0 
_1.ptx 1749 : 32768 188032 0 1024 1024 0 0 0 0 
_1.ptx 1751 : 32768 367904 0 0 0 0 0 0 0 
_1.ptx 1752 : 32768 367200 0 0 0 0 0 0 0 
_1.ptx 1753 : 32768 187360 0 1024 1024 0 0 0 0 
_1.ptx 1755 : 32768 367168 0 0 0 0 0 0 0 
_1.ptx 1756 : 32768 372672 0 0 0 0 0 0 0 
_1.ptx 1757 : 32768 368448 0 0 0 0 0 0 0 
_1.ptx 1758 : 32768 190656 0 1024 1024 0 0 0 0 
_1.ptx 1760 : 32768 367168 0 0 0 0 0 0 0 
_1.ptx 1761 : 32768 367840 0 0 0 0 0 0 0 
_1.ptx 1762 : 32768 366400 0 0 0 0 0 0 0 
_1.ptx 1763 : 32768 197440 0 1024 1024 0 0 0 0 
_1.ptx 1765 : 32768 367008 0 0 0 0 0 0 0 
_1.ptx 1766 : 32768 366912 0 0 0 0 0 0 0 
_1.ptx 1767 : 32768 201504 0 1024 1024 0 0 0 0 
_1.ptx 1769 : 32768 369056 0 0 0 0 0 0 0 
_1.ptx 1770 : 32768 366560 0 0 0 0 0 0 0 
_1.ptx 1771 : 32768 200000 0 1024 1024 0 0 0 0 
_1.ptx 1773 : 32768 205056 0 0 0 0 0 0 0 
_1.ptx 1774 : 32768 271744 0 0 0 0 0 0 0 
_1.ptx 1775 : 32768 242432 0 0 0 0 0 0 0 
_1.ptx 1776 : 32768 343776 0 0 0 0 0 0 0 
_1.ptx 1777 : 32768 366336 0 0 0 0 0 0 0 
_1.ptx 1779 : 32768 319648 0 1024 1024 0 0 0 0 
_1.ptx 1780 : 32768 275456 0 0 0 1024 1024 0 0 
_1.ptx 1782 : 32768 368512 0 0 0 0 0 0 0 
_1.ptx 1784 : 32768 362176 0 1024 1024 0 0 0 0 
_1.ptx 1785 : 32768 289760 0 0 0 1024 1024 0 0 
_1.ptx 1787 : 32768 366784 0 0 0 0 0 0 0 
_1.ptx 1789 : 32768 374112 0 1024 1024 0 0 0 0 
_1.ptx 1790 : 32768 299968 0 0 0 1024 1024 0 0 
_1.ptx 1792 : 32768 365952 0 0 0 0 0 0 0 
_1.ptx 1794 : 32768 395872 0 1024 1024 0 0 0 0 
_1.ptx 1795 : 32768 318944 0 0 0 1024 1024 0 0 
_1.ptx 1797 : 32768 366016 0 0 0 0 0 0 0 
_1.ptx 1799 : 32768 376768 0 1024 1024 0 0 0 0 
_1.ptx 1800 : 32768 300512 0 0 0 1024 1024 0 0 
_1.ptx 1802 : 32768 367104 0 0 0 0 0 0 0 
_1.ptx 1804 : 32768 402720 0 1024 1024 0 0 0 0 
_1.ptx 1805 : 32768 328960 0 0 0 1024 1024 0 0 
_1.ptx 1807 : 32768 365408 0 0 0 0 0 0 0 
_1.ptx 1809 : 32768 419136 0 1024 1024 0 0 0 0 
_1.ptx 1810 : 32768 334752 0 0 0 1024 1024 0 0 
_1.ptx 1812 : 32768 436608 0 1024 1024 0 0 0 0 
_1.ptx 1813 : 32768 364128 0 0 0 0 0 0 0 
_1.ptx 1814 : 32768 351360 0 0 0 1024 1024 0 0 
_1.ptx 1816 : 32768 201440 0 0 0 0 0 0 0 
_1.ptx 1525 : 32768 206880 0 0 0 0 0 0 0 
_1.ptx 1527 : 32768 209696 0 0 0 0 0 0 0 
_1.ptx 1528 : 32768 244768 0 0 0 0 0 0 0 
_1.ptx 1529 : 32768 215936 0 0 0 0 0 0 0 
_1.ptx 1530 : 32768 243936 0 0 0 0 0 0 0 
_1.ptx 1531 : 32768 213120 0 0 0 0 0 0 0 
_1.ptx 1532 : 32768 243872 0 0 0 0 0 0 0 
_1.ptx 1533 : 32768 213088 0 0 0 0 0 0 0 
_1.ptx 1534 : 32768 242496 0 0 0 0 0 0 0 
_1.ptx 1535 : 32768 368896 0 0 0 0 0 0 0 
_1.ptx 1536 : 32768 214208 0 0 0 0 0 0 0 
_1.ptx 1537 : 32768 272512 0 0 0 0 0 0 0 
_1.ptx 1538 : 32768 217920 0 0 0 0 0 0 0 
_1.ptx 1539 : 32768 368288 0 0 0 0 0 0 0 
_1.ptx 1540 : 32768 2034816 128 0 0 0 0 0 0 
_1.ptx 1541 : 32768 273440 0 0 0 0 0 0 0 
_1.ptx 1542 : 32768 367904 0 0 0 0 0 0 0 
_1.ptx 1543 : 32768 243168 0 0 0 0 0 0 0 
_1.ptx 1544 : 32768 349792 0 0 0 0 0 0 0 
_1.ptx 1545 : 32768 365376 0 0 0 0 0 0 0 
_1.ptx 1546 : 32768 125568 0 0 0 0 0 0 0 
_1.ptx 1547 : 32768 365728 0 0 0 0 0 0 0 
_1.ptx 1548 : 32768 366208 0 0 0 0 0 0 0 
_1.ptx 1549 : 32768 241376 0 0 0 0 0 0 0 
_1.ptx 1550 : 32768 345312 0 0 0 0 0 0 0 
_1.ptx 1551 : 32768 365984 0 0 0 0 0 0 0 
_1.ptx 1552 : 32768 10025728 131072 0 0 1024 1024 0 0 
_1.ptx 1553 : 32768 170592 0 1024 1024 0 0 0 0 
_1.ptx 1555 : 32768 232480 0 0 0 0 0 0 0 
_1.ptx 1556 : 32768 334240 0 0 0 0 0 0 0 
_1.ptx 1557 : 32768 362240 0 0 0 0 0 0 0 
_1.ptx 1558 : 32768 9361216 131072 0 0 1024 1024 0 0 
_1.ptx 1559 : 32768 169024 0 1024 1024 0 0 0 0 
_1.ptx 1561 : 32768 362048 0 0 0 0 0 0 0 
_1.ptx 1562 : 32768 9146880 131072 0 0 1024 1024 0 0 
_1.ptx 1563 : 32768 168544 0 1024 1024 0 0 0 0 
_1.ptx 1565 : 32768 362528 0 0 0 0 0 0 0 
_1.ptx 1567 : 32768 9129184 131072 0 0 1024 1024 0 0 
_1.ptx 1568 : 32768 170880 0 1024 1024 0 0 0 0 
_1.ptx 1570 : 32768 362016 0 0 0 0 0 0 0 
_1.ptx 1572 : 32768 9118784 131072 0 0 1024 1024 0 0 
_1.ptx 1573 : 32768 170592 0 1024 1024 0 0 0 0 
_1.ptx 1575 : 32768 362112 0 0 0 0 0 0 0 
_1.ptx 1577 : 32768 9649952 131072 0 0 1024 1024 0 0 
_1.ptx 1578 : 32768 181984 0 1024 1024 0 0 0 0 
_1.ptx 1580 : 32768 362080 0 0 0 0 0 0 0 
_1.ptx 1582 : 32768 9211424 131072 0 0 1024 1024 0 0 
_1.ptx 1583 : 32768 173952 0 1024 1024 0 0 0 0 
_1.ptx 1585 : 32768 362112 0 0 0 0 0 0 0 
_1.ptx 1587 : 32768 9164928 131072 0 0 1024 1024 0 0 
_1.ptx 1588 : 32768 181408 0 1024 1024 0 0 0 0 
_1.ptx 1590 : 32768 239648 0 0 0 0 0 0 0 
_1.ptx 1591 : 32768 338592 0 0 0 0 0 0 0 
_1.ptx 1592 : 32768 240352 0 0 0 0 0 0 0 
_1.ptx 1593 : 32768 365728 0 0 0 0 0 0 0 
_1.ptx 1594 : 32768 339488 0 0 0 0 0 0 0 
_1.ptx 1595 : 32768 366304 0 0 0 0 0 0 0 
_1.ptx 1596 : 32768 290592 0 1024 1024 0 0 0 0 
_1.ptx 1597 : 32768 291648 0 1024 1024 0 0 0 0 
_1.ptx 1598 : 32768 366080 0 0 0 0 0 0 0 
_1.ptx 1600 : 32768 294368 0 1024 1024 0 0 0 0 
_1.ptx 1601 : 32768 287072 0 1024 1024 0 0 0 0 
_1.ptx 1602 : 32768 1576000 128 0 0 0 0 0 0 
_1.ptx 1603 : 32768 1573216 0 0 0 0 0 0 0 
_1.ptx 1604 : 32768 367904 0 0 0 0 0 0 0 
_1.ptx 1605 : 32768 302176 0 0 0 0 0 0 0 
_1.ptx 1607 : 32768 302976 0 1024 1024 0 0 0 0 
_1.ptx 1608 : 32768 296992 0 1024 1024 0 0 0 0 
_1.ptx 1609 : 32768 286560 0 1024 1024 0 0 0 0 
_1.ptx 1610 : 32768 285888 0 1024 1024 0 0 0 0 
_1.ptx 1611 : 32768 121184 0 0 0 0 0 0 0 
_1.ptx 1612 : 32768 122272 0 0 0 0 0 0 0 
_1.ptx 1613 : 32768 120384 0 0 0 0 0 0 0 
_1.ptx 1614 : 32768 120768 0 0 0 0 0 0 0 
_1.ptx 1615 : 32768 366720 0 0 0 0 0 0 0 
_1.ptx 1616 : 32768 304256 0 0 0 0 0 0 0 
_1.ptx 1617 : 32768 305984 0 0 0 0 0 0 0 
_1.ptx 1618 : 32768 311168 0 0 0 0 0 0 0 
_1.ptx 1620 : 32768 377248 0 0 0 0 0 0 0 
_1.ptx 1621 : 32768 377216 0 0 0 0 0 0 0 
_1.ptx 1622 : 32768 371904 0 0 0 0 0 0 0 
_1.ptx 1623 : 32768 308768 0 0 0 0 0 0 0 
_1.ptx 1624 : 32768 378240 0 0 0 0 0 0 0 
_1.ptx 1625 : 32768 373120 0 0 0 0 0 0 0 
_1.ptx 1627 : 32768 374208 0 0 0 0 0 0 0 
_1.ptx 1629 : 32768 379488 0 0 0 0 0 0 0 
_1.ptx 1630 : 32768 376928 0 0 0 0 0 0 0 
_1.ptx 1631 : 32768 370496 0 0 0 0 0 0 0 
_1.ptx 1633 : 32768 372928 0 0 0 0 0 0 0 
_1.ptx 1634 : 32768 374112 0 0 0 0 0 0 0 
_1.ptx 1635 : 32768 367936 0 0 0 0 0 0 0 
