kernel line : count latency dram_traffic smem_bk_conflicts smem_warp gmem_access_generated gmem_warp exposed_latency warp_divergence
_1.ptx 823 : 509868 2792355 0 0 0 0 0 0 1125 
_1.ptx 825 : 74702 554035 0 0 0 0 0 0 0 
_1.ptx 827 : 74702 565228 0 0 0 0 0 0 0 
_1.ptx 829 : 509868 5296795 0 0 0 0 0 0 0 
_1.ptx 830 : 509868 5389215 0 0 0 0 0 0 0 
_1.ptx 831 : 509868 3606399 0 0 0 0 0 0 0 
_1.ptx 832 : 509868 4259082 0 0 0 0 0 0 0 
_1.ptx 833 : 509868 2411506 0 0 0 0 0 0 0 
_1.ptx 834 : 127467 809993 0 0 0 0 0 0 0 
_1.ptx 835 : 127467 1047118 0 0 0 0 0 0 0 
_1.ptx 836 : 127467 939929 0 0 0 0 0 0 0 
_1.ptx 837 : 127467 800855 0 0 0 0 0 0 0 
_1.ptx 838 : 127467 1047418 0 0 0 0 0 0 0 
_1.ptx 839 : 127467 934272 0 0 0 0 0 0 0 
_1.ptx 840 : 127467 1049729 0 0 0 0 0 0 0 
_1.ptx 841 : 127467 800920 0 0 0 0 0 0 0 
_1.ptx 842 : 127467 1040956 0 0 0 0 0 0 0 
_1.ptx 843 : 127467 396609 0 0 0 0 0 0 631 
_1.ptx 845 : 62282 643730 0 0 0 0 0 0 0 
_1.ptx 847 : 62282 475093 0 0 0 0 0 0 0 
_1.ptx 848 : 62282 447732 0 0 0 0 0 0 0 
_1.ptx 849 : 62282 713122 0 0 0 0 0 0 0 
_1.ptx 850 : 62282 689426 0 0 0 0 0 0 0 
_1.ptx 851 : 62282 272025 0 0 0 2349 2349 0 0 
_1.ptx 852 : 62282 274839 0 0 0 2349 2349 0 0 
_1.ptx 853 : 62282 274939 0 0 0 2544 2349 0 0 
_1.ptx 854 : 62282 279632 0 0 0 2544 2349 0 0 
_1.ptx 855 : 62282 278964 0 0 0 2544 2349 0 0 
_1.ptx 856 : 62282 285556 0 0 0 2544 2349 0 0 
_1.ptx 857 : 62282 277387 0 0 0 2544 2349 0 0 
_1.ptx 859 : 62282 689813 0 0 0 0 0 0 0 
_1.ptx 860 : 62282 690844 0 0 0 0 0 0 0 
_1.ptx 861 : 62282 689341 0 0 0 0 0 0 0 
_1.ptx 862 : 62282 694073 0 0 0 0 0 0 0 
_1.ptx 863 : 62282 697573 0 0 0 0 0 0 0 
_1.ptx 864 : 62282 693272 0 0 0 0 0 0 0 
_1.ptx 865 : 62282 297909 0 0 0 2544 2349 0 0 
_1.ptx 866 : 62282 396444 0 0 0 0 0 0 0 
_1.ptx 867 : 62282 507262 0 0 0 0 0 0 0 
_1.ptx 868 : 62282 117015 0 0 0 0 0 0 305 
_1.ptx 870 : 43133 267091 0 0 0 0 0 0 0 
_1.ptx 871 : 43133 267948 0 0 0 0 0 0 0 
_1.ptx 872 : 43133 268971 0 0 0 0 0 0 0 
_1.ptx 873 : 43133 268693 0 0 0 0 0 0 0 
_1.ptx 875 : 19149 61524 0 0 0 0 0 0 0 
_1.ptx 876 : 19149 214519 0 0 0 0 0 0 0 
_1.ptx 877 : 19149 213768 0 0 0 0 0 0 0 
_1.ptx 878 : 19149 216130 0 0 0 0 0 0 0 
_1.ptx 879 : 19149 215335 0 0 0 0 0 0 0 
_1.ptx 880 : 19149 219363 0 0 0 0 0 0 0 
_1.ptx 881 : 19149 177822 0 0 0 0 0 0 0 
_1.ptx 882 : 19149 176360 0 0 0 0 0 0 0 
_1.ptx 883 : 19149 480713 0 0 0 0 0 0 0 
_1.ptx 884 : 19149 214581 0 0 0 0 0 0 0 
_1.ptx 885 : 19149 213891 0 0 0 0 0 0 0 
_1.ptx 886 : 19149 214813 0 0 0 0 0 0 0 
_1.ptx 888 : 62282 705108 0 0 0 0 0 0 0 
_1.ptx 889 : 62282 702786 0 0 0 0 0 0 0 
_1.ptx 890 : 62282 718852 0 0 0 0 0 0 0 
_1.ptx 891 : 62282 716497 0 0 0 0 0 0 0 
_1.ptx 892 : 62282 573657 0 0 0 0 0 0 0 
_1.ptx 893 : 62282 573009 0 0 0 0 0 0 0 
_1.ptx 894 : 62282 1472974 0 0 0 0 0 0 0 
_1.ptx 895 : 62282 693644 0 0 0 0 0 0 0 
_1.ptx 896 : 62282 693665 0 0 0 0 0 0 0 
_1.ptx 897 : 62282 698519 0 0 0 0 0 0 0 
_1.ptx 898 : 62282 687969 0 0 0 0 0 0 0 
_1.ptx 899 : 62282 566568 0 0 0 0 0 0 0 
_1.ptx 900 : 62282 576726 0 0 0 0 0 0 0 
_1.ptx 901 : 62282 387027 0 0 0 0 0 0 0 
_1.ptx 902 : 62282 510293 0 0 0 0 0 0 0 
_1.ptx 903 : 62282 385702 0 0 0 0 0 0 0 
_1.ptx 910 : 62282 449090 0 0 0 0 0 0 0 
_1.ptx 911 : 62282 455477 0 0 0 0 0 0 0 
_1.ptx 912 : 62282 463395 0 0 0 0 0 0 0 
_1.ptx 915 : 62282 411872 0 0 0 0 0 0 0 
_1.ptx 916 : 62282 702180 0 0 0 0 0 0 0 
_1.ptx 917 : 62282 459610 0 0 0 0 0 0 0 
_1.ptx 918 : 62282 762759 0 0 0 0 0 0 0 
_1.ptx 919 : 62282 688002 0 0 0 0 0 0 0 
_1.ptx 920 : 62282 326671 5536 0 0 0 0 0 0 
_1.ptx 921 : 62282 376505 0 0 0 0 0 0 0 
_1.ptx 922 : 62282 689147 0 0 0 0 0 0 0 
_1.ptx 923 : 62282 343084 3616 0 0 0 0 0 0 
_1.ptx 924 : 62282 377256 0 0 0 0 0 0 0 
_1.ptx 925 : 62282 688959 0 0 0 0 0 0 0 
_1.ptx 926 : 62282 576680 3104 0 0 0 0 0 0 
_1.ptx 927 : 62282 376783 0 0 0 0 0 0 0 
_1.ptx 928 : 62282 690315 0 0 0 0 0 0 0 
_1.ptx 929 : 62282 683258 4704 0 0 0 0 0 0 
_1.ptx 931 : 62282 377109 0 0 0 0 0 0 0 
_1.ptx 932 : 62282 694459 0 0 0 0 0 0 0 
_1.ptx 933 : 62282 385562 0 0 0 0 0 0 0 
_1.ptx 934 : 62282 690295 0 0 0 0 0 0 0 
_1.ptx 935 : 62282 377764 0 0 0 0 0 0 0 
_1.ptx 936 : 62282 694047 0 0 0 0 0 0 0 
_1.ptx 937 : 62282 705024 0 0 0 0 0 0 0 
_1.ptx 938 : 62282 567729 0 0 0 0 0 0 0 
_1.ptx 939 : 62282 569578 0 0 0 0 0 0 0 
_1.ptx 940 : 62282 1779663 0 0 0 0 0 0 0 
_1.ptx 941 : 62282 703595 0 0 0 0 0 0 0 
_1.ptx 942 : 62282 708406 0 0 0 0 0 0 0 
_1.ptx 943 : 62282 704124 0 0 0 0 0 0 0 
_1.ptx 944 : 62282 697195 0 0 0 0 0 0 0 
_1.ptx 945 : 62282 577166 0 0 0 0 0 0 0 
_1.ptx 946 : 62282 573796 0 0 0 0 0 0 0 
_1.ptx 947 : 62282 392287 0 0 0 0 0 0 0 
_1.ptx 948 : 62282 512366 0 0 0 0 0 0 0 
_1.ptx 949 : 62282 34362 0 0 0 0 0 0 318 
_1.ptx 951 : 56815 409373 0 0 0 0 0 0 0 
_1.ptx 952 : 56815 343889 0 0 0 0 0 0 0 
_1.ptx 955 : 220903 974938 256 0 0 8579 8579 0 0 
_1.ptx 956 : 220903 989383 0 0 0 8579 8579 0 0 
_1.ptx 957 : 220903 975394 0 0 0 8579 8579 0 0 
_1.ptx 958 : 220903 965226 0 0 0 8579 8579 0 0 
_1.ptx 959 : 220903 1354709 0 0 0 0 0 0 0 
_1.ptx 960 : 220903 1804933 0 0 0 0 0 0 0 
_1.ptx 961 : 220903 1031395 0 0 0 0 0 0 0 
_1.ptx 963 : 56815 414421 0 0 0 0 0 0 0 
_1.ptx 964 : 56815 355642 0 0 0 0 0 0 0 
_1.ptx 965 : 56815 464950 0 0 0 0 0 0 0 
_1.ptx 966 : 56815 349333 0 0 0 0 0 0 0 
_1.ptx 971 : 56815 347697 0 0 0 0 0 0 0 
_1.ptx 972 : 56815 517096 0 0 0 0 0 0 0 
_1.ptx 973 : 56815 627289 0 0 0 0 0 0 0 
_1.ptx 974 : 56815 2933200 0 0 0 0 0 0 0 
_1.ptx 976 : 56815 343220 0 0 0 0 0 0 0 
_1.ptx 977 : 56815 344846 0 0 0 0 0 0 0 
_1.ptx 978 : 56815 470422 0 0 0 0 0 0 0 
_1.ptx 979 : 56815 518698 0 0 0 0 0 0 0 
_1.ptx 982 : 56815 410580 0 0 0 0 0 0 0 
_1.ptx 983 : 56815 357032 0 0 0 0 0 0 0 
_1.ptx 986 : 164088 711003 0 0 0 6402 6402 0 0 
_1.ptx 987 : 164088 625292 0 0 0 0 0 0 0 
_1.ptx 988 : 164088 1853306 0 0 0 0 0 0 0 
_1.ptx 989 : 164088 1037366 0 0 0 0 0 0 0 
_1.ptx 990 : 164088 1857165 0 0 0 0 0 0 0 
_1.ptx 991 : 164088 1055733 0 0 0 0 0 0 0 
_1.ptx 992 : 164088 1867214 0 0 0 0 0 0 0 
_1.ptx 993 : 164088 1063608 0 0 0 0 0 0 0 
_1.ptx 994 : 164088 1856870 0 0 0 0 0 0 0 
_1.ptx 995 : 164088 1856357 0 0 0 0 0 0 0 
_1.ptx 996 : 164088 1901369 0 0 0 0 0 0 0 
_1.ptx 997 : 164088 1883898 0 0 0 0 0 0 0 
_1.ptx 998 : 164088 1881507 0 0 0 0 0 0 0 
_1.ptx 999 : 164088 1888546 0 0 0 0 0 0 0 
_1.ptx 1000 : 164088 1889666 0 0 0 0 0 0 0 
_1.ptx 1001 : 164088 1927116 0 0 0 0 0 0 0 
_1.ptx 1002 : 164088 1551059 0 0 0 0 0 0 0 
_1.ptx 1003 : 164088 1544838 0 0 0 0 0 0 0 
_1.ptx 1004 : 164088 1884637 0 0 0 0 0 0 0 
_1.ptx 1005 : 164088 1521105 0 0 0 0 0 0 0 
_1.ptx 1006 : 164088 1535351 0 0 0 0 0 0 0 
_1.ptx 1007 : 164088 1902494 0 0 0 0 0 0 0 
_1.ptx 1008 : 164088 1371475 0 0 0 0 0 0 0 
_1.ptx 1009 : 164088 1206724 0 0 0 0 0 0 0 
_1.ptx 1010 : 164088 1034085 0 0 0 0 0 0 0 
_1.ptx 1011 : 164088 1347717 0 0 0 0 0 0 0 
_1.ptx 1012 : 164088 1208740 0 0 0 0 0 0 0 
_1.ptx 1013 : 164088 1359927 0 0 0 0 0 0 0 
_1.ptx 1014 : 164088 1045586 0 0 0 0 0 0 0 
_1.ptx 1015 : 164088 1348392 0 0 0 0 0 0 0 
_1.ptx 1016 : 164088 707416 0 0 0 0 0 0 965 
_1.ptx 1017 : 50431 320547 0 0 0 0 0 0 0 
_1.ptx 1018 : 50431 321169 0 0 0 0 0 0 0 
_1.ptx 1020 : 113657 1273757 0 0 0 0 0 0 0 
_1.ptx 1021 : 113657 1266624 0 0 0 0 0 0 0 
_1.ptx 1022 : 113657 930240 0 0 0 0 0 0 0 
_1.ptx 1023 : 113657 38169 0 0 0 0 0 0 344 
_1.ptx 1024 : 107587 676958 0 0 0 0 0 0 0 
_1.ptx 1025 : 107587 683060 0 0 0 0 0 0 0 
_1.ptx 1028 : 6070 67706 0 0 0 0 0 0 0 
_1.ptx 1029 : 6070 106012 0 0 0 0 0 0 0 
_1.ptx 1030 : 6070 68486 0 0 0 0 0 0 0 
_1.ptx 1031 : 6070 69668 0 0 0 0 0 0 0 
_1.ptx 1032 : 6070 56449 0 0 0 0 0 0 0 
_1.ptx 1036 : 164088 1210487 0 0 0 0 0 0 0 
_1.ptx 1039 : 220903 1403702 0 0 0 0 0 0 0 
_1.ptx 1040 : 220903 1807554 0 0 0 0 0 0 0 
_1.ptx 1041 : 220903 1355789 0 0 0 0 0 0 370 
_1.ptx 1042 : 6068 68495 0 0 0 0 0 0 0 
_1.ptx 1043 : 6068 69207 0 0 0 0 0 0 0 
_1.ptx 1044 : 6068 69800 0 0 0 0 0 0 0 
_1.ptx 1045 : 6068 68033 0 0 0 0 0 0 0 
_1.ptx 1046 : 6068 68647 0 0 0 0 0 0 0 
_1.ptx 1047 : 6068 68896 0 0 0 0 0 0 0 
_1.ptx 1048 : 6068 70402 0 0 0 0 0 0 0 
_1.ptx 1049 : 6068 56933 0 0 0 0 0 0 0 
_1.ptx 1050 : 6068 57245 0 0 0 0 0 0 0 
_1.ptx 1051 : 6068 50686 0 0 0 0 0 0 0 
_1.ptx 1052 : 6068 39355 0 0 0 0 0 0 0 
_1.ptx 1057 : 220903 2266010 0 0 0 0 0 0 0 
_1.ptx 1058 : 220903 2271206 0 0 0 0 0 0 0 
_1.ptx 1059 : 220903 1584220 0 0 0 0 0 0 0 
_1.ptx 1060 : 220903 1807822 0 0 0 0 0 0 0 
_1.ptx 1061 : 220903 321888 0 0 0 0 0 0 0 
_1.ptx 1062 : 169119 1075351 0 0 0 0 0 0 0 
_1.ptx 1063 : 169119 1379101 0 0 0 0 0 0 0 
_1.ptx 1064 : 169119 1013810 0 0 0 0 0 0 295 
_1.ptx 1065 : 5031 31475 0 0 0 0 0 0 0 
_1.ptx 1067 : 51784 322330 0 0 0 0 0 0 0 
_1.ptx 1068 : 51784 421351 0 0 0 0 0 0 0 
_1.ptx 1071 : 56815 37994 0 0 0 0 0 0 318 
_1.ptx 1073 : 50745 566109 0 0 0 0 0 0 0 
_1.ptx 1074 : 50745 576043 0 0 0 0 0 0 0 
_1.ptx 1075 : 50745 574749 0 0 0 0 0 0 0 
_1.ptx 1076 : 50745 607291 0 0 0 0 0 0 0 
_1.ptx 1077 : 50745 466857 0 0 0 0 0 0 0 
_1.ptx 1078 : 50745 466088 0 0 0 0 0 0 0 
_1.ptx 1079 : 50745 1325860 0 0 0 0 0 0 0 
_1.ptx 1081 : 50745 313948 0 0 0 0 0 0 0 
_1.ptx 1082 : 50745 1038816 0 0 0 0 0 0 0 
_1.ptx 1083 : 50745 359650 0 0 0 0 0 0 0 
_1.ptx 1084 : 50745 584438 0 0 0 0 0 0 0 
_1.ptx 1085 : 50745 568665 0 0 0 0 0 0 0 
_1.ptx 1086 : 50745 563367 0 0 0 0 0 0 0 
_1.ptx 1087 : 50745 264520 0 0 0 0 0 0 0 
_1.ptx 1088 : 50745 308565 0 0 0 0 0 0 0 
_1.ptx 1089 : 50745 560656 0 0 0 0 0 0 0 
_1.ptx 1090 : 50745 561117 0 0 0 0 0 0 0 
_1.ptx 1091 : 50745 561228 0 0 0 0 0 0 0 
_1.ptx 1092 : 50745 269008 128 0 0 0 0 0 0 
_1.ptx 1093 : 50745 307520 0 0 0 0 0 0 0 
_1.ptx 1094 : 50745 562320 0 0 0 0 0 0 0 
_1.ptx 1095 : 50745 561897 0 0 0 0 0 0 0 
_1.ptx 1096 : 50745 563656 0 0 0 0 0 0 0 
_1.ptx 1097 : 50745 273590 0 0 0 0 0 0 0 
_1.ptx 1098 : 50745 307560 0 0 0 0 0 0 0 
_1.ptx 1099 : 50745 564531 0 0 0 0 0 0 0 
_1.ptx 1100 : 50745 464741 0 0 0 0 0 0 0 
_1.ptx 1101 : 50745 347214 0 0 0 0 0 0 0 
_1.ptx 1103 : 50745 564667 0 0 0 0 0 0 0 
_1.ptx 1104 : 50745 565612 0 0 0 0 0 0 0 
_1.ptx 1105 : 50745 565267 0 0 0 0 0 0 0 
_1.ptx 1106 : 50745 472119 0 0 0 0 0 0 0 
_1.ptx 1107 : 50745 582896 0 0 0 0 0 0 0 
_1.ptx 1108 : 50745 471493 0 0 0 0 0 0 0 
_1.ptx 1109 : 50745 316915 0 0 0 0 0 0 0 
_1.ptx 1110 : 50745 1044956 0 0 0 0 0 0 0 
_1.ptx 1111 : 50745 355931 0 0 0 0 0 0 0 
_1.ptx 1112 : 50745 1030891 0 0 0 0 0 0 0 
_1.ptx 1113 : 50745 333818 0 0 0 0 0 0 0 
_1.ptx 1114 : 50745 413585 0 0 0 0 0 0 0 
_1.ptx 1115 : 50745 313829 0 0 0 0 0 0 0 
_1.ptx 1121 : 50745 373119 0 0 0 0 0 0 0 
_1.ptx 1122 : 50745 323453 0 0 0 0 0 0 0 
_1.ptx 1123 : 50745 415281 0 0 0 0 0 0 0 
_1.ptx 1124 : 50745 0 0 0 0 0 0 0 0 
_1.ptx 1125 : 50745 308083 0 0 0 0 0 0 0 
_1.ptx 1133 : 50745 307132 0 0 0 0 0 0 0 
_1.ptx 1134 : 50745 410330 0 0 0 0 0 0 0 
_1.ptx 1135 : 50745 310891 0 0 0 0 0 0 0 
_1.ptx 1140 : 50745 311802 0 0 0 0 0 0 0 
_1.ptx 1141 : 50745 410563 0 0 0 0 0 0 0 
_1.ptx 1142 : 50745 309358 0 0 0 0 0 0 0 
_1.ptx 1157 : 50745 308275 0 0 0 0 0 0 0 
_1.ptx 1158 : 50745 412612 0 0 0 0 0 0 0 
_1.ptx 1159 : 50745 309513 0 0 0 0 0 0 0 
_1.ptx 1181 : 50745 307672 0 0 0 0 0 0 0 
_1.ptx 1182 : 50745 411794 0 0 0 0 0 0 0 
_1.ptx 1183 : 50745 307868 0 0 0 0 0 0 0 
_1.ptx 1196 : 50745 359312 0 0 0 0 0 0 0 
_1.ptx 1197 : 50745 360681 0 0 0 0 0 0 0 
_1.ptx 1198 : 50745 360088 0 0 0 0 0 0 0 
_1.ptx 1199 : 50745 364005 0 0 0 0 0 0 0 
_1.ptx 1200 : 50745 319155 0 0 0 0 0 0 0 
_1.ptx 1201 : 50745 415462 0 0 0 0 0 0 0 
_1.ptx 1202 : 50745 313528 0 0 0 0 0 0 0 
_1.ptx 1213 : 50745 370138 0 0 0 0 0 0 0 
_1.ptx 1216 : 50745 523972 0 0 0 0 0 0 0 
_1.ptx 1218 : 50745 383961 0 0 0 0 0 0 0 
_1.ptx 1219 : 50745 361469 0 0 0 0 0 0 0 
_1.ptx 1220 : 50745 360822 0 0 0 0 0 0 0 
_1.ptx 1221 : 50745 362184 0 0 0 0 0 0 0 
_1.ptx 1222 : 50745 314830 0 0 0 0 0 0 0 
_1.ptx 1223 : 50745 411644 0 0 0 0 0 0 0 
_1.ptx 1224 : 50745 181973 0 0 0 0 0 0 727 
_1.ptx 1226 : 21083 132169 0 0 0 0 0 0 0 
_1.ptx 1227 : 21083 242078 0 0 0 0 0 0 0 
_1.ptx 1229 : 21083 225651 0 0 0 0 0 0 0 
_1.ptx 1232 : 50745 354967 0 0 0 0 0 0 0 
_1.ptx 1233 : 50745 567299 0 0 0 0 0 0 0 
_1.ptx 1234 : 50745 308809 0 0 0 0 0 0 0 
_1.ptx 1235 : 50745 580091 0 0 0 0 0 0 0 
_1.ptx 1236 : 50745 597623 0 0 0 0 0 0 0 
_1.ptx 1237 : 50745 465394 0 0 0 0 0 0 0 
_1.ptx 1238 : 50745 1423540 0 0 0 0 0 0 0 
_1.ptx 1239 : 50745 388813 0 0 0 0 0 0 0 
_1.ptx 1240 : 50745 574290 0 0 0 0 0 0 0 
_1.ptx 1241 : 50745 368464 0 0 0 0 0 0 0 
_1.ptx 1242 : 50745 370718 0 0 0 0 0 0 0 
_1.ptx 1243 : 50745 375756 0 0 0 0 0 0 0 
_1.ptx 1244 : 50745 373652 0 0 0 0 0 0 0 
_1.ptx 1245 : 50745 380707 0 0 0 0 0 0 0 
_1.ptx 1246 : 50745 569158 0 0 0 0 0 0 0 
_1.ptx 1247 : 50745 566915 0 0 0 0 0 0 0 
_1.ptx 1248 : 50745 583395 0 0 0 0 0 0 0 
_1.ptx 1249 : 50745 463059 0 0 0 0 0 0 0 
_1.ptx 1250 : 50745 459710 0 0 0 0 0 0 0 
_1.ptx 1252 : 50745 578001 0 0 0 0 0 0 0 
_1.ptx 1253 : 50745 600995 0 0 0 0 0 0 0 
_1.ptx 1254 : 50745 365644 0 0 0 0 0 0 0 
_1.ptx 1255 : 50745 383931 0 0 0 0 0 0 0 
_1.ptx 1256 : 50745 483250 0 0 0 0 0 0 0 
_1.ptx 1257 : 50745 336011 0 0 0 0 0 0 0 
_1.ptx 1258 : 50745 473010 0 0 0 0 0 0 0 
_1.ptx 1259 : 50745 581553 0 0 0 0 0 0 0 
_1.ptx 1260 : 50745 572358 0 0 0 0 0 0 0 
_1.ptx 1261 : 50745 565928 0 0 0 0 0 0 0 
_1.ptx 1262 : 50745 562449 0 0 0 0 0 0 0 
_1.ptx 1263 : 50745 562388 0 0 0 0 0 0 0 
_1.ptx 1264 : 50745 564886 0 0 0 0 0 0 0 
_1.ptx 1265 : 50745 565274 0 0 0 0 0 0 0 
_1.ptx 1266 : 50745 565212 0 0 0 0 0 0 0 
_1.ptx 1267 : 50745 559697 0 0 0 0 0 0 0 
_1.ptx 1269 : 50745 560811 0 0 0 0 0 0 0 
_1.ptx 1271 : 50745 560114 0 0 0 0 0 0 0 
_1.ptx 1272 : 50745 573731 0 0 0 0 0 0 0 
_1.ptx 1274 : 50745 413903 0 0 0 0 0 0 0 
_1.ptx 1275 : 50745 380860 0 0 0 0 0 0 0 
_1.ptx 1276 : 50745 577738 0 0 0 0 0 0 0 
_1.ptx 1277 : 50745 567206 0 0 0 0 0 0 0 
_1.ptx 1279 : 50745 325030 0 0 0 0 0 0 0 
_1.ptx 1280 : 50745 569545 0 0 0 0 0 0 0 
_1.ptx 1281 : 50745 574544 0 0 0 0 0 0 0 
_1.ptx 1282 : 50745 563018 0 0 0 0 0 0 0 
_1.ptx 1283 : 50745 560822 0 0 0 0 0 0 0 
_1.ptx 1284 : 50745 561979 0 0 0 0 0 0 0 
_1.ptx 1286 : 50745 564935 0 0 0 0 0 0 0 
_1.ptx 1288 : 50745 311829 0 0 0 0 0 0 0 
_1.ptx 1289 : 50745 564084 0 0 0 0 0 0 0 
_1.ptx 1290 : 50745 569462 0 0 0 0 0 0 0 
_1.ptx 1291 : 50745 414296 0 0 0 0 0 0 0 
_1.ptx 1292 : 50745 596971 0 0 0 0 0 0 0 
_1.ptx 1293 : 50745 389812 0 0 0 0 0 0 0 
_1.ptx 1294 : 50745 474560 0 0 0 0 0 0 0 
_1.ptx 1295 : 50745 330227 0 0 0 0 0 0 0 
_1.ptx 1296 : 50745 468209 0 0 0 0 0 0 0 
_1.ptx 1297 : 50745 314519 0 0 0 0 0 0 0 
_1.ptx 1298 : 50745 469031 0 0 0 0 0 0 0 
_1.ptx 1299 : 50745 315792 0 0 0 0 0 0 0 
_1.ptx 1300 : 50745 466250 0 0 0 0 0 0 0 
_1.ptx 1301 : 50745 564213 0 0 0 0 0 0 0 
_1.ptx 1303 : 50745 365591 0 0 0 0 0 0 0 
_1.ptx 1304 : 50745 561832 0 0 0 0 0 0 0 
_1.ptx 1305 : 50745 561540 0 0 0 0 0 0 0 
_1.ptx 1307 : 50745 363248 0 0 0 0 0 0 0 
_1.ptx 1308 : 50745 367264 0 0 0 0 0 0 0 
_1.ptx 1309 : 50745 377872 0 0 0 0 0 0 0 
_1.ptx 1310 : 50745 344048 0 0 0 0 0 0 0 
_1.ptx 1311 : 50745 412743 0 0 0 0 0 0 0 
_1.ptx 1312 : 50745 309417 0 0 0 0 0 0 0 
_1.ptx 1321 : 50745 368893 0 0 0 0 0 0 0 
_1.ptx 1322 : 50745 321970 0 0 0 0 0 0 0 
_1.ptx 1323 : 50745 567035 0 0 0 0 0 0 0 
_1.ptx 1324 : 50745 365877 0 0 0 0 0 0 0 
_1.ptx 1325 : 50745 316771 0 0 0 0 0 0 0 
_1.ptx 1326 : 50745 316440 0 0 0 0 0 0 0 
_1.ptx 1327 : 50745 1505498 0 0 0 0 0 0 0 
_1.ptx 1328 : 50745 306664 0 0 0 0 0 0 0 
_1.ptx 1329 : 50745 306719 0 0 0 0 0 0 0 
_1.ptx 1330 : 50745 461442 0 0 0 0 0 0 0 
_1.ptx 1331 : 50745 465569 0 0 0 0 0 0 0 
_1.ptx 1332 : 50745 318810 0 0 0 0 0 0 0 
_1.ptx 1333 : 50745 563463 0 0 0 0 0 0 0 
_1.ptx 1334 : 50745 1918590 0 0 0 0 0 0 0 
_1.ptx 1335 : 50745 582197 0 0 0 0 0 0 0 
_1.ptx 1336 : 50745 311276 0 0 0 0 0 0 0 
_1.ptx 1337 : 50745 422014 0 0 0 0 0 0 0 
_1.ptx 1338 : 50745 466586 0 0 0 0 0 0 0 
_1.ptx 1339 : 50745 320863 0 0 0 0 0 0 0 
_1.ptx 1340 : 50745 422554 0 0 0 0 0 0 0 
_1.ptx 1341 : 50745 463144 0 0 0 0 0 0 0 
_1.ptx 1343 : 50745 369187 0 0 0 0 0 0 0 
_1.ptx 1344 : 50745 305519 0 0 0 0 0 0 0 
_1.ptx 1345 : 50745 409642 0 0 0 0 0 0 0 
_1.ptx 1346 : 50745 0 0 0 0 0 0 0 0 
_1.ptx 1348 : 50745 462485 0 0 0 0 0 0 0 
_1.ptx 1351 : 50745 373580 0 0 0 0 0 0 0 
_1.ptx 1352 : 50745 327882 0 0 0 0 0 0 0 
_1.ptx 1353 : 50745 370933 0 0 0 0 0 0 0 
_1.ptx 1354 : 50745 376981 0 0 0 0 0 0 0 
_1.ptx 1355 : 50745 339711 0 0 0 0 0 0 0 
_1.ptx 1356 : 50745 576984 0 0 0 0 0 0 0 
_1.ptx 1357 : 50745 565120 0 0 0 0 0 0 0 
_1.ptx 1358 : 50745 365980 0 0 0 0 0 0 0 
_1.ptx 1359 : 50745 316409 0 0 0 0 0 0 0 
_1.ptx 1360 : 50745 413597 0 0 0 0 0 0 0 
_1.ptx 1361 : 50745 365097 0 0 0 0 0 0 0 
_1.ptx 1362 : 50745 412564 0 0 0 0 0 0 0 
_1.ptx 1363 : 50745 307830 0 0 0 0 0 0 0 
_1.ptx 1364 : 50745 412630 0 0 0 0 0 0 0 
_1.ptx 1365 : 50745 314786 0 0 0 0 0 0 0 
_1.ptx 1372 : 50745 368967 0 0 0 0 0 0 0 
_1.ptx 1375 : 50745 323969 0 0 0 0 0 0 0 
_1.ptx 1376 : 50745 565866 0 0 0 0 0 0 0 
_1.ptx 1377 : 50745 560797 0 0 0 0 0 0 0 
_1.ptx 1378 : 50745 268605 0 0 0 0 0 0 0 
_1.ptx 1380 : 50745 561044 0 0 0 0 0 0 0 
_1.ptx 1381 : 50745 339032 0 0 0 0 0 0 0 
_1.ptx 1383 : 50745 566884 0 0 0 0 0 0 0 
_1.ptx 1384 : 50745 531970 0 0 0 0 0 0 0 
_1.ptx 1388 : 62282 698663 0 0 0 0 0 0 0 
_1.ptx 1389 : 62282 690360 0 0 0 0 0 0 0 
_1.ptx 1390 : 62282 695903 0 0 0 0 0 0 0 
_1.ptx 1391 : 62282 698715 0 0 0 0 0 0 0 
_1.ptx 1392 : 62282 698930 0 0 0 0 0 0 0 
_1.ptx 1393 : 62282 709944 0 0 0 0 0 0 0 
_1.ptx 1395 : 62282 706586 0 0 0 0 0 0 0 
_1.ptx 1396 : 62282 722047 0 0 0 0 0 0 0 
_1.ptx 1397 : 62282 712972 0 0 0 0 0 0 0 
_1.ptx 1398 : 62282 722538 0 0 0 0 0 0 0 
_1.ptx 1399 : 62282 577049 0 0 0 0 0 0 0 
_1.ptx 1400 : 62282 573865 0 0 0 0 0 0 0 
_1.ptx 1401 : 62282 1726531 0 0 0 0 0 0 0 
_1.ptx 1402 : 62282 696216 0 0 0 0 0 0 0 
_1.ptx 1403 : 62282 701233 0 0 0 0 0 0 0 
_1.ptx 1404 : 62282 699919 0 0 0 0 0 0 0 
_1.ptx 1405 : 62282 458319 0 0 0 0 0 0 0 
_1.ptx 1406 : 62282 458145 0 0 0 0 0 0 0 
_1.ptx 1408 : 62282 399319 0 0 0 0 0 0 0 
_1.ptx 1409 : 62282 575618 0 0 0 0 0 0 0 
_1.ptx 1410 : 62282 387962 0 0 0 0 0 0 0 
_1.ptx 1411 : 62282 576078 0 0 0 0 0 0 0 
_1.ptx 1412 : 62282 397379 0 0 0 0 0 0 0 
_1.ptx 1413 : 62282 599240 0 0 0 0 0 0 0 
_1.ptx 1416 : 127467 1350088 0 0 0 0 0 0 0 
_1.ptx 1417 : 127467 897188 0 0 0 0 0 0 0 
_1.ptx 1418 : 127467 1042764 0 0 0 0 0 0 0 
_1.ptx 1419 : 127467 6330 0 0 0 0 0 0 0 
_1.ptx 1420 : 126435 1036430 0 0 0 0 0 0 0 
_1.ptx 1421 : 126435 382292 0 0 0 0 0 0 550 
_1.ptx 1424 : 65536 662720 0 0 0 0 0 0 0 
_1.ptx 1425 : 65536 465952 0 0 0 0 0 0 0 
_1.ptx 1426 : 65536 397216 0 0 0 0 0 0 0 
_1.ptx 1427 : 65536 530560 0 0 0 0 0 0 0 
_1.ptx 604 : 65536 407424 0 0 0 0 0 0 0 
_1.ptx 1428 : 65536 333924 0 0 0 0 0 0 218 
_1.ptx 605 : 65536 358464 39552 0 0 0 0 0 0 
_1.ptx 1429 : 10434 74763 0 0 0 0 0 0 0 
_1.ptx 606 : 65536 401504 0 0 0 0 0 0 0 
_1.ptx 1430 : 10434 76303 0 0 0 0 0 0 0 
_1.ptx 607 : 65536 376384 40192 0 0 0 0 0 0 
_1.ptx 1431 : 10434 112438 0 0 0 0 0 0 0 
_1.ptx 608 : 65536 397728 0 0 0 0 0 0 0 
_1.ptx 1432 : 10434 116688 0 0 0 0 0 0 0 
_1.ptx 609 : 65536 516256 39680 0 0 0 0 0 0 
_1.ptx 1433 : 10434 75551 0 0 0 0 0 0 0 
_1.ptx 610 : 65536 400608 0 0 0 0 0 0 0 
_1.ptx 611 : 65536 398016 39040 0 0 0 0 0 0 
_1.ptx 612 : 65536 399264 0 0 0 0 0 0 0 
_1.ptx 613 : 65536 484992 53888 0 0 0 0 0 0 
_1.ptx 1437 : 15923 1916867 2432 0 0 0 0 0 0 
_1.ptx 614 : 65536 396928 0 0 0 0 0 0 0 
_1.ptx 1438 : 15923 1952883 512 0 0 0 0 0 0 
_1.ptx 615 : 65536 840768 57088 0 0 0 0 0 0 
_1.ptx 1439 : 15923 2153218 896 0 0 0 0 0 0 
_1.ptx 616 : 65536 396032 0 0 0 0 0 0 0 
_1.ptx 1440 : 15923 2306908 0 0 0 0 0 0 0 
_1.ptx 617 : 65536 1000544 59904 0 0 0 0 0 0 
_1.ptx 1441 : 15923 2154873 0 0 0 0 0 0 0 
_1.ptx 618 : 65536 395936 0 0 0 0 0 0 0 
_1.ptx 1442 : 15923 2437047 0 0 0 0 0 0 0 
_1.ptx 619 : 65536 1042080 51968 0 0 0 0 0 0 
_1.ptx 1443 : 15923 2279362 1920 0 0 0 0 0 0 
_1.ptx 620 : 65536 395520 0 0 0 0 0 0 0 
_1.ptx 1444 : 15923 2432123 0 0 0 0 0 0 0 
_1.ptx 621 : 65536 1168064 52096 0 0 0 0 0 0 
_1.ptx 1445 : 15923 96612 0 0 0 0 0 0 0 
_1.ptx 622 : 65536 396160 0 0 0 0 0 0 0 
_1.ptx 1446 : 15923 144682 0 0 0 0 0 0 0 
_1.ptx 623 : 65536 1401760 62720 0 0 0 0 0 0 
_1.ptx 1447 : 15923 111276 0 0 0 0 0 0 0 
_1.ptx 624 : 65536 396288 0 0 0 0 0 0 0 
_1.ptx 1448 : 15923 96994 0 0 0 0 0 0 0 
_1.ptx 625 : 65536 1512320 55680 0 0 0 0 0 0 
_1.ptx 1449 : 15923 144273 0 0 0 0 0 0 0 
_1.ptx 626 : 65536 396608 0 0 0 0 0 0 0 
_1.ptx 1450 : 15923 105415 128 0 0 0 0 0 0 
_1.ptx 627 : 65536 889152 61184 0 0 0 0 0 0 
_1.ptx 1451 : 15923 97093 0 0 0 0 0 0 0 
_1.ptx 628 : 65536 396512 0 0 0 0 0 0 0 
_1.ptx 1452 : 15923 144668 0 0 0 0 0 0 0 
_1.ptx 629 : 65536 1071968 59520 0 0 0 0 0 0 
_1.ptx 1453 : 15923 107031 256 0 0 0 0 0 0 
_1.ptx 630 : 65536 396288 0 0 0 0 0 0 0 
_1.ptx 1454 : 15923 96954 0 0 0 0 0 0 0 
_1.ptx 631 : 65536 1171328 56704 0 0 0 0 0 0 
_1.ptx 1455 : 15923 144638 0 0 0 0 0 0 0 
_1.ptx 632 : 65536 395616 0 0 0 0 0 0 0 
_1.ptx 1456 : 15923 105311 32 0 0 0 0 0 0 
_1.ptx 633 : 65536 1209664 71552 0 0 0 0 0 0 
_1.ptx 1457 : 15923 161298 0 0 0 0 0 0 0 
_1.ptx 634 : 65536 396160 0 0 0 0 0 0 0 
_1.ptx 1458 : 15923 161481 0 0 0 0 0 0 0 
_1.ptx 635 : 65536 1357344 62976 0 0 0 0 0 0 
_1.ptx 1459 : 15923 99350 0 0 0 0 0 0 0 
_1.ptx 636 : 65536 396512 0 0 0 0 0 0 0 
_1.ptx 1460 : 15923 129199 0 0 0 0 0 0 0 
_1.ptx 637 : 65536 1549824 64512 0 0 0 0 0 0 
_1.ptx 1461 : 15923 33144 0 0 0 0 0 0 386 
_1.ptx 638 : 65536 395904 0 0 0 0 0 0 0 
_1.ptx 639 : 65536 1620256 59904 0 0 0 0 0 0 
_1.ptx 640 : 65536 396960 0 0 0 0 0 0 0 
_1.ptx 1464 : 65536 12505120 3840 0 0 4096 2048 0 0 
_1.ptx 641 : 65536 1668224 70272 0 0 0 0 0 0 
_1.ptx 1465 : 65536 4496864 0 0 0 0 0 0 0 
_1.ptx 642 : 65536 398400 0 0 0 0 0 0 0 
_1.ptx 1466 : 65536 471296 0 0 0 0 0 0 0 
_1.ptx 643 : 65536 1064736 77952 0 0 0 0 0 0 
_1.ptx 1467 : 65536 402272 0 0 0 0 0 0 0 
_1.ptx 644 : 65536 398144 0 0 0 0 0 0 0 
_1.ptx 1468 : 65536 726240 0 0 0 0 0 0 0 
_1.ptx 645 : 65536 399936 0 0 0 0 0 0 0 
_1.ptx 1469 : 65536 467296 0 0 0 0 0 0 0 
_1.ptx 646 : 65536 536192 0 0 0 0 0 0 0 
_1.ptx 1470 : 65536 4124000 0 0 0 0 0 0 0 
_1.ptx 647 : 65536 401440 0 0 0 0 0 0 0 
_1.ptx 1471 : 65536 470144 0 0 0 0 0 0 0 
_1.ptx 648 : 65536 407776 0 0 0 0 0 0 0 
_1.ptx 1472 : 65536 402528 0 0 0 0 0 0 0 
_1.ptx 649 : 65536 537888 0 0 0 0 0 0 0 
_1.ptx 1473 : 65536 726688 0 0 0 0 0 0 0 
_1.ptx 650 : 65536 408416 0 0 0 0 0 0 0 
_1.ptx 1474 : 65536 466752 0 0 0 0 0 0 0 
_1.ptx 651 : 65536 728704 0 0 0 0 0 0 0 
_1.ptx 1475 : 65536 468480 0 0 0 0 0 0 0 
_1.ptx 652 : 65536 403552 0 0 0 0 0 0 0 
_1.ptx 1476 : 65536 530208 0 0 0 0 0 0 0 
_1.ptx 653 : 65536 726080 0 0 0 0 0 0 0 
_1.ptx 1477 : 65536 3490048 128 0 0 0 0 0 0 
_1.ptx 654 : 65536 1200960 128 0 0 0 0 0 0 
_1.ptx 1478 : 65536 467872 0 0 0 0 0 0 0 
_1.ptx 655 : 65536 1059072 0 0 0 0 0 0 0 
_1.ptx 1479 : 65536 403808 0 0 0 0 0 0 0 
_1.ptx 656 : 65536 531904 0 0 0 0 0 0 0 
_1.ptx 1480 : 65536 724864 0 0 0 0 0 0 0 
_1.ptx 657 : 65536 467616 0 0 0 0 0 0 0 
_1.ptx 1481 : 65536 465888 0 0 0 0 0 0 0 
_1.ptx 658 : 65536 529536 0 0 0 0 0 0 0 
_1.ptx 1482 : 65536 466688 0 0 0 0 0 0 0 
_1.ptx 659 : 65536 467776 0 0 0 0 0 0 0 
_1.ptx 1483 : 65536 3500288 0 0 0 0 0 0 0 
_1.ptx 660 : 65536 535808 0 0 0 0 0 0 0 
_1.ptx 1484 : 65536 471136 0 0 0 0 0 0 0 
_1.ptx 661 : 65536 401536 0 0 0 0 0 0 0 
_1.ptx 1485 : 65536 406592 0 0 0 0 0 0 0 
_1.ptx 662 : 65536 531328 0 0 0 0 0 0 0 
_1.ptx 1486 : 65536 726112 0 0 0 0 0 0 0 
_1.ptx 663 : 65536 0 0 0 0 0 0 0 0 
_1.ptx 1487 : 65536 467680 0 0 0 0 0 0 0 
_1.ptx 1488 : 65536 467360 0 0 0 0 0 0 0 
_1.ptx 665 : 65536 760608 0 0 0 0 0 0 0 
_1.ptx 1489 : 65536 530016 0 0 0 0 0 0 0 
_1.ptx 666 : 65536 309472 0 0 0 0 0 0 0 
_1.ptx 1490 : 65536 530592 0 0 0 0 0 0 0 
_1.ptx 667 : 65536 725568 0 0 0 0 0 0 0 
_1.ptx 1491 : 65536 725568 0 0 0 0 0 0 0 
_1.ptx 668 : 65536 470528 0 0 0 0 0 0 0 
_1.ptx 1492 : 65536 511776 0 0 0 4096 2048 0 0 
_1.ptx 669 : 65536 678304 0 0 0 0 0 0 0 
_1.ptx 670 : 65536 729984 0 0 0 0 0 0 0 
_1.ptx 671 : 65536 406304 0 0 0 0 0 0 0 
_1.ptx 1495 : 65536 397312 0 0 0 0 0 0 0 
_1.ptx 672 : 65536 714080 145088 0 0 4096 2048 0 0 
_1.ptx 674 : 65536 2636064 128 0 0 0 0 0 0 
_1.ptx 675 : 65536 2607360 0 0 0 0 0 0 0 
_1.ptx 676 : 65536 398176 0 0 0 0 0 0 0 
_1.ptx 678 : 65536 229888 0 0 0 0 0 0 0 
_1.ptx 679 : 65536 357152 0 0 0 0 0 0 0 
_1.ptx 680 : 65536 738112 0 0 0 0 0 0 0 
_1.ptx 681 : 65536 1336000 0 0 0 0 0 0 0 
_1.ptx 682 : 65536 525664 0 0 0 0 0 0 0 
_1.ptx 683 : 65536 524224 0 0 0 0 0 0 0 
_1.ptx 684 : 65536 216256 0 0 0 0 0 0 0 
_1.ptx 685 : 65536 746240 0 0 0 0 0 0 0 
_1.ptx 686 : 65536 211936 0 0 0 0 0 0 0 
_1.ptx 687 : 65536 751520 0 0 0 0 0 0 0 
_1.ptx 688 : 65536 504096 0 0 0 0 0 0 0 
_1.ptx 689 : 65536 498656 0 0 0 0 0 0 0 
_1.ptx 690 : 65536 498016 0 0 0 0 0 0 0 
_1.ptx 691 : 65536 435680 0 0 0 0 0 0 0 
_1.ptx 692 : 65536 3086016 0 0 0 0 0 0 0 
_1.ptx 693 : 65536 398688 0 0 0 0 0 0 0 
_1.ptx 694 : 65536 725536 0 0 0 0 0 0 0 
_1.ptx 695 : 65536 739040 0 0 0 0 0 0 0 
_1.ptx 696 : 65536 412352 0 0 0 0 0 0 0 
_1.ptx 697 : 65536 736800 0 0 0 0 0 0 0 
_1.ptx 698 : 65536 726912 0 0 0 0 0 0 0 
_1.ptx 699 : 65536 222112 0 0 0 0 0 0 0 
_1.ptx 700 : 65536 726816 0 0 0 0 0 0 0 
_1.ptx 701 : 65536 212480 0 0 0 0 0 0 0 
_1.ptx 702 : 65536 727456 0 0 0 0 0 0 0 
_1.ptx 703 : 65536 206688 0 0 0 0 0 0 0 
_1.ptx 704 : 65536 728256 0 0 0 0 0 0 0 
_1.ptx 705 : 65536 207424 0 0 0 0 0 0 0 
_1.ptx 706 : 65536 728000 0 0 0 0 0 0 0 
_1.ptx 707 : 65536 205984 0 0 0 0 0 0 0 
_1.ptx 708 : 65536 726816 0 0 0 0 0 0 0 
_1.ptx 709 : 65536 211040 0 0 0 0 0 0 0 
_1.ptx 710 : 65536 746400 0 0 0 0 0 0 0 
_1.ptx 711 : 65536 749696 0 0 0 0 0 0 0 
_1.ptx 712 : 65536 762144 0 0 0 0 0 0 0 
_1.ptx 713 : 65536 763584 0 0 0 0 0 0 0 
_1.ptx 714 : 65536 767424 0 0 0 0 0 0 0 
_1.ptx 715 : 65536 780832 0 0 0 0 0 0 0 
_1.ptx 716 : 65536 791104 0 0 0 0 0 0 0 
_1.ptx 717 : 65536 781024 0 0 0 0 0 0 0 
_1.ptx 718 : 65536 766656 0 0 0 0 0 0 0 
_1.ptx 719 : 65536 764000 0 0 0 0 0 0 0 
_1.ptx 720 : 65536 759584 0 0 0 0 0 0 0 
_1.ptx 721 : 65536 757024 0 0 0 0 0 0 0 
_1.ptx 722 : 65536 756032 0 0 0 0 0 0 0 
_1.ptx 723 : 65536 759456 0 0 0 0 0 0 0 
_1.ptx 724 : 65536 612000 0 0 0 0 0 0 0 
_1.ptx 725 : 65536 598304 0 0 0 0 0 0 0 
_1.ptx 726 : 65536 1671616 0 0 0 0 0 0 0 
_1.ptx 727 : 65536 737088 0 0 0 0 0 0 0 
_1.ptx 728 : 65536 740288 0 0 0 0 0 0 0 
_1.ptx 729 : 65536 744480 0 0 0 0 0 0 0 
_1.ptx 731 : 65536 415936 0 0 0 0 0 0 0 
_1.ptx 733 : 65536 484672 0 0 0 0 0 0 0 
_1.ptx 734 : 65536 491584 0 0 0 0 0 0 0 
_1.ptx 735 : 65536 484992 0 0 0 0 0 0 0 
_1.ptx 736 : 65536 475552 0 0 0 0 0 0 0 
_1.ptx 738 : 127467 963761 0 0 0 0 0 0 0 
_1.ptx 739 : 127467 837855 0 0 0 0 0 0 0 
_1.ptx 740 : 127467 824795 0 0 0 0 0 0 0 
_1.ptx 744 : 509868 3836204 256 0 0 17236 17236 0 0 
_1.ptx 745 : 509868 3461879 0 0 0 17236 17236 0 0 
_1.ptx 746 : 509868 3687739 256 0 0 17236 17236 0 0 
_1.ptx 747 : 509868 2814811 0 0 0 17236 17236 0 0 
_1.ptx 748 : 509868 2748054 0 0 0 17236 17236 0 0 
_1.ptx 749 : 509868 3155118 0 0 0 0 0 0 0 
_1.ptx 750 : 509868 4219794 0 0 0 0 0 0 0 
_1.ptx 751 : 509868 2494281 0 0 0 0 0 0 0 
_1.ptx 753 : 127467 926568 0 0 0 0 0 0 0 
_1.ptx 754 : 127467 806559 0 0 0 0 0 0 0 
_1.ptx 755 : 127467 1047987 0 0 0 0 0 0 0 
_1.ptx 756 : 127467 787126 0 0 0 0 0 0 0 
_1.ptx 761 : 127467 1417589 0 0 0 0 0 0 0 
_1.ptx 762 : 127467 6207105 0 0 0 0 0 0 0 
_1.ptx 763 : 127467 776993 0 0 0 0 0 0 0 
_1.ptx 764 : 127467 780904 0 0 0 0 0 0 0 
_1.ptx 765 : 127467 1030474 0 0 0 0 0 0 0 
_1.ptx 766 : 127467 1165070 0 0 0 0 0 0 0 
_1.ptx 769 : 127467 929837 0 0 0 0 0 0 0 
_1.ptx 770 : 127467 811849 0 0 0 0 0 0 0 
_1.ptx 773 : 382401 4363560 0 0 0 0 0 0 0 
_1.ptx 774 : 382401 1204443 0 0 0 0 0 0 0 
_1.ptx 775 : 382401 4433525 0 0 0 0 0 0 0 
_1.ptx 776 : 382401 4408799 0 0 0 0 0 0 0 
_1.ptx 777 : 382401 4456185 0 0 0 0 0 0 0 
_1.ptx 778 : 382401 4482495 0 0 0 0 0 0 0 
_1.ptx 779 : 382401 4475708 0 0 0 0 0 0 0 
_1.ptx 780 : 382401 4454837 0 0 0 0 0 0 0 
_1.ptx 781 : 382401 3652911 0 0 0 0 0 0 0 
_1.ptx 782 : 382401 3736121 0 0 0 0 0 0 0 
_1.ptx 783 : 382401 3624783 0 0 0 0 0 0 0 
_1.ptx 784 : 382401 3685991 0 0 0 0 0 0 0 
_1.ptx 785 : 382401 3218772 0 0 0 0 0 0 0 
_1.ptx 786 : 382401 2844004 0 0 0 0 0 0 0 
_1.ptx 787 : 382401 2476658 0 0 0 0 0 0 0 
_1.ptx 788 : 382401 3174316 0 0 0 0 0 0 0 
_1.ptx 789 : 382401 2850962 0 0 0 0 0 0 0 
_1.ptx 790 : 382401 3186700 0 0 0 0 0 0 0 
_1.ptx 791 : 382401 2455544 0 0 0 0 0 0 0 
_1.ptx 792 : 382401 3163555 0 0 0 0 0 0 0 
_1.ptx 793 : 382401 1730970 0 0 0 0 0 0 1523 
_1.ptx 794 : 105477 674606 0 0 0 0 0 0 0 
_1.ptx 795 : 105477 667282 0 0 0 0 0 0 0 
_1.ptx 797 : 276924 3113464 0 0 0 0 0 0 0 
_1.ptx 798 : 276924 3093124 0 0 0 0 0 0 0 
_1.ptx 799 : 276924 2263048 0 0 0 0 0 0 0 
_1.ptx 800 : 276924 119935 0 0 0 0 0 0 715 
_1.ptx 801 : 257599 1615432 0 0 0 0 0 0 0 
_1.ptx 802 : 257599 1635019 0 0 0 0 0 0 0 
_1.ptx 805 : 19325 215545 0 0 0 0 0 0 0 
_1.ptx 806 : 19325 329810 0 0 0 0 0 0 0 
_1.ptx 807 : 19325 216606 0 0 0 0 0 0 0 
_1.ptx 808 : 19325 221280 0 0 0 0 0 0 0 
_1.ptx 809 : 19325 178352 0 0 0 0 0 0 0 
_1.ptx 813 : 382401 2845851 0 0 0 0 0 0 0 
_1.ptx 815 : 509868 3247972 0 0 0 0 0 0 0 
_1.ptx 816 : 509868 4168278 0 0 0 0 0 0 0 
_1.ptx 817 : 509868 3743109 0 0 0 0 0 0 0 
_1.ptx 818 : 509868 4179218 0 0 0 0 0 0 0 
_1.ptx 819 : 509868 3755985 0 0 0 0 0 0 0 
_1.ptx 820 : 509868 4230419 0 0 0 0 0 0 0 
_1.ptx 821 : 509868 3209314 0 0 0 0 0 0 0 
_1.ptx 822 : 509868 4236787 0 0 0 0 0 0 0 
