kernel line : count latency dram_traffic smem_bk_conflicts smem_warp gmem_access_generated gmem_warp exposed_latency warp_divergence
_1.ptx 199 : 4504064 39775072 0 0 0 0 0 0 0 
_1.ptx 200 : 4504064 42091904 0 0 0 0 0 0 0 
_1.ptx 201 : 4504064 37193856 0 0 0 0 0 0 0 
_1.ptx 210 : 237056 1874336 0 0 0 0 0 0 0 
_1.ptx 211 : 237056 2183584 0 0 0 0 0 0 0 
_1.ptx 214 : 237056 289016 0 0 0 0 0 0 1852 
_1.ptx 216 : 200000 1731912 0 0 0 0 0 0 0 
_1.ptx 217 : 200000 2526908 0 0 0 0 0 0 0 
_1.ptx 218 : 200000 2367284 0 0 0 0 0 0 0 
_1.ptx 219 : 200000 1880756 0 7408 7408 0 0 0 0 
_1.ptx 220 : 200000 833056 0 0 0 0 0 0 0 
_1.ptx 221 : 200000 1668824 0 0 0 0 0 0 0 
_1.ptx 222 : 200000 2405232 0 0 0 0 0 0 0 
_1.ptx 223 : 200000 2351028 0 0 0 0 0 0 0 
_1.ptx 224 : 200000 2224908 1029184 0 0 13426 7408 0 0 
_1.ptx 227 : 237056 1759328 0 0 0 0 0 0 0 
_1.ptx 68 : 237056 5507168 128 0 0 0 0 0 0 
_1.ptx 69 : 237056 3498880 0 0 0 0 0 0 0 
_1.ptx 70 : 237056 909088 0 0 0 0 0 0 0 
_1.ptx 71 : 237056 2612000 0 0 0 0 0 0 0 
_1.ptx 72 : 237056 1914336 0 0 0 0 0 0 0 
_1.ptx 73 : 237056 2841408 0 0 0 0 0 0 0 
_1.ptx 74 : 237056 1929632 0 0 0 0 0 0 0 
_1.ptx 75 : 237056 3334816 0 0 0 0 0 0 0 
_1.ptx 76 : 237056 889568 0 0 0 0 0 0 0 
_1.ptx 77 : 237056 2832960 0 0 0 0 0 0 0 
_1.ptx 78 : 237056 1887360 0 0 0 0 0 0 0 
_1.ptx 79 : 237056 2857440 0 0 0 0 0 0 0 
_1.ptx 80 : 237056 2168128 0 0 0 0 0 0 0 
_1.ptx 81 : 237056 2040832 0 0 0 0 0 0 0 
_1.ptx 82 : 237056 1824480 0 0 0 0 0 0 0 
_1.ptx 83 : 237056 2144224 0 0 0 0 0 0 0 
_1.ptx 84 : 237056 1999392 0 0 0 0 0 0 0 
_1.ptx 85 : 237056 2124960 0 0 0 0 0 0 0 
_1.ptx 86 : 237056 1801248 0 0 0 0 0 0 0 
_1.ptx 87 : 237056 2123072 0 0 0 0 0 0 0 
_1.ptx 88 : 237056 836 0 0 0 0 0 0 4 
_1.ptx 90 : 236960 1779656 0 0 0 0 0 0 0 
_1.ptx 91 : 236960 1027008 0 0 0 0 0 0 0 
_1.ptx 92 : 236960 1966544 0 0 0 0 0 0 0 
_1.ptx 93 : 236960 3094288 0 0 0 0 0 0 0 
_1.ptx 94 : 236960 2788160 0 0 0 0 0 0 0 
_1.ptx 95 : 236960 87545444 803328 0 0 14812 7408 0 0 
_1.ptx 96 : 236960 1966444 0 0 0 0 0 0 0 
_1.ptx 97 : 236960 3015812 0 0 0 0 0 0 0 
_1.ptx 98 : 236960 2787904 0 0 0 0 0 0 0 
_1.ptx 99 : 236960 1466500 0 7408 7408 0 0 0 0 
_1.ptx 101 : 237056 1830048 0 0 0 0 0 0 0 
_1.ptx 103 : 237056 1838400 0 0 0 0 0 0 0 
_1.ptx 104 : 237056 1903168 0 0 0 0 0 0 0 
_1.ptx 105 : 237056 2236064 0 0 0 0 0 0 0 
_1.ptx 106 : 237056 0 0 0 0 0 0 0 0 
_1.ptx 107 : 237056 2858816 0 0 0 0 0 0 0 
_1.ptx 108 : 237056 2026912 0 0 0 0 0 0 0 
_1.ptx 109 : 237056 2298432 0 0 0 0 0 0 0 
_1.ptx 110 : 237056 2211552 0 0 0 0 0 0 0 
_1.ptx 111 : 237056 2018880 0 0 0 0 0 0 0 
_1.ptx 112 : 237056 2461024 0 0 0 0 0 0 0 
_1.ptx 113 : 237056 5175744 0 0 0 0 0 0 0 
_1.ptx 114 : 237056 2969664 0 0 0 0 0 0 0 
_1.ptx 115 : 237056 2929440 0 0 0 0 0 0 0 
_1.ptx 116 : 237056 3018496 0 0 0 0 0 0 0 
_1.ptx 117 : 237056 2343104 0 0 0 0 0 0 0 
_1.ptx 118 : 237056 2884032 0 0 0 0 0 0 0 
_1.ptx 119 : 237056 2001472 0 0 0 0 0 0 0 
_1.ptx 120 : 237056 2460576 0 0 0 0 0 0 0 
_1.ptx 121 : 237056 5162144 0 0 0 0 0 0 0 
_1.ptx 122 : 237056 2293376 0 0 0 0 0 0 0 
_1.ptx 123 : 237056 2902080 0 0 0 0 0 0 0 
_1.ptx 124 : 237056 2315616 0 0 0 0 0 0 0 
_1.ptx 125 : 237056 2204736 0 0 0 0 0 0 0 
_1.ptx 126 : 237056 2273440 0 0 0 0 0 0 0 
_1.ptx 127 : 237056 2182720 0 0 0 0 0 0 0 
_1.ptx 128 : 237056 2266240 0 0 0 0 0 0 0 
_1.ptx 129 : 237056 1995296 0 0 0 0 0 0 0 
_1.ptx 130 : 237056 1996480 0 0 0 0 0 0 0 
_1.ptx 131 : 237056 2180928 0 0 0 0 0 0 0 
_1.ptx 135 : 4741120 39278976 0 0 0 0 0 0 0 
_1.ptx 136 : 4741120 56045408 0 0 0 0 0 0 0 
_1.ptx 137 : 4741120 45552384 0 0 0 0 0 0 0 
_1.ptx 138 : 4741120 43167424 0 0 0 0 0 0 0 
_1.ptx 139 : 4741120 39180544 0 0 0 0 0 0 0 
_1.ptx 140 : 4741120 58184320 0 0 0 0 0 0 0 
_1.ptx 141 : 4741120 45324512 0 0 0 0 0 0 0 
_1.ptx 142 : 4741120 43231712 0 0 0 0 0 0 0 
_1.ptx 143 : 4741120 45120960 0 0 0 0 0 0 0 
_1.ptx 144 : 4741120 45081184 0 0 0 0 0 0 0 
_1.ptx 145 : 4741120 39744864 0 0 0 0 0 0 0 
_1.ptx 146 : 4741120 45332032 0 0 0 0 0 0 0 
_1.ptx 147 : 4741120 3227872 0 0 0 0 0 0 37040 
_1.ptx 149 : 4351120 36341114 0 0 0 0 0 0 0 
_1.ptx 151 : 4351120 39797135 0 0 0 0 0 0 0 
_1.ptx 152 : 4351120 52335390 0 0 0 0 0 0 0 
_1.ptx 153 : 4351120 14670091 0 0 0 0 0 0 0 
_1.ptx 154 : 4351120 14450907 0 0 0 0 0 0 0 
_1.ptx 155 : 4351120 53002921 0 0 0 0 0 0 0 
_1.ptx 156 : 4351120 56608983 0 0 0 0 0 0 0 
_1.ptx 157 : 4351120 53325258 0 0 0 0 0 0 0 
_1.ptx 158 : 4351120 39785699 0 0 0 0 0 0 0 
_1.ptx 159 : 4351120 53222013 0 0 0 0 0 0 0 
_1.ptx 160 : 4351120 53471043 0 0 0 0 0 0 0 
_1.ptx 161 : 4351120 882220179 16037888 0 0 283734 148160 0 0 
_1.ptx 162 : 4351120 39607684 0 0 0 0 0 0 0 
_1.ptx 163 : 4351120 52591837 0 0 0 0 0 0 0 
_1.ptx 164 : 4351120 53490479 0 0 0 0 0 0 0 
_1.ptx 165 : 4351120 38499280 0 148160 148160 0 0 0 0 
_1.ptx 166 : 4351120 52985900 0 0 0 0 0 0 0 
_1.ptx 167 : 4351120 38214307 0 148160 148160 0 0 0 0 
_1.ptx 168 : 4351120 39194541 0 0 0 0 0 0 0 
_1.ptx 169 : 4351120 51664661 0 0 0 0 0 0 0 
_1.ptx 170 : 4351120 52947897 0 0 0 0 0 0 0 
_1.ptx 171 : 4351120 38227347 0 148160 148160 0 0 0 0 
_1.ptx 172 : 4351120 92842138 0 0 0 0 0 0 0 
_1.ptx 173 : 4351120 92815582 0 0 0 0 0 0 0 
_1.ptx 174 : 4351120 52855441 0 0 0 0 0 0 0 
_1.ptx 175 : 4351120 53132753 0 0 0 0 0 0 0 
_1.ptx 176 : 4351120 23800925 0 148160 148160 0 0 0 0 
_1.ptx 179 : 4741120 38556960 0 0 0 0 0 0 0 
_1.ptx 181 : 4741120 43931808 0 0 0 0 0 0 0 
_1.ptx 182 : 4741120 1872800 0 0 0 0 0 0 0 
_1.ptx 183 : 4504064 37301280 0 0 0 0 0 0 0 
_1.ptx 184 : 4504064 42905504 0 0 0 0 0 0 0 
_1.ptx 185 : 4504064 40920576 0 0 0 0 0 0 0 
_1.ptx 186 : 4504064 41037056 0 0 0 0 0 0 0 
_1.ptx 187 : 4504064 2917598 0 0 0 0 0 0 35188 
_1.ptx 189 : 4151120 37605650 0 0 0 0 0 0 0 
_1.ptx 190 : 4151120 49565506 0 0 0 0 0 0 0 
_1.ptx 191 : 4151120 50945065 0 0 0 0 0 0 0 
_1.ptx 192 : 4151120 36299947 0 140752 140752 0 0 0 0 
_1.ptx 193 : 4151120 50164382 0 0 0 0 0 0 0 
_1.ptx 194 : 4151120 22847823 0 140752 140752 0 0 0 0 
_1.ptx 197 : 4504064 36607392 0 0 0 0 0 0 0 
