kernel line : count latency dram_traffic smem_bk_conflicts smem_warp gmem_access_generated gmem_warp exposed_latency warp_divergence
_1.ptx 62 : 580608 3550848 0 0 0 0 0 0 0 
_1.ptx 63 : 580608 3557888 0 0 0 0 0 0 0 
_1.ptx 64 : 580608 6914528 0 0 0 0 0 0 0 
_1.ptx 65 : 580608 3545888 0 0 0 0 0 0 0 
_1.ptx 66 : 580608 6416992 0 0 0 0 0 0 0 
_1.ptx 67 : 580608 24439136 128 0 0 0 0 0 0 
_1.ptx 68 : 580608 19668416 128 0 0 0 0 0 0 
_1.ptx 69 : 580608 4142048 0 0 0 0 0 0 0 
_1.ptx 70 : 580608 6418976 0 0 0 0 0 0 0 
_1.ptx 71 : 580608 6427232 0 0 0 0 0 0 0 
_1.ptx 72 : 580608 40245504 2322432 0 0 18144 18144 0 0 
_1.ptx 73 : 580608 27677792 0 0 0 0 0 0 0 
_1.ptx 74 : 580608 20489568 0 0 0 0 0 0 0 
_1.ptx 75 : 580608 6420480 0 0 0 0 0 0 0 
_1.ptx 76 : 580608 4169728 0 0 0 0 0 0 0 
_1.ptx 77 : 580608 6348160 0 0 0 0 0 0 0 
_1.ptx 78 : 580608 6418944 0 0 0 0 0 0 0 
_1.ptx 79 : 580608 42778528 2322432 0 0 18144 18144 0 0 
_1.ptx 80 : 580608 30184768 0 0 0 0 0 0 0 
_1.ptx 81 : 580608 6198752 0 0 0 0 0 0 0 
_1.ptx 82 : 580608 6413696 0 0 0 0 0 0 0 
_1.ptx 83 : 580608 4149952 0 0 0 0 0 0 0 
_1.ptx 84 : 580608 6135808 0 0 0 0 0 0 0 
_1.ptx 85 : 580608 6413824 0 0 0 0 0 0 0 
_1.ptx 86 : 580608 44055424 2322432 0 0 18144 18144 0 0 
_1.ptx 87 : 580608 29416384 0 0 0 0 0 0 0 
_1.ptx 88 : 580608 6192544 0 0 0 0 0 0 0 
_1.ptx 89 : 580608 6415040 0 0 0 0 0 0 0 
_1.ptx 90 : 580608 4155264 0 0 0 0 0 0 0 
_1.ptx 91 : 580608 6192576 0 0 0 0 0 0 0 
_1.ptx 92 : 580608 6412448 0 0 0 0 0 0 0 
_1.ptx 93 : 580608 45402432 2322432 0 0 18144 18144 0 0 
_1.ptx 94 : 580608 30425856 0 0 0 0 0 0 0 
_1.ptx 95 : 580608 6228992 0 0 0 0 0 0 0 
_1.ptx 96 : 580608 6413408 0 0 0 0 0 0 0 
_1.ptx 97 : 580608 4151840 0 0 0 0 0 0 0 
_1.ptx 98 : 580608 6133824 0 0 0 0 0 0 0 
_1.ptx 99 : 580608 6413728 0 0 0 0 0 0 0 
_1.ptx 100 : 580608 45222176 2322432 0 0 18144 18144 0 0 
_1.ptx 102 : 580608 3527712 0 0 0 0 0 0 0 
_1.ptx 118 : 193536 1204352 0 0 0 0 0 0 0 
_1.ptx 119 : 193536 1215744 0 0 0 0 0 0 0 
_1.ptx 120 : 193536 1208576 0 0 0 0 0 0 0 
_1.ptx 121 : 193536 2786592 0 0 0 0 0 0 0 
_1.ptx 122 : 193536 2150560 0 0 0 0 0 0 0 
_1.ptx 123 : 193536 1406432 0 0 0 0 0 0 0 
_1.ptx 124 : 193536 2496480 0 0 0 0 0 0 0 
_1.ptx 125 : 193536 2893536 0 0 0 0 0 0 0 
_1.ptx 126 : 193536 2155392 0 0 0 0 0 0 0 
_1.ptx 127 : 193536 81321312 774144 0 0 6048 6048 0 0 
_1.ptx 129 : 193536 4121248 0 0 0 0 0 0 0 
_1.ptx 130 : 193536 2153216 0 0 0 0 0 0 0 
_1.ptx 131 : 193536 1405344 0 0 0 0 0 0 0 
_1.ptx 132 : 193536 2961216 0 0 0 0 0 0 0 
_1.ptx 133 : 193536 2147968 0 0 0 0 0 0 0 
_1.ptx 134 : 193536 85219936 774144 0 0 6048 6048 0 0 
_1.ptx 136 : 193536 2915200 0 0 0 0 0 0 0 
_1.ptx 137 : 193536 2147840 0 0 0 0 0 0 0 
_1.ptx 138 : 193536 1398112 0 0 0 0 0 0 0 
_1.ptx 139 : 193536 2940672 0 0 0 0 0 0 0 
_1.ptx 140 : 193536 2146720 0 0 0 0 0 0 0 
_1.ptx 141 : 193536 86732640 774144 0 0 6048 6048 0 0 
_1.ptx 143 : 193536 2983808 0 0 0 0 0 0 0 
_1.ptx 144 : 193536 2144992 0 0 0 0 0 0 0 
_1.ptx 145 : 193536 1397472 0 0 0 0 0 0 0 
_1.ptx 146 : 193536 3017888 0 0 0 0 0 0 0 
_1.ptx 147 : 193536 2144960 0 0 0 0 0 0 0 
_1.ptx 148 : 193536 85678432 774144 0 0 6048 6048 0 0 
_1.ptx 150 : 193536 10871520 0 0 0 0 0 0 0 
_1.ptx 151 : 193536 11274080 0 0 0 0 0 0 0 
_1.ptx 152 : 193536 11412896 0 0 0 0 0 0 0 
_1.ptx 153 : 193536 2159872 0 0 0 0 0 0 0 
_1.ptx 154 : 193536 1774656 0 0 0 0 0 0 0 
_1.ptx 155 : 193536 1780928 0 0 0 0 0 0 0 
_1.ptx 156 : 193536 1205024 0 0 0 0 0 0 0 
_1.ptx 157 : 193536 5090752 0 0 0 0 0 0 0 
_1.ptx 158 : 193536 5352928 0 0 0 0 0 0 0 
_1.ptx 159 : 193536 2146976 0 0 0 0 0 0 0 
_1.ptx 160 : 193536 1394048 0 0 0 0 0 0 0 
_1.ptx 161 : 193536 4718304 0 0 0 0 0 0 0 
_1.ptx 162 : 193536 2145920 0 0 0 0 0 0 0 
_1.ptx 163 : 193536 75274592 774144 0 0 6048 6048 0 0 
_1.ptx 164 : 193536 1183520 0 0 0 0 0 0 0 
_1.ptx 165 : 193536 2148576 0 0 0 0 0 0 0 
_1.ptx 166 : 193536 2149120 0 0 0 0 0 0 0 
_1.ptx 167 : 193536 2149920 0 0 0 0 0 0 0 
_1.ptx 168 : 193536 1197856 0 0 0 0 0 0 0 
_1.ptx 169 : 193536 2148672 0 0 0 0 0 0 0 
_1.ptx 170 : 193536 1193344 0 0 0 0 0 0 0 
_1.ptx 171 : 193536 2147616 0 0 0 0 0 0 0 
_1.ptx 172 : 193536 11044352 0 0 0 0 0 0 0 
_1.ptx 173 : 193536 4930656 0 0 0 0 0 0 0 
_1.ptx 174 : 193536 2142848 0 0 0 0 0 0 0 
_1.ptx 175 : 193536 2608448 0 0 0 0 0 0 0 
_1.ptx 176 : 193536 2143776 0 0 0 0 0 0 0 
_1.ptx 177 : 193536 101795520 774144 0 0 6048 6048 0 0 
_1.ptx 178 : 193536 4559040 0 0 0 0 0 0 0 
_1.ptx 179 : 193536 2140960 0 0 0 0 0 0 0 
_1.ptx 180 : 193536 10885440 0 0 0 0 0 0 0 
_1.ptx 182 : 193536 1794272 0 0 0 0 0 0 0 
_1.ptx 183 : 193536 2140032 0 0 0 0 0 0 0 
_1.ptx 184 : 193536 2047808 774144 0 0 6048 6048 0 0 
_1.ptx 186 : 193536 1174976 0 0 0 0 0 0 0 
_1.ptx 208 : 193536 1191744 0 0 0 0 0 0 0 
_1.ptx 209 : 193536 1197312 0 0 0 0 0 0 0 
_1.ptx 210 : 193536 1180832 0 0 0 0 0 0 0 
_1.ptx 211 : 193536 2674176 0 0 0 0 0 0 0 
_1.ptx 212 : 193536 2144864 0 0 0 0 0 0 0 
_1.ptx 213 : 193536 1393888 0 0 0 0 0 0 0 
_1.ptx 214 : 193536 2134752 0 0 0 0 0 0 0 
_1.ptx 215 : 193536 11585888 0 0 0 0 0 0 0 
_1.ptx 216 : 193536 2153568 0 0 0 0 0 0 0 
_1.ptx 217 : 193536 78998720 323968 0 0 6048 6048 0 0 
_1.ptx 219 : 193536 10560096 0 0 0 0 0 0 0 
_1.ptx 220 : 193536 2153216 0 0 0 0 0 0 0 
_1.ptx 221 : 193536 1407392 0 0 0 0 0 0 0 
_1.ptx 222 : 193536 2322048 0 0 0 0 0 0 0 
_1.ptx 223 : 193536 2148640 0 0 0 0 0 0 0 
_1.ptx 224 : 193536 82163968 334208 0 0 6048 6048 0 0 
_1.ptx 226 : 193536 2199712 0 0 0 0 0 0 0 
_1.ptx 227 : 193536 2148064 0 0 0 0 0 0 0 
_1.ptx 228 : 193536 1397792 0 0 0 0 0 0 0 
_1.ptx 229 : 193536 2201152 0 0 0 0 0 0 0 
_1.ptx 230 : 193536 2144736 0 0 0 0 0 0 0 
_1.ptx 231 : 193536 85601920 334208 0 0 6048 6048 0 0 
_1.ptx 233 : 193536 2148896 0 0 0 0 0 0 0 
_1.ptx 234 : 193536 2141600 0 0 0 0 0 0 0 
_1.ptx 235 : 193536 1392416 0 0 0 0 0 0 0 
_1.ptx 236 : 193536 2167520 0 0 0 0 0 0 0 
_1.ptx 237 : 193536 2137024 0 0 0 0 0 0 0 
_1.ptx 238 : 193536 84412512 331648 0 0 6048 6048 0 0 
_1.ptx 240 : 193536 2436576 0 0 0 0 0 0 0 
_1.ptx 241 : 193536 2142656 0 0 0 0 0 0 0 
_1.ptx 242 : 193536 1397728 0 0 0 0 0 0 0 
_1.ptx 243 : 193536 2201824 0 0 0 0 0 0 0 
_1.ptx 244 : 193536 2149536 0 0 0 0 0 0 0 
_1.ptx 245 : 193536 85446560 341120 0 0 6048 6048 0 0 
_1.ptx 247 : 193536 10554912 0 0 0 0 0 0 0 
_1.ptx 248 : 193536 2148256 0 0 0 0 0 0 0 
_1.ptx 249 : 193536 106244384 774144 0 0 6048 6048 0 0 
_1.ptx 251 : 193536 13484320 0 0 0 0 0 0 0 
_1.ptx 252 : 193536 2145856 0 0 0 0 0 0 0 
_1.ptx 253 : 193536 108963392 774144 0 0 6048 6048 0 0 
_1.ptx 255 : 193536 2142048 0 0 0 0 0 0 0 
_1.ptx 256 : 193536 109067648 774144 0 0 6048 6048 0 0 
_1.ptx 258 : 193536 2438720 0 0 0 0 0 0 0 
_1.ptx 259 : 193536 2144768 0 0 0 0 0 0 0 
_1.ptx 260 : 193536 1392800 0 0 0 0 0 0 0 
_1.ptx 261 : 193536 2175264 0 0 0 0 0 0 0 
_1.ptx 262 : 193536 2147648 0 0 0 0 0 0 0 
_1.ptx 263 : 193536 112364640 774144 0 0 6048 6048 0 0 
_1.ptx 264 : 193536 1172000 0 0 0 0 0 0 0 
_1.ptx 265 : 193536 1567200 0 0 0 0 0 0 0 
_1.ptx 266 : 193536 93476 0 0 0 0 0 0 3151 
_1.ptx 268 : 178150 1270394 0 0 0 0 0 0 0 
_1.ptx 269 : 178150 1961064 0 0 0 0 0 0 0 
_1.ptx 270 : 178150 1972753 0 0 0 0 0 0 0 
_1.ptx 271 : 178150 174188482 250240 0 0 114727 6046 0 0 
_1.ptx 273 : 178150 1974880 0 0 0 0 0 0 0 
_1.ptx 274 : 178150 1266448 0 0 0 0 0 0 0 
_1.ptx 275 : 178150 1976871 0 0 0 0 0 0 0 
_1.ptx 276 : 178150 1968955 0 0 0 0 0 0 0 
_1.ptx 277 : 178150 190034318 277376 0 0 114727 6046 0 0 
_1.ptx 279 : 178150 1971501 0 0 0 0 0 0 0 
_1.ptx 280 : 178150 1263356 0 0 0 0 0 0 0 
_1.ptx 281 : 178150 1923588 0 0 0 0 0 0 0 
_1.ptx 282 : 178150 1969414 0 0 0 0 0 0 0 
_1.ptx 283 : 178150 198874493 232192 0 0 114727 6046 0 0 
_1.ptx 285 : 178150 1971963 0 0 0 0 0 0 0 
_1.ptx 286 : 178150 1261397 0 0 0 0 0 0 0 
_1.ptx 287 : 178150 1921402 0 0 0 0 0 0 0 
_1.ptx 288 : 178150 1974681 0 0 0 0 0 0 0 
_1.ptx 289 : 178150 199879525 223360 0 0 114727 6046 0 0 
_1.ptx 291 : 178150 1970245 0 0 0 0 0 0 0 
_1.ptx 292 : 178150 1262506 0 0 0 0 0 0 0 
_1.ptx 293 : 178150 1931688 0 0 0 0 0 0 0 
_1.ptx 294 : 178150 1968213 0 0 0 0 0 0 0 
_1.ptx 295 : 178150 194997977 243840 0 0 114727 6046 0 0 
_1.ptx 297 : 178150 8398454 0 0 0 0 0 0 0 
_1.ptx 298 : 178150 8457910 0 0 0 0 0 0 0 
_1.ptx 299 : 178150 8485287 0 0 0 0 0 0 0 
_1.ptx 300 : 178150 1075698 0 0 0 0 0 0 0 
_1.ptx 301 : 178150 1975303 0 0 0 0 0 0 0 
_1.ptx 302 : 178150 8463792 0 0 0 0 0 0 0 
_1.ptx 303 : 178150 8483366 0 0 0 0 0 0 0 
_1.ptx 304 : 178150 8453783 0 0 0 0 0 0 0 
_1.ptx 305 : 178150 1075511 0 0 0 0 0 0 0 
_1.ptx 306 : 178150 1970276 0 0 0 0 0 0 0 
_1.ptx 307 : 178150 1978088 0 0 0 0 0 0 0 
_1.ptx 308 : 178150 1979643 0 0 0 0 0 0 0 
_1.ptx 309 : 178150 1615631 0 0 0 0 0 0 0 
_1.ptx 310 : 178150 1614149 0 0 0 0 0 0 0 
_1.ptx 311 : 178150 1614584 0 0 0 0 0 0 0 
_1.ptx 312 : 178150 1616055 0 0 0 0 0 0 0 
_1.ptx 313 : 178150 1974243 0 0 0 0 0 0 0 
_1.ptx 314 : 178150 1970940 0 0 0 0 0 0 0 
_1.ptx 315 : 178150 1973656 0 0 0 0 0 0 0 
_1.ptx 316 : 178150 1973626 0 0 0 0 0 0 0 
_1.ptx 317 : 178150 1080157 0 0 0 0 0 0 0 
_1.ptx 318 : 178150 1972599 0 0 0 0 0 0 0 
_1.ptx 319 : 178150 1080093 0 0 0 0 0 0 0 
_1.ptx 320 : 178150 1969615 0 0 0 0 0 0 0 
_1.ptx 321 : 178150 2796854 0 0 0 0 0 0 0 
_1.ptx 322 : 178150 3849759 0 0 0 0 0 0 0 
_1.ptx 323 : 178150 1971308 0 0 0 0 0 0 0 
_1.ptx 324 : 178150 1077619 0 0 0 0 0 0 0 
_1.ptx 325 : 178150 1970362 0 0 0 0 0 0 0 
_1.ptx 326 : 178150 8423652 0 0 0 0 0 0 0 
_1.ptx 327 : 178150 2783566 0 0 0 0 0 0 0 
_1.ptx 328 : 178150 1971615 0 0 0 0 0 0 0 
_1.ptx 329 : 178150 1081254 0 0 0 0 0 0 0 
_1.ptx 330 : 178150 1969383 0 0 0 0 0 0 0 
_1.ptx 331 : 178150 8427728 0 0 0 0 0 0 0 
_1.ptx 332 : 178150 2765875 0 0 0 0 0 0 0 
_1.ptx 333 : 178150 1968173 0 0 0 0 0 0 0 
_1.ptx 334 : 178150 1979238 0 0 0 0 0 0 0 
_1.ptx 335 : 178150 1617925 0 0 0 0 0 0 0 
_1.ptx 336 : 178150 1617560 0 0 0 0 0 0 0 
_1.ptx 337 : 178150 2734637 0 0 0 0 0 0 0 
_1.ptx 338 : 178150 1267226 0 0 0 0 0 0 0 
_1.ptx 339 : 178150 1091432 0 0 0 0 0 0 0 
_1.ptx 340 : 178150 1978525 0 0 0 0 0 0 0 
_1.ptx 341 : 178150 1083594 0 0 0 0 0 0 0 
_1.ptx 342 : 178150 1971451 0 0 0 0 0 0 0 
_1.ptx 343 : 178150 1971742 0 0 0 0 0 0 0 
_1.ptx 345 : 178150 1082031 0 0 0 0 0 0 0 
_1.ptx 346 : 178150 1977435 0 0 0 0 0 0 0 
_1.ptx 347 : 178150 1083340 0 0 0 0 0 0 0 
_1.ptx 348 : 178150 1976719 0 0 0 0 0 0 0 
_1.ptx 349 : 178150 1082670 0 0 0 0 0 0 0 
_1.ptx 350 : 178150 1978807 0 0 0 0 0 0 0 
_1.ptx 351 : 178150 1085344 0 0 0 0 0 0 0 
_1.ptx 352 : 178150 1973551 0 0 0 0 0 0 0 
_1.ptx 353 : 178150 1614690 0 0 0 0 0 0 0 
_1.ptx 354 : 178150 1973918 0 0 0 0 0 0 0 
_1.ptx 355 : 178150 1615241 0 0 0 0 0 0 0 
_1.ptx 356 : 178150 1974388 0 0 0 0 0 0 0 
_1.ptx 357 : 178150 1614136 0 0 0 0 0 0 0 
_1.ptx 358 : 178150 1974818 0 0 0 0 0 0 0 
_1.ptx 359 : 178150 1613941 0 0 0 0 0 0 0 
_1.ptx 361 : 178150 1973210 0 0 0 0 0 0 0 
_1.ptx 362 : 178150 1976187 0 0 0 0 0 0 0 
_1.ptx 363 : 178150 1085504 0 0 0 0 0 0 0 
_1.ptx 364 : 178150 1981080 0 0 0 0 0 0 0 
_1.ptx 365 : 178150 1617961 0 0 0 0 0 0 0 
_1.ptx 366 : 178150 1987344 0 0 0 0 0 0 0 
_1.ptx 367 : 178150 1616428 0 0 0 0 0 0 0 
_1.ptx 368 : 178150 1618904 0 0 0 0 0 0 0 
_1.ptx 369 : 178150 1986905 0 0 0 0 0 0 0 
_1.ptx 370 : 178150 1615338 0 0 0 0 0 0 0 
_1.ptx 371 : 178150 1616008 0 0 0 0 0 0 0 
_1.ptx 372 : 178150 1995007 0 0 0 0 0 0 0 
_1.ptx 373 : 178150 1614958 0 0 0 0 0 0 0 
_1.ptx 374 : 178150 1614316 0 0 0 0 0 0 0 
_1.ptx 376 : 178150 1976573 0 0 0 0 0 0 0 
_1.ptx 377 : 178150 1974771 0 0 0 0 0 0 0 
_1.ptx 378 : 178150 1979076 0 0 0 0 0 0 0 
_1.ptx 379 : 178150 1979415 0 0 0 0 0 0 0 
_1.ptx 380 : 178150 1986101 0 0 0 0 0 0 0 
_1.ptx 381 : 178150 1979610 0 0 0 0 0 0 0 
_1.ptx 382 : 178150 1090805 0 0 0 0 0 0 0 
_1.ptx 383 : 178150 1980604 0 0 0 0 0 0 0 
_1.ptx 384 : 178150 1618013 0 0 0 0 0 0 0 
_1.ptx 385 : 178150 1615807 0 0 0 0 0 0 0 
_1.ptx 386 : 178150 1617367 0 0 0 0 0 0 0 
_1.ptx 387 : 178150 1977451 0 0 0 0 0 0 0 
_1.ptx 388 : 178150 1614709 0 0 0 0 0 0 0 
_1.ptx 389 : 178150 1616065 0 0 0 0 0 0 0 
_1.ptx 390 : 178150 1615511 0 0 0 0 0 0 0 
_1.ptx 392 : 178150 1977891 0 0 0 0 0 0 0 
_1.ptx 393 : 178150 1976043 0 0 0 0 0 0 0 
_1.ptx 394 : 178150 1975886 0 0 0 0 0 0 0 
_1.ptx 395 : 178150 1081086 0 0 0 0 0 0 0 
_1.ptx 396 : 178150 1975843 0 0 0 0 0 0 0 
_1.ptx 397 : 178150 1623288 0 0 0 0 0 0 0 
_1.ptx 398 : 178150 1638763 0 0 0 0 0 0 0 
_1.ptx 399 : 178150 1616175 0 0 0 0 0 0 0 
_1.ptx 400 : 178150 1622039 0 0 0 0 0 0 0 
_1.ptx 401 : 178150 1979234 0 0 0 0 0 0 0 
_1.ptx 402 : 178150 1615439 0 0 0 0 0 0 0 
_1.ptx 403 : 178150 1617006 0 0 0 0 0 0 0 
_1.ptx 405 : 178150 1088824 0 0 0 0 0 0 0 
_1.ptx 406 : 178150 1978250 0 0 0 0 0 0 0 
_1.ptx 407 : 178150 1615428 0 0 0 0 0 0 0 
_1.ptx 408 : 178150 1615513 0 0 0 0 0 0 0 
_1.ptx 409 : 178150 1616693 0 0 0 0 0 0 0 
_1.ptx 410 : 178150 1622873 0 0 0 0 0 0 0 
_1.ptx 411 : 178150 1615142 0 0 0 0 0 0 0 
_1.ptx 412 : 178150 1976607 0 0 0 0 0 0 0 
_1.ptx 413 : 178150 1616577 0 0 0 0 0 0 0 
_1.ptx 414 : 178150 1093834 0 0 0 0 0 0 0 
_1.ptx 416 : 15386 92912 0 0 0 0 0 0 0 
_1.ptx 417 : 15386 124803 0 0 0 0 0 0 0 
_1.ptx 418 : 15386 5315 0 0 0 0 0 0 55 
_1.ptx 420 : 14510 741693 0 0 0 0 0 0 0 
_1.ptx 421 : 14510 775193 0 0 0 0 0 0 0 
_1.ptx 422 : 14510 788703 0 0 0 0 0 0 0 
_1.ptx 423 : 14510 88165 0 0 0 0 0 0 0 
_1.ptx 424 : 14510 161232 0 0 0 0 0 0 0 
_1.ptx 425 : 14510 162605 0 0 0 0 0 0 0 
_1.ptx 426 : 14510 132274 0 0 0 0 0 0 0 
_1.ptx 427 : 14510 132131 0 0 0 0 0 0 0 
_1.ptx 428 : 14510 161609 0 0 0 0 0 0 0 
_1.ptx 429 : 14510 161250 0 0 0 0 0 0 0 
_1.ptx 430 : 14510 88441 0 0 0 0 0 0 0 
_1.ptx 431 : 14510 162278 0 0 0 0 0 0 0 
_1.ptx 432 : 14510 93043 0 0 0 0 0 0 0 
_1.ptx 433 : 14510 132778 0 0 0 0 0 0 0 
_1.ptx 435 : 14510 89396 0 0 0 0 0 0 0 
_1.ptx 436 : 14510 132786 0 0 0 0 0 0 0 
_1.ptx 438 : 14510 89390 0 0 0 0 0 0 0 
_1.ptx 439 : 14510 133128 0 0 0 0 0 0 0 
_1.ptx 440 : 14510 89201 0 0 0 0 0 0 0 
_1.ptx 441 : 14510 91274 0 0 0 0 0 0 0 
_1.ptx 442 : 14510 90557 0 0 0 0 0 0 0 
_1.ptx 444 : 876 5290 0 0 0 0 0 0 0 
_1.ptx 445 : 876 7070 0 0 0 0 0 0 0 
_1.ptx 446 : 876 0 0 0 0 0 0 0 0 
_1.ptx 448 : 876 5322 0 0 0 0 0 0 0 
_1.ptx 449 : 876 9716 0 0 0 0 0 0 0 
_1.ptx 450 : 876 5328 0 0 0 0 0 0 0 
_1.ptx 451 : 876 9756 0 0 0 0 0 0 0 
_1.ptx 452 : 876 5311 0 0 0 0 0 0 0 
_1.ptx 453 : 876 9852 0 0 0 0 0 0 0 
_1.ptx 454 : 876 5331 0 0 0 0 0 0 0 
_1.ptx 455 : 876 234447 0 0 0 0 0 0 0 
_1.ptx 456 : 876 9671 0 0 0 0 0 0 0 
_1.ptx 457 : 876 7956 0 0 0 0 0 0 0 
_1.ptx 458 : 876 219001 0 0 0 0 0 0 0 
_1.ptx 459 : 876 9746 0 0 0 0 0 0 0 
_1.ptx 460 : 876 7930 0 0 0 0 0 0 0 
_1.ptx 461 : 876 149758 0 0 0 0 0 0 0 
_1.ptx 462 : 876 9755 0 0 0 0 0 0 0 
_1.ptx 463 : 876 7972 0 0 0 0 0 0 0 
_1.ptx 465 : 876 43249 0 0 0 0 0 0 0 
_1.ptx 466 : 876 44035 0 0 0 0 0 0 0 
_1.ptx 467 : 876 44465 0 0 0 0 0 0 0 
_1.ptx 468 : 876 5278 0 0 0 0 0 0 0 
_1.ptx 469 : 876 9749 0 0 0 0 0 0 0 
_1.ptx 470 : 876 9880 0 0 0 0 0 0 0 
_1.ptx 471 : 876 7970 0 0 0 0 0 0 0 
_1.ptx 472 : 876 7952 0 0 0 0 0 0 0 
_1.ptx 473 : 876 9722 0 0 0 0 0 0 0 
_1.ptx 474 : 876 9752 0 0 0 0 0 0 0 
_1.ptx 475 : 876 5314 0 0 0 0 0 0 0 
_1.ptx 476 : 876 9674 0 0 0 0 0 0 0 
_1.ptx 477 : 876 9780 0 0 0 0 0 0 0 
_1.ptx 478 : 876 5309 0 0 0 0 0 0 0 
_1.ptx 479 : 876 191307 256 0 0 0 0 0 0 
_1.ptx 480 : 876 7929 0 0 0 0 0 0 0 
_1.ptx 481 : 876 7985 0 0 0 0 0 0 0 
_1.ptx 482 : 876 103476 0 0 0 0 0 0 0 
_1.ptx 483 : 876 7935 0 0 0 0 0 0 0 
_1.ptx 484 : 876 7976 0 0 0 0 0 0 0 
_1.ptx 485 : 876 131263 0 0 0 0 0 0 0 
_1.ptx 486 : 876 8018 0 0 0 0 0 0 0 
_1.ptx 487 : 876 7947 0 0 0 0 0 0 0 
_1.ptx 489 : 876 9786 0 0 0 0 0 0 0 
_1.ptx 490 : 876 9826 0 0 0 0 0 0 0 
_1.ptx 491 : 876 5457 0 0 0 0 0 0 0 
_1.ptx 492 : 876 174427 256 0 0 0 0 0 0 
_1.ptx 493 : 876 7996 0 0 0 0 0 0 0 
_1.ptx 494 : 876 9735 0 0 0 0 0 0 0 
_1.ptx 495 : 876 7990 0 0 0 0 0 0 0 
_1.ptx 496 : 876 86123 0 0 0 0 0 0 0 
_1.ptx 497 : 876 9737 0 0 0 0 0 0 0 
_1.ptx 498 : 876 7945 0 0 0 0 0 0 0 
_1.ptx 499 : 876 90880 0 0 0 0 0 0 0 
_1.ptx 500 : 876 9709 0 0 0 0 0 0 0 
_1.ptx 501 : 876 7919 0 0 0 0 0 0 0 
_1.ptx 503 : 876 9896 0 0 0 0 0 0 0 
_1.ptx 504 : 876 5479 0 0 0 0 0 0 0 
_1.ptx 505 : 876 115407 256 0 0 0 0 0 0 
_1.ptx 506 : 876 9712 0 0 0 0 0 0 0 
_1.ptx 507 : 876 7947 0 0 0 0 0 0 0 
_1.ptx 508 : 876 40385 0 0 0 0 0 0 0 
_1.ptx 509 : 876 7950 0 0 0 0 0 0 0 
_1.ptx 510 : 876 9782 0 0 0 0 0 0 0 
_1.ptx 511 : 876 8007 0 0 0 0 0 0 0 
_1.ptx 512 : 876 61191 0 0 0 0 0 0 0 
_1.ptx 513 : 876 9753 0 0 0 0 0 0 0 
_1.ptx 514 : 876 7964 0 0 0 0 0 0 0 
_1.ptx 516 : 876 5345 0 0 0 0 0 0 0 
_1.ptx 517 : 876 138505 256 0 0 0 0 0 0 
_1.ptx 518 : 876 9815 0 0 0 0 0 0 0 
_1.ptx 519 : 876 7997 0 0 0 0 0 0 0 
_1.ptx 520 : 876 38434 0 0 0 0 0 0 0 
_1.ptx 521 : 876 9744 0 0 0 0 0 0 0 
_1.ptx 522 : 876 8043 0 0 0 0 0 0 0 
_1.ptx 523 : 876 33627 0 0 0 0 0 0 0 
_1.ptx 524 : 876 7959 0 0 0 0 0 0 0 
_1.ptx 525 : 876 9761 0 0 0 0 0 0 0 
_1.ptx 526 : 876 8083 0 0 0 0 0 0 0 
_1.ptx 527 : 876 5568 0 0 0 0 0 0 0 
_1.ptx 538 : 193536 2139424 0 0 0 0 0 0 0 
_1.ptx 539 : 193536 128215296 774144 0 0 6048 6048 0 0 
_1.ptx 541 : 193536 2137664 0 0 0 0 0 0 0 
_1.ptx 542 : 193536 115133536 774144 0 0 6048 6048 0 0 
_1.ptx 544 : 193536 2192192 0 0 0 0 0 0 0 
_1.ptx 545 : 193536 2140576 0 0 0 0 0 0 0 
_1.ptx 546 : 193536 1382848 0 0 0 0 0 0 0 
_1.ptx 547 : 193536 2172192 0 0 0 0 0 0 0 
_1.ptx 548 : 193536 2141568 0 0 0 0 0 0 0 
_1.ptx 549 : 193536 115192384 774144 0 0 6048 6048 0 0 
_1.ptx 551 : 193536 2177760 0 0 0 0 0 0 0 
_1.ptx 552 : 193536 2141120 0 0 0 0 0 0 0 
_1.ptx 553 : 193536 1384224 0 0 0 0 0 0 0 
_1.ptx 554 : 193536 2164512 0 0 0 0 0 0 0 
_1.ptx 555 : 193536 2142624 0 0 0 0 0 0 0 
_1.ptx 556 : 193536 114785376 774144 0 0 6048 6048 0 0 
_1.ptx 557 : 193536 1171008 0 0 0 0 0 0 0 
_1.ptx 558 : 193536 1568448 0 0 0 0 0 0 0 
_1.ptx 559 : 193536 0 0 0 0 0 0 0 0 
_1.ptx 561 : 193536 1384448 0 0 0 0 0 0 0 
_1.ptx 562 : 193536 2251360 0 0 0 0 0 0 0 
_1.ptx 563 : 193536 2142912 0 0 0 0 0 0 0 
_1.ptx 564 : 193536 135295840 26496 0 0 46866 6048 0 0 
_1.ptx 566 : 193536 2143040 0 0 0 0 0 0 0 
_1.ptx 567 : 193536 1377888 0 0 0 0 0 0 0 
_1.ptx 568 : 193536 2184224 0 0 0 0 0 0 0 
_1.ptx 569 : 193536 2141984 0 0 0 0 0 0 0 
_1.ptx 570 : 193536 139618560 27648 0 0 46866 6048 0 0 
_1.ptx 572 : 193536 2142304 0 0 0 0 0 0 0 
_1.ptx 573 : 193536 1374720 0 0 0 0 0 0 0 
_1.ptx 574 : 193536 2163968 0 0 0 0 0 0 0 
_1.ptx 575 : 193536 2141728 0 0 0 0 0 0 0 
_1.ptx 576 : 193536 142133184 23296 0 0 46866 6048 0 0 
_1.ptx 578 : 193536 2142688 0 0 0 0 0 0 0 
_1.ptx 579 : 193536 1373056 0 0 0 0 0 0 0 
_1.ptx 580 : 193536 2254624 0 0 0 0 0 0 0 
_1.ptx 581 : 193536 2141152 0 0 0 0 0 0 0 
_1.ptx 582 : 193536 143248352 21376 0 0 46866 6048 0 0 
_1.ptx 584 : 193536 2144160 0 0 0 0 0 0 0 
_1.ptx 585 : 193536 1373632 0 0 0 0 0 0 0 
_1.ptx 586 : 193536 2174592 0 0 0 0 0 0 0 
_1.ptx 587 : 193536 2141120 0 0 0 0 0 0 0 
_1.ptx 588 : 193536 142626976 21504 0 0 46866 6048 0 0 
_1.ptx 590 : 193536 9230880 0 0 0 0 0 0 0 
_1.ptx 591 : 193536 9374560 0 0 0 0 0 0 0 
_1.ptx 592 : 193536 9419808 0 0 0 0 0 0 0 
_1.ptx 593 : 193536 1172544 0 0 0 0 0 0 0 
_1.ptx 594 : 193536 2144640 0 0 0 0 0 0 0 
_1.ptx 595 : 193536 9326720 0 0 0 0 0 0 0 
_1.ptx 596 : 193536 9295136 0 0 0 0 0 0 0 
_1.ptx 597 : 193536 9233248 0 0 0 0 0 0 0 
_1.ptx 598 : 193536 1174752 0 0 0 0 0 0 0 
_1.ptx 599 : 193536 2147648 0 0 0 0 0 0 0 
_1.ptx 600 : 193536 2218080 0 0 0 0 0 0 0 
_1.ptx 601 : 193536 2173504 0 0 0 0 0 0 0 
_1.ptx 602 : 193536 1763808 0 0 0 0 0 0 0 
_1.ptx 603 : 193536 1761472 0 0 0 0 0 0 0 
_1.ptx 604 : 193536 1764608 0 0 0 0 0 0 0 
_1.ptx 605 : 193536 1768576 0 0 0 0 0 0 0 
_1.ptx 606 : 193536 2160576 0 0 0 0 0 0 0 
_1.ptx 607 : 193536 2147232 0 0 0 0 0 0 0 
_1.ptx 608 : 193536 2149376 0 0 0 0 0 0 0 
_1.ptx 609 : 193536 2148896 0 0 0 0 0 0 0 
_1.ptx 610 : 193536 1176640 0 0 0 0 0 0 0 
_1.ptx 611 : 193536 2154496 0 0 0 0 0 0 0 
_1.ptx 612 : 193536 1176416 0 0 0 0 0 0 0 
_1.ptx 613 : 193536 2141760 0 0 0 0 0 0 0 
_1.ptx 614 : 193536 4599232 0 0 0 0 0 0 0 
_1.ptx 615 : 193536 6267456 0 0 0 0 0 0 0 
_1.ptx 616 : 193536 2159232 0 0 0 0 0 0 0 
_1.ptx 617 : 193536 1180864 0 0 0 0 0 0 0 
_1.ptx 618 : 193536 2143520 0 0 0 0 0 0 0 
_1.ptx 619 : 193536 9568384 0 0 0 0 0 0 0 
_1.ptx 620 : 193536 3200672 0 0 0 0 0 0 0 
_1.ptx 621 : 193536 2142944 0 0 0 0 0 0 0 
_1.ptx 622 : 193536 1173472 0 0 0 0 0 0 0 
_1.ptx 623 : 193536 2142880 0 0 0 0 0 0 0 
_1.ptx 624 : 193536 9376032 0 0 0 0 0 0 0 
_1.ptx 625 : 193536 3159392 0 0 0 0 0 0 0 
_1.ptx 626 : 193536 2143232 0 0 0 0 0 0 0 
_1.ptx 627 : 193536 2151328 0 0 0 0 0 0 0 
_1.ptx 628 : 193536 1760352 0 0 0 0 0 0 0 
_1.ptx 629 : 193536 1760768 0 0 0 0 0 0 0 
_1.ptx 630 : 193536 3607744 0 0 0 0 0 0 0 
_1.ptx 631 : 193536 1391040 0 0 0 0 0 0 0 
_1.ptx 632 : 193536 1206816 0 0 0 0 0 0 0 
_1.ptx 633 : 193536 2172640 0 0 0 0 0 0 0 
_1.ptx 634 : 193536 1187488 0 0 0 0 0 0 0 
_1.ptx 635 : 193536 2148992 0 0 0 0 0 0 0 
_1.ptx 636 : 193536 2148160 0 0 0 0 0 0 0 
_1.ptx 638 : 193536 2147584 0 0 0 0 0 0 0 
_1.ptx 639 : 193536 1757184 0 0 0 0 0 0 0 
_1.ptx 641 : 193536 2150912 0 0 0 0 0 0 0 
_1.ptx 642 : 193536 1756512 0 0 0 0 0 0 0 
_1.ptx 644 : 193536 2150976 0 0 0 0 0 0 0 
_1.ptx 645 : 193536 1754816 0 0 0 0 0 0 0 
_1.ptx 647 : 193536 2145120 0 0 0 0 0 0 0 
_1.ptx 648 : 193536 1754848 0 0 0 0 0 0 0 
_1.ptx 650 : 193536 2146528 0 0 0 0 0 0 0 
_1.ptx 651 : 193536 1763392 0 0 0 0 0 0 0 
_1.ptx 653 : 193536 1197888 0 0 0 0 0 0 0 
_1.ptx 654 : 193536 2149184 0 0 0 0 0 0 0 
_1.ptx 655 : 193536 2153024 0 0 0 0 0 0 0 
_1.ptx 656 : 193536 1759072 0 0 0 0 0 0 0 
_1.ptx 658 : 193536 2150912 0 0 0 0 0 0 0 
_1.ptx 659 : 193536 2150368 0 0 0 0 0 0 0 
_1.ptx 660 : 193536 2145536 0 0 0 0 0 0 0 
_1.ptx 661 : 193536 1755648 0 0 0 0 0 0 0 
_1.ptx 662 : 193536 1757024 0 0 0 0 0 0 0 
_1.ptx 664 : 193536 1757760 0 0 0 0 0 0 0 
_1.ptx 665 : 193536 1757536 0 0 0 0 0 0 0 
_1.ptx 666 : 193536 2149312 0 0 0 0 0 0 0 
_1.ptx 667 : 193536 1754912 0 0 0 0 0 0 0 
_1.ptx 669 : 193536 2148864 0 0 0 0 0 0 0 
_1.ptx 670 : 193536 2144256 0 0 0 0 0 0 0 
_1.ptx 671 : 193536 2147520 0 0 0 0 0 0 0 
_1.ptx 672 : 193536 1756032 0 0 0 0 0 0 0 
_1.ptx 674 : 193536 2156800 0 0 0 0 0 0 0 
_1.ptx 675 : 193536 2149792 0 0 0 0 0 0 0 
_1.ptx 676 : 193536 2153280 0 0 0 0 0 0 0 
_1.ptx 677 : 193536 1758464 0 0 0 0 0 0 0 
_1.ptx 679 : 193536 1188032 0 0 0 0 0 0 0 
_1.ptx 680 : 193536 2149248 0 0 0 0 0 0 0 
_1.ptx 681 : 193536 2151328 0 0 0 0 0 0 0 
_1.ptx 682 : 193536 1760864 0 0 0 0 0 0 0 
_1.ptx 684 : 193536 2172128 0 0 0 0 0 0 0 
_1.ptx 685 : 193536 1755872 0 0 0 0 0 0 0 
_1.ptx 686 : 193536 1757376 0 0 0 0 0 0 0 
_1.ptx 688 : 193536 1755136 0 0 0 0 0 0 0 
_1.ptx 690 : 193536 1755904 0 0 0 0 0 0 0 
_1.ptx 691 : 193536 1766528 0 0 0 0 0 0 0 
_1.ptx 692 : 193536 2147168 0 0 0 0 0 0 0 
_1.ptx 693 : 193536 1755168 0 0 0 0 0 0 0 
_1.ptx 695 : 193536 2152768 0 0 0 0 0 0 0 
_1.ptx 696 : 193536 2150304 0 0 0 0 0 0 0 
_1.ptx 697 : 193536 2150016 0 0 0 0 0 0 0 
_1.ptx 698 : 193536 1762400 0 0 0 0 0 0 0 
_1.ptx 700 : 193536 1187616 0 0 0 0 0 0 0 
_1.ptx 701 : 193536 2149024 0 0 0 0 0 0 0 
_1.ptx 702 : 193536 2147168 0 0 0 0 0 0 0 
_1.ptx 703 : 193536 1759808 0 0 0 0 0 0 0 
_1.ptx 705 : 193536 2171360 0 0 0 0 0 0 0 
_1.ptx 706 : 193536 1762944 0 0 0 0 0 0 0 
_1.ptx 707 : 193536 1757024 0 0 0 0 0 0 0 
_1.ptx 709 : 193536 1755552 0 0 0 0 0 0 0 
_1.ptx 711 : 193536 1772096 0 0 0 0 0 0 0 
_1.ptx 713 : 193536 1760480 0 0 0 0 0 0 0 
_1.ptx 714 : 193536 1759520 0 0 0 0 0 0 0 
_1.ptx 715 : 193536 2147872 0 0 0 0 0 0 0 
_1.ptx 716 : 193536 1756640 0 0 0 0 0 0 0 
_1.ptx 717 : 193536 1188448 0 0 0 0 0 0 0 
_1.ptx 834 : 193536 2139328 0 0 0 0 0 0 0 
_1.ptx 835 : 193536 120310688 774144 0 0 6048 6048 0 0 
_1.ptx 837 : 193536 2141056 0 0 0 0 0 0 0 
_1.ptx 838 : 193536 109382816 774144 0 0 6048 6048 0 0 
_1.ptx 840 : 193536 2166368 0 0 0 0 0 0 0 
_1.ptx 841 : 193536 2141152 0 0 0 0 0 0 0 
_1.ptx 842 : 193536 1384000 0 0 0 0 0 0 0 
_1.ptx 843 : 193536 2173408 0 0 0 0 0 0 0 
_1.ptx 844 : 193536 2141952 0 0 0 0 0 0 0 
_1.ptx 845 : 193536 110682720 774144 0 0 6048 6048 0 0 
_1.ptx 847 : 193536 2141152 0 0 0 0 0 0 0 
_1.ptx 848 : 193536 2149472 0 0 0 0 0 0 0 
_1.ptx 849 : 193536 1383328 0 0 0 0 0 0 0 
_1.ptx 850 : 193536 2170720 0 0 0 0 0 0 0 
_1.ptx 851 : 193536 2140832 0 0 0 0 0 0 0 
_1.ptx 852 : 193536 112307136 774144 0 0 6048 6048 0 0 
_1.ptx 853 : 193536 1169120 0 0 0 0 0 0 0 
_1.ptx 854 : 193536 1568288 0 0 0 0 0 0 0 
_1.ptx 855 : 193536 0 0 0 0 0 0 0 0 
_1.ptx 857 : 193536 1380352 0 0 0 0 0 0 0 
_1.ptx 858 : 193536 2201376 0 0 0 0 0 0 0 
_1.ptx 859 : 193536 2143328 0 0 0 0 0 0 0 
_1.ptx 860 : 193536 89950784 1152 0 0 13843 6048 0 0 
_1.ptx 862 : 193536 2144256 0 0 0 0 0 0 0 
_1.ptx 863 : 193536 1379680 0 0 0 0 0 0 0 
_1.ptx 864 : 193536 2197440 0 0 0 0 0 0 0 
_1.ptx 865 : 193536 2143968 0 0 0 0 0 0 0 
_1.ptx 866 : 193536 91664320 2048 0 0 13843 6048 0 0 
_1.ptx 868 : 193536 2142976 0 0 0 0 0 0 0 
_1.ptx 869 : 193536 1377472 0 0 0 0 0 0 0 
_1.ptx 870 : 193536 2325504 0 0 0 0 0 0 0 
_1.ptx 871 : 193536 2141312 0 0 0 0 0 0 0 
_1.ptx 872 : 193536 91695520 2304 0 0 13843 6048 0 0 
_1.ptx 874 : 193536 2144768 0 0 0 0 0 0 0 
_1.ptx 875 : 193536 1379552 0 0 0 0 0 0 0 
_1.ptx 876 : 193536 2182912 0 0 0 0 0 0 0 
_1.ptx 877 : 193536 2143648 0 0 0 0 0 0 0 
_1.ptx 878 : 193536 87847072 896 0 0 13843 6048 0 0 
_1.ptx 880 : 193536 2142720 0 0 0 0 0 0 0 
_1.ptx 881 : 193536 1379904 0 0 0 0 0 0 0 
_1.ptx 882 : 193536 2253856 0 0 0 0 0 0 0 
_1.ptx 883 : 193536 2142752 0 0 0 0 0 0 0 
_1.ptx 884 : 193536 87232768 896 0 0 13843 6048 0 0 
_1.ptx 886 : 193536 9402240 0 0 0 0 0 0 0 
_1.ptx 887 : 193536 9641344 0 0 0 0 0 0 0 
_1.ptx 888 : 193536 9748608 0 0 0 0 0 0 0 
_1.ptx 889 : 193536 1169600 0 0 0 0 0 0 0 
_1.ptx 890 : 193536 2145600 0 0 0 0 0 0 0 
_1.ptx 891 : 193536 9893952 0 0 0 0 0 0 0 
_1.ptx 892 : 193536 10233600 0 0 0 0 0 0 0 
_1.ptx 893 : 193536 10160256 0 0 0 0 0 0 0 
_1.ptx 894 : 193536 1180416 0 0 0 0 0 0 0 
_1.ptx 895 : 193536 2148960 0 0 0 0 0 0 0 
_1.ptx 896 : 193536 2158720 0 0 0 0 0 0 0 
_1.ptx 897 : 193536 2174720 0 0 0 0 0 0 0 
_1.ptx 898 : 193536 1770240 0 0 0 0 0 0 0 
_1.ptx 899 : 193536 1765312 0 0 0 0 0 0 0 
_1.ptx 900 : 193536 1766112 0 0 0 0 0 0 0 
_1.ptx 901 : 193536 1772416 0 0 0 0 0 0 0 
_1.ptx 902 : 193536 2165920 0 0 0 0 0 0 0 
_1.ptx 903 : 193536 2146432 0 0 0 0 0 0 0 
_1.ptx 904 : 193536 2151552 0 0 0 0 0 0 0 
_1.ptx 905 : 193536 2148800 0 0 0 0 0 0 0 
_1.ptx 906 : 193536 1181952 0 0 0 0 0 0 0 
_1.ptx 907 : 193536 2152928 0 0 0 0 0 0 0 
_1.ptx 908 : 193536 1190720 0 0 0 0 0 0 0 
_1.ptx 909 : 193536 2163616 0 0 0 0 0 0 0 
_1.ptx 910 : 193536 4506752 0 0 0 0 0 0 0 
_1.ptx 911 : 193536 5537344 0 0 0 0 0 0 0 
_1.ptx 912 : 193536 2150848 0 0 0 0 0 0 0 
_1.ptx 913 : 193536 1183744 0 0 0 0 0 0 0 
_1.ptx 914 : 193536 2144352 0 0 0 0 0 0 0 
_1.ptx 915 : 193536 10093024 0 0 0 0 0 0 0 
_1.ptx 916 : 193536 3354784 0 0 0 0 0 0 0 
_1.ptx 917 : 193536 2144544 0 0 0 0 0 0 0 
_1.ptx 918 : 193536 1176128 0 0 0 0 0 0 0 
_1.ptx 919 : 193536 2145440 0 0 0 0 0 0 0 
_1.ptx 920 : 193536 9487968 0 0 0 0 0 0 0 
_1.ptx 921 : 193536 4578176 0 0 0 0 0 0 0 
_1.ptx 922 : 193536 2145088 0 0 0 0 0 0 0 
_1.ptx 923 : 193536 2159104 0 0 0 0 0 0 0 
_1.ptx 924 : 193536 1764096 0 0 0 0 0 0 0 
_1.ptx 925 : 193536 1768288 0 0 0 0 0 0 0 
_1.ptx 926 : 193536 3270208 0 0 0 0 0 0 0 
_1.ptx 927 : 193536 1402528 0 0 0 0 0 0 0 
_1.ptx 928 : 193536 1218528 0 0 0 0 0 0 0 
_1.ptx 929 : 193536 2165472 0 0 0 0 0 0 0 
_1.ptx 930 : 193536 1192832 0 0 0 0 0 0 0 
_1.ptx 931 : 193536 2152576 0 0 0 0 0 0 0 
_1.ptx 932 : 193536 2148800 0 0 0 0 0 0 0 
_1.ptx 934 : 193536 2150048 0 0 0 0 0 0 0 
_1.ptx 935 : 193536 1759616 0 0 0 0 0 0 0 
_1.ptx 937 : 193536 2148352 0 0 0 0 0 0 0 
_1.ptx 938 : 193536 1756544 0 0 0 0 0 0 0 
_1.ptx 940 : 193536 2149152 0 0 0 0 0 0 0 
_1.ptx 941 : 193536 1769184 0 0 0 0 0 0 0 
_1.ptx 943 : 193536 2153792 0 0 0 0 0 0 0 
_1.ptx 944 : 193536 1760288 0 0 0 0 0 0 0 
_1.ptx 946 : 193536 2155520 0 0 0 0 0 0 0 
_1.ptx 947 : 193536 1765184 0 0 0 0 0 0 0 
_1.ptx 949 : 193536 1196864 0 0 0 0 0 0 0 
_1.ptx 950 : 193536 2151872 0 0 0 0 0 0 0 
_1.ptx 951 : 193536 2154592 0 0 0 0 0 0 0 
_1.ptx 952 : 193536 1759168 0 0 0 0 0 0 0 
_1.ptx 954 : 193536 2161088 0 0 0 0 0 0 0 
_1.ptx 955 : 193536 2155232 0 0 0 0 0 0 0 
_1.ptx 956 : 193536 2148064 0 0 0 0 0 0 0 
_1.ptx 957 : 193536 1755456 0 0 0 0 0 0 0 
_1.ptx 958 : 193536 1754816 0 0 0 0 0 0 0 
_1.ptx 960 : 193536 1756672 0 0 0 0 0 0 0 
_1.ptx 961 : 193536 1759040 0 0 0 0 0 0 0 
_1.ptx 962 : 193536 2149344 0 0 0 0 0 0 0 
_1.ptx 963 : 193536 1758432 0 0 0 0 0 0 0 
_1.ptx 965 : 193536 2155680 0 0 0 0 0 0 0 
_1.ptx 966 : 193536 2152160 0 0 0 0 0 0 0 
_1.ptx 967 : 193536 2154880 0 0 0 0 0 0 0 
_1.ptx 968 : 193536 1759392 0 0 0 0 0 0 0 
_1.ptx 970 : 193536 2152992 0 0 0 0 0 0 0 
_1.ptx 971 : 193536 2153120 0 0 0 0 0 0 0 
_1.ptx 972 : 193536 2153184 0 0 0 0 0 0 0 
_1.ptx 973 : 193536 1761280 0 0 0 0 0 0 0 
_1.ptx 975 : 193536 1189248 0 0 0 0 0 0 0 
_1.ptx 976 : 193536 2148672 0 0 0 0 0 0 0 
_1.ptx 977 : 193536 2149056 0 0 0 0 0 0 0 
_1.ptx 978 : 193536 1761664 0 0 0 0 0 0 0 
_1.ptx 980 : 193536 2174912 0 0 0 0 0 0 0 
_1.ptx 981 : 193536 1751424 0 0 0 0 0 0 0 
_1.ptx 982 : 193536 1764096 0 0 0 0 0 0 0 
_1.ptx 984 : 193536 1775744 0 0 0 0 0 0 0 
_1.ptx 986 : 193536 1766944 0 0 0 0 0 0 0 
_1.ptx 987 : 193536 1772704 0 0 0 0 0 0 0 
_1.ptx 988 : 193536 2153312 0 0 0 0 0 0 0 
_1.ptx 989 : 193536 1759168 0 0 0 0 0 0 0 
_1.ptx 991 : 193536 2154656 0 0 0 0 0 0 0 
_1.ptx 992 : 193536 2151904 0 0 0 0 0 0 0 
_1.ptx 993 : 193536 2152000 0 0 0 0 0 0 0 
_1.ptx 994 : 193536 1759680 0 0 0 0 0 0 0 
_1.ptx 996 : 193536 1187808 0 0 0 0 0 0 0 
_1.ptx 997 : 193536 2147520 0 0 0 0 0 0 0 
_1.ptx 998 : 193536 2146624 0 0 0 0 0 0 0 
_1.ptx 999 : 193536 1757888 0 0 0 0 0 0 0 
_1.ptx 1001 : 193536 2270592 0 0 0 0 0 0 0 
_1.ptx 1002 : 193536 1750560 0 0 0 0 0 0 0 
_1.ptx 1003 : 193536 1760704 0 0 0 0 0 0 0 
_1.ptx 1005 : 193536 1772736 0 0 0 0 0 0 0 
_1.ptx 1007 : 193536 1784224 0 0 0 0 0 0 0 
_1.ptx 1009 : 193536 1773472 0 0 0 0 0 0 0 
_1.ptx 1010 : 193536 1760736 0 0 0 0 0 0 0 
_1.ptx 1011 : 193536 2150592 0 0 0 0 0 0 0 
_1.ptx 1012 : 193536 1756832 0 0 0 0 0 0 0 
_1.ptx 1013 : 193536 1189312 0 0 0 0 0 0 0 
_1.ptx 1130 : 193536 2138848 0 0 0 0 0 0 0 
_1.ptx 1131 : 193536 111266912 774144 0 0 6048 6048 0 0 
_1.ptx 1133 : 193536 2140864 0 0 0 0 0 0 0 
_1.ptx 1134 : 193536 107553504 774144 0 0 6048 6048 0 0 
_1.ptx 1136 : 193536 2203424 0 0 0 0 0 0 0 
_1.ptx 1137 : 193536 2138976 0 0 0 0 0 0 0 
_1.ptx 1138 : 193536 1381440 0 0 0 0 0 0 0 
_1.ptx 1139 : 193536 2134304 0 0 0 0 0 0 0 
_1.ptx 1140 : 193536 2140416 0 0 0 0 0 0 0 
_1.ptx 1141 : 193536 109974144 774144 0 0 6048 6048 0 0 
_1.ptx 1143 : 193536 2113472 0 0 0 0 0 0 0 
_1.ptx 1144 : 193536 2138080 0 0 0 0 0 0 0 
_1.ptx 1145 : 193536 1371552 0 0 0 0 0 0 0 
_1.ptx 1146 : 193536 2306240 0 0 0 0 0 0 0 
_1.ptx 1147 : 193536 2138080 0 0 0 0 0 0 0 
_1.ptx 1148 : 193536 110497152 774144 0 0 6048 6048 0 0 
_1.ptx 1149 : 193536 1168928 0 0 0 0 0 0 0 
_1.ptx 1150 : 193536 1566816 0 0 0 0 0 0 0 
_1.ptx 1151 : 193536 0 0 0 0 0 0 0 0 
_1.ptx 1153 : 193536 1378144 0 0 0 0 0 0 0 
_1.ptx 1154 : 193536 2162048 0 0 0 0 0 0 0 
_1.ptx 1155 : 193536 2140864 0 0 0 0 0 0 0 
_1.ptx 1156 : 193536 192877920 715776 0 0 128577 6048 0 0 
_1.ptx 1158 : 193536 2140256 0 0 0 0 0 0 0 
_1.ptx 1159 : 193536 1374272 0 0 0 0 0 0 0 
_1.ptx 1160 : 193536 2140768 0 0 0 0 0 0 0 
_1.ptx 1161 : 193536 2138880 0 0 0 0 0 0 0 
_1.ptx 1162 : 193536 222754176 736000 0 0 128577 6048 0 0 
_1.ptx 1164 : 193536 2139680 0 0 0 0 0 0 0 
_1.ptx 1165 : 193536 1368128 0 0 0 0 0 0 0 
_1.ptx 1166 : 193536 2061536 0 0 0 0 0 0 0 
_1.ptx 1167 : 193536 2137120 0 0 0 0 0 0 0 
_1.ptx 1168 : 193536 224082016 727680 0 0 128577 6048 0 0 
_1.ptx 1170 : 193536 2141440 0 0 0 0 0 0 0 
_1.ptx 1171 : 193536 1367424 0 0 0 0 0 0 0 
_1.ptx 1172 : 193536 2043168 0 0 0 0 0 0 0 
_1.ptx 1173 : 193536 2138048 0 0 0 0 0 0 0 
_1.ptx 1174 : 193536 227525504 695936 0 0 128577 6048 0 0 
_1.ptx 1176 : 193536 2137472 0 0 0 0 0 0 0 
_1.ptx 1177 : 193536 1367104 0 0 0 0 0 0 0 
_1.ptx 1178 : 193536 2029408 0 0 0 0 0 0 0 
_1.ptx 1179 : 193536 2135872 0 0 0 0 0 0 0 
_1.ptx 1180 : 193536 223425216 684928 0 0 128577 6048 0 0 
_1.ptx 1182 : 193536 9042496 0 0 0 0 0 0 0 
_1.ptx 1183 : 193536 9197248 0 0 0 0 0 0 0 
_1.ptx 1184 : 193536 9267712 0 0 0 0 0 0 0 
_1.ptx 1185 : 193536 1165408 0 0 0 0 0 0 0 
_1.ptx 1186 : 193536 2138080 0 0 0 0 0 0 0 
_1.ptx 1187 : 193536 9252096 0 0 0 0 0 0 0 
_1.ptx 1188 : 193536 9265920 0 0 0 0 0 0 0 
_1.ptx 1189 : 193536 9185888 0 0 0 0 0 0 0 
_1.ptx 1190 : 193536 1166304 0 0 0 0 0 0 0 
_1.ptx 1191 : 193536 2137792 0 0 0 0 0 0 0 
_1.ptx 1192 : 193536 2144192 0 0 0 0 0 0 0 
_1.ptx 1193 : 193536 2149248 0 0 0 0 0 0 0 
_1.ptx 1194 : 193536 1753600 0 0 0 0 0 0 0 
_1.ptx 1195 : 193536 1751424 0 0 0 0 0 0 0 
_1.ptx 1196 : 193536 1752256 0 0 0 0 0 0 0 
_1.ptx 1197 : 193536 1755296 0 0 0 0 0 0 0 
_1.ptx 1198 : 193536 2144224 0 0 0 0 0 0 0 
_1.ptx 1199 : 193536 2139936 0 0 0 0 0 0 0 
_1.ptx 1200 : 193536 2147776 0 0 0 0 0 0 0 
_1.ptx 1201 : 193536 2140128 0 0 0 0 0 0 0 
_1.ptx 1202 : 193536 1169312 0 0 0 0 0 0 0 
_1.ptx 1203 : 193536 2148992 0 0 0 0 0 0 0 
_1.ptx 1204 : 193536 1169824 0 0 0 0 0 0 0 
_1.ptx 1205 : 193536 2137600 0 0 0 0 0 0 0 
_1.ptx 1206 : 193536 2993312 0 0 0 0 0 0 0 
_1.ptx 1207 : 193536 4097984 0 0 0 0 0 0 0 
_1.ptx 1208 : 193536 2140160 0 0 0 0 0 0 0 
_1.ptx 1209 : 193536 1170432 0 0 0 0 0 0 0 
_1.ptx 1210 : 193536 2268128 0 0 0 0 0 0 0 
_1.ptx 1211 : 193536 9167008 0 0 0 0 0 0 0 
_1.ptx 1212 : 193536 2897792 0 0 0 0 0 0 0 
_1.ptx 1213 : 193536 2138880 0 0 0 0 0 0 0 
_1.ptx 1214 : 193536 1167200 0 0 0 0 0 0 0 
_1.ptx 1215 : 193536 2137920 0 0 0 0 0 0 0 
_1.ptx 1216 : 193536 9178944 0 0 0 0 0 0 0 
_1.ptx 1217 : 193536 3019328 0 0 0 0 0 0 0 
_1.ptx 1218 : 193536 2137376 0 0 0 0 0 0 0 
_1.ptx 1219 : 193536 2146048 0 0 0 0 0 0 0 
_1.ptx 1220 : 193536 1755616 0 0 0 0 0 0 0 
_1.ptx 1221 : 193536 1756416 0 0 0 0 0 0 0 
_1.ptx 1222 : 193536 2979200 0 0 0 0 0 0 0 
_1.ptx 1223 : 193536 1377792 0 0 0 0 0 0 0 
_1.ptx 1224 : 193536 1193312 0 0 0 0 0 0 0 
_1.ptx 1225 : 193536 2147456 0 0 0 0 0 0 0 
_1.ptx 1226 : 193536 1173216 0 0 0 0 0 0 0 
_1.ptx 1227 : 193536 2140192 0 0 0 0 0 0 0 
_1.ptx 1228 : 193536 2137312 0 0 0 0 0 0 0 
_1.ptx 1230 : 193536 2140032 0 0 0 0 0 0 0 
_1.ptx 1231 : 193536 1750240 0 0 0 0 0 0 0 
_1.ptx 1233 : 193536 2140800 0 0 0 0 0 0 0 
_1.ptx 1234 : 193536 1756608 0 0 0 0 0 0 0 
_1.ptx 1236 : 193536 2149952 0 0 0 0 0 0 0 
_1.ptx 1237 : 193536 1752128 0 0 0 0 0 0 0 
_1.ptx 1239 : 193536 2141472 0 0 0 0 0 0 0 
_1.ptx 1240 : 193536 1751552 0 0 0 0 0 0 0 
_1.ptx 1242 : 193536 2143392 0 0 0 0 0 0 0 
_1.ptx 1243 : 193536 1755008 0 0 0 0 0 0 0 
_1.ptx 1245 : 193536 1178080 0 0 0 0 0 0 0 
_1.ptx 1246 : 193536 2140576 0 0 0 0 0 0 0 
_1.ptx 1247 : 193536 2150816 0 0 0 0 0 0 0 
_1.ptx 1248 : 193536 1753440 0 0 0 0 0 0 0 
_1.ptx 1250 : 193536 2141248 0 0 0 0 0 0 0 
_1.ptx 1251 : 193536 2141408 0 0 0 0 0 0 0 
_1.ptx 1252 : 193536 2139744 0 0 0 0 0 0 0 
_1.ptx 1253 : 193536 1751072 0 0 0 0 0 0 0 
_1.ptx 1254 : 193536 1751168 0 0 0 0 0 0 0 
_1.ptx 1256 : 193536 1756576 0 0 0 0 0 0 0 
_1.ptx 1257 : 193536 1753536 0 0 0 0 0 0 0 
_1.ptx 1258 : 193536 2143232 0 0 0 0 0 0 0 
_1.ptx 1259 : 193536 1751200 0 0 0 0 0 0 0 
_1.ptx 1261 : 193536 2144416 0 0 0 0 0 0 0 
_1.ptx 1262 : 193536 2143328 0 0 0 0 0 0 0 
_1.ptx 1263 : 193536 2144864 0 0 0 0 0 0 0 
_1.ptx 1264 : 193536 1761216 0 0 0 0 0 0 0 
_1.ptx 1266 : 193536 2147520 0 0 0 0 0 0 0 
_1.ptx 1267 : 193536 2142752 0 0 0 0 0 0 0 
_1.ptx 1268 : 193536 2142560 0 0 0 0 0 0 0 
_1.ptx 1269 : 193536 1754816 0 0 0 0 0 0 0 
_1.ptx 1271 : 193536 1175392 0 0 0 0 0 0 0 
_1.ptx 1272 : 193536 2142592 0 0 0 0 0 0 0 
_1.ptx 1273 : 193536 2141952 0 0 0 0 0 0 0 
_1.ptx 1274 : 193536 1753824 0 0 0 0 0 0 0 
_1.ptx 1276 : 193536 2182272 0 0 0 0 0 0 0 
_1.ptx 1277 : 193536 1750336 0 0 0 0 0 0 0 
_1.ptx 1278 : 193536 1755712 0 0 0 0 0 0 0 
_1.ptx 1280 : 193536 1755488 0 0 0 0 0 0 0 
_1.ptx 1282 : 193536 1757824 0 0 0 0 0 0 0 
_1.ptx 1283 : 193536 1760032 0 0 0 0 0 0 0 
_1.ptx 1284 : 193536 2145984 0 0 0 0 0 0 0 
_1.ptx 1285 : 193536 1753568 0 0 0 0 0 0 0 
_1.ptx 1287 : 193536 2146016 0 0 0 0 0 0 0 
_1.ptx 1288 : 193536 2144128 0 0 0 0 0 0 0 
_1.ptx 1289 : 193536 2144992 0 0 0 0 0 0 0 
_1.ptx 1290 : 193536 1755456 0 0 0 0 0 0 0 
_1.ptx 1292 : 193536 1177440 0 0 0 0 0 0 0 
_1.ptx 1293 : 193536 2143968 0 0 0 0 0 0 0 
_1.ptx 1294 : 193536 2146016 0 0 0 0 0 0 0 
_1.ptx 1295 : 193536 1753376 0 0 0 0 0 0 0 
_1.ptx 1297 : 193536 2168448 0 0 0 0 0 0 0 
_1.ptx 1298 : 193536 1754528 0 0 0 0 0 0 0 
_1.ptx 1299 : 193536 1753472 0 0 0 0 0 0 0 
_1.ptx 1301 : 193536 1757984 0 0 0 0 0 0 0 
_1.ptx 1303 : 193536 1782144 0 0 0 0 0 0 0 
_1.ptx 1305 : 193536 1760416 0 0 0 0 0 0 0 
_1.ptx 1306 : 193536 1772000 0 0 0 0 0 0 0 
_1.ptx 1307 : 193536 2145024 0 0 0 0 0 0 0 
_1.ptx 1308 : 193536 1753216 0 0 0 0 0 0 0 
_1.ptx 1309 : 193536 1180672 0 0 0 0 0 0 0 
_1.ptx 1426 : 193536 31943904 0 0 0 0 0 0 0 
_1.ptx 1427 : 193536 2144416 0 0 0 0 0 0 0 
_1.ptx 1428 : 193536 20050816 774144 0 0 6048 6048 0 0 
_1.ptx 1430 : 193536 2141088 0 0 0 0 0 0 0 
_1.ptx 1431 : 193536 13710112 774144 0 0 6048 6048 0 0 
_1.ptx 1433 : 193536 2141504 0 0 0 0 0 0 0 
_1.ptx 1434 : 193536 14022432 774144 0 0 6048 6048 0 0 
_1.ptx 1436 : 193536 2140576 0 0 0 0 0 0 0 
_1.ptx 1437 : 193536 14111904 774144 0 0 6048 6048 0 0 
_1.ptx 1439 : 193536 2143168 0 0 0 0 0 0 0 
_1.ptx 1440 : 193536 11687680 774144 0 0 6048 6048 0 0 
_1.ptx 1442 : 193536 1168384 0 0 0 0 0 0 0 
