kernel line : count latency dram_traffic smem_bk_conflicts smem_warp gmem_access_generated gmem_warp exposed_latency warp_divergence
_1.ptx 77 : 65792 442656 0 0 0 0 0 0 0 
_1.ptx 78 : 65792 439456 0 0 0 0 0 0 0 
_1.ptx 79 : 65792 436608 0 0 0 0 0 0 0 
_1.ptx 80 : 65792 434720 0 0 0 0 0 0 0 
_1.ptx 81 : 65792 435264 0 0 0 0 0 0 0 
_1.ptx 83 : 65792 435136 0 0 0 0 0 0 0 
_1.ptx 84 : 65792 787904 0 0 0 0 0 0 0 
_1.ptx 85 : 65792 432384 0 0 0 0 0 0 0 
_1.ptx 86 : 65792 496640 0 0 0 0 0 0 0 
_1.ptx 87 : 65792 894912 0 0 0 0 0 0 0 
_1.ptx 88 : 65792 756064 0 0 0 0 0 0 0 
_1.ptx 89 : 65792 759712 0 0 0 0 0 0 0 
_1.ptx 90 : 65792 523200 0 0 0 0 0 0 0 
_1.ptx 91 : 65792 733760 0 0 0 0 0 0 0 
_1.ptx 92 : 65792 2899296 128 0 0 0 0 0 0 
_1.ptx 93 : 65792 737408 0 0 0 0 0 0 0 
_1.ptx 94 : 65792 22973184 263168 0 0 2056 2056 0 0 
_1.ptx 95 : 65792 1620064 0 2056 2056 0 0 0 0 
_1.ptx 97 : 65792 407776 0 0 0 0 0 0 0 
_1.ptx 98 : 65792 734688 0 0 0 0 0 0 0 
_1.ptx 99 : 65792 2969792 1024 0 0 0 0 0 0 
_1.ptx 100 : 65792 733440 0 0 0 0 0 0 0 
_1.ptx 101 : 65792 1484128 0 2056 2056 0 0 0 0 
_1.ptx 103 : 65792 409280 0 0 0 0 0 0 0 
_1.ptx 104 : 65792 734240 0 0 0 0 0 0 0 
_1.ptx 105 : 65792 2607072 1024 0 0 0 0 0 0 
_1.ptx 106 : 65792 735136 0 0 0 0 0 0 0 
_1.ptx 107 : 65792 1302144 0 2056 2056 0 0 0 0 
_1.ptx 109 : 65792 409184 0 0 0 0 0 0 0 
_1.ptx 110 : 65792 734432 0 0 0 0 0 0 0 
_1.ptx 111 : 65792 2629664 1024 0 0 0 0 0 0 
_1.ptx 112 : 65792 732288 0 0 0 0 0 0 0 
_1.ptx 113 : 65792 1108768 0 2056 2056 0 0 0 0 
_1.ptx 115 : 65792 408736 0 0 0 0 0 0 0 
_1.ptx 116 : 65792 734816 0 0 0 0 0 0 0 
_1.ptx 117 : 65792 2606720 1024 0 0 0 0 0 0 
_1.ptx 118 : 65792 732384 0 0 0 0 0 0 0 
_1.ptx 119 : 65792 842816 0 2056 2056 0 0 0 0 
_1.ptx 121 : 65792 409152 0 0 0 0 0 0 0 
_1.ptx 122 : 65792 419040 0 0 0 0 0 0 0 
_1.ptx 124 : 65792 491552 0 0 0 0 0 0 0 
_1.ptx 125 : 65792 496224 0 0 0 0 0 0 0 
_1.ptx 126 : 65792 429312 0 0 0 0 0 0 0 
_1.ptx 127 : 65792 495456 0 0 0 0 0 0 0 
_1.ptx 128 : 65792 431744 0 0 0 0 0 0 0 
_1.ptx 129 : 65792 496032 0 0 0 0 0 0 0 
_1.ptx 130 : 65792 432704 0 0 0 0 0 0 0 
_1.ptx 131 : 65792 492224 0 0 0 0 0 0 0 
_1.ptx 132 : 65792 1388576 128 0 0 0 0 0 0 
_1.ptx 133 : 65792 490720 0 0 0 0 0 0 0 
_1.ptx 135 : 65792 744384 0 0 0 0 0 0 0 
_1.ptx 136 : 65792 595136 0 2056 2056 0 0 0 0 
_1.ptx 137 : 65792 547776 0 0 0 0 0 0 0 
_1.ptx 138 : 65792 364032 0 2056 2056 0 0 0 0 
_1.ptx 140 : 65792 416864 0 0 0 0 0 0 0 
_1.ptx 142 : 65792 492672 0 0 0 0 0 0 0 
_1.ptx 143 : 65792 794208 0 0 0 0 0 0 0 
_1.ptx 144 : 65792 859872 0 0 0 0 0 0 0 
_1.ptx 145 : 65792 495360 0 0 0 0 0 0 0 
_1.ptx 146 : 65792 436192 0 0 0 0 0 0 0 
_1.ptx 147 : 65792 744960 0 0 0 0 0 0 0 
_1.ptx 148 : 65792 1090880 128 0 0 0 0 0 0 
_1.ptx 149 : 65792 738912 0 0 0 0 0 0 0 
_1.ptx 150 : 65792 490592 0 0 0 0 0 0 0 
_1.ptx 151 : 65792 766656 0 0 0 0 0 0 0 
_1.ptx 152 : 65792 736416 0 0 0 0 0 0 0 
_1.ptx 153 : 65792 564224 0 2056 2056 0 0 0 0 
_1.ptx 154 : 65792 487552 0 0 0 0 0 0 0 
_1.ptx 155 : 65792 716736 0 0 0 0 0 0 0 
_1.ptx 156 : 65792 737632 0 0 0 0 0 0 0 
_1.ptx 157 : 65792 581504 0 2443 2056 0 0 0 0 
_1.ptx 159 : 65792 302688 0 0 0 0 0 0 0 
_1.ptx 160 : 65792 736320 0 0 0 0 0 0 0 
_1.ptx 161 : 65792 491872 0 0 0 0 0 0 0 
_1.ptx 162 : 65792 709408 0 0 0 0 0 0 0 
_1.ptx 163 : 65792 738176 0 0 0 0 0 0 0 
_1.ptx 164 : 65792 567968 0 2056 2056 0 0 0 0 
_1.ptx 165 : 65792 488384 0 0 0 0 0 0 0 
_1.ptx 166 : 65792 707200 0 0 0 0 0 0 0 
_1.ptx 167 : 65792 737760 0 0 0 0 0 0 0 
_1.ptx 168 : 65792 591872 0 2659 2056 0 0 0 0 
_1.ptx 170 : 65792 306176 0 0 0 0 0 0 0 
_1.ptx 171 : 65792 736864 0 0 0 0 0 0 0 
_1.ptx 172 : 65792 488736 0 0 0 0 0 0 0 
_1.ptx 173 : 65792 724544 0 0 0 0 0 0 0 
_1.ptx 174 : 65792 738944 0 0 0 0 0 0 0 
_1.ptx 175 : 65792 568000 0 2056 2056 0 0 0 0 
_1.ptx 176 : 65792 488000 0 0 0 0 0 0 0 
_1.ptx 177 : 65792 711104 0 0 0 0 0 0 0 
_1.ptx 178 : 65792 735040 0 0 0 0 0 0 0 
_1.ptx 179 : 65792 585536 0 2618 2056 0 0 0 0 
_1.ptx 181 : 65792 309888 0 0 0 0 0 0 0 
_1.ptx 182 : 65792 735360 0 0 0 0 0 0 0 
_1.ptx 183 : 65792 490272 0 0 0 0 0 0 0 
_1.ptx 184 : 65792 711168 0 0 0 0 0 0 0 
_1.ptx 185 : 65792 736992 0 0 0 0 0 0 0 
_1.ptx 186 : 65792 559808 0 2056 2056 0 0 0 0 
_1.ptx 187 : 65792 485824 0 0 0 0 0 0 0 
_1.ptx 188 : 65792 749472 0 0 0 0 0 0 0 
_1.ptx 189 : 65792 740256 0 0 0 0 0 0 0 
_1.ptx 190 : 65792 591712 0 2658 2056 0 0 0 0 
_1.ptx 192 : 65792 684800 0 0 0 0 0 0 0 
_1.ptx 193 : 65792 505280 0 0 0 0 0 0 0 
_1.ptx 194 : 65792 450816 0 0 0 0 0 0 0 
_1.ptx 195 : 65792 509024 0 0 0 0 0 0 0 
_1.ptx 196 : 65792 448256 0 0 0 0 0 0 0 
_1.ptx 197 : 65792 506880 0 0 0 0 0 0 0 
_1.ptx 198 : 65792 445120 0 0 0 0 0 0 0 
_1.ptx 199 : 65792 503552 0 0 0 0 0 0 0 
_1.ptx 200 : 65792 738336 0 0 0 0 0 0 0 
_1.ptx 201 : 65792 497760 0 0 0 0 0 0 0 
_1.ptx 203 : 65792 551328 0 0 0 0 0 0 0 
_1.ptx 204 : 65792 552032 0 0 0 0 0 0 0 
_1.ptx 205 : 65792 555104 0 0 0 0 0 0 0 
_1.ptx 206 : 65792 549024 0 0 0 0 0 0 0 
_1.ptx 207 : 65792 364064 0 2056 2056 0 0 0 0 
_1.ptx 209 : 65792 419488 0 0 0 0 0 0 0 
_1.ptx 211 : 65792 746176 0 0 0 0 0 0 0 
_1.ptx 212 : 65792 593920 0 2056 2056 0 0 0 0 
_1.ptx 213 : 65792 489920 0 0 0 0 0 0 0 
_1.ptx 214 : 65792 706816 0 0 0 0 0 0 0 
_1.ptx 215 : 65792 741056 0 0 0 0 0 0 0 
_1.ptx 216 : 65792 655456 0 3946 2056 0 0 0 0 
_1.ptx 218 : 65792 739008 0 0 0 0 0 0 0 
_1.ptx 219 : 65792 597184 0 2056 2056 0 0 0 0 
_1.ptx 220 : 65792 489792 0 0 0 0 0 0 0 
_1.ptx 221 : 65792 707136 0 0 0 0 0 0 0 
_1.ptx 222 : 65792 739104 0 0 0 0 0 0 0 
_1.ptx 223 : 65792 663104 0 3947 2056 0 0 0 0 
_1.ptx 225 : 65792 737408 0 0 0 0 0 0 0 
_1.ptx 226 : 65792 600096 0 2056 2056 0 0 0 0 
_1.ptx 227 : 65792 489088 0 0 0 0 0 0 0 
_1.ptx 228 : 65792 728160 0 0 0 0 0 0 0 
_1.ptx 229 : 65792 740096 0 0 0 0 0 0 0 
_1.ptx 230 : 65792 666624 0 4093 2056 0 0 0 0 
_1.ptx 232 : 65792 744096 0 0 0 0 0 0 0 
_1.ptx 233 : 65792 604416 0 2056 2056 0 0 0 0 
_1.ptx 234 : 65792 490016 0 0 0 0 0 0 0 
_1.ptx 235 : 65792 707744 0 0 0 0 0 0 0 
_1.ptx 236 : 65792 742848 0 0 0 0 0 0 0 
_1.ptx 237 : 65792 650688 0 3974 2056 0 0 0 0 
_1.ptx 239 : 65792 681632 0 0 0 0 0 0 0 
_1.ptx 240 : 65792 499616 0 0 0 0 0 0 0 
_1.ptx 241 : 65792 441952 0 0 0 0 0 0 0 
_1.ptx 242 : 65792 497760 0 0 0 0 0 0 0 
_1.ptx 243 : 65792 438624 0 0 0 0 0 0 0 
_1.ptx 244 : 65792 500096 0 0 0 0 0 0 0 
_1.ptx 245 : 65792 438464 0 0 0 0 0 0 0 
_1.ptx 246 : 65792 496096 0 0 0 0 0 0 0 
_1.ptx 247 : 65792 736192 0 0 0 0 0 0 0 
_1.ptx 248 : 65792 497952 0 0 0 0 0 0 0 
_1.ptx 250 : 65792 552672 0 0 0 0 0 0 0 
_1.ptx 251 : 65792 552256 0 0 0 0 0 0 0 
_1.ptx 252 : 65792 553632 0 0 0 0 0 0 0 
_1.ptx 253 : 65792 553664 0 0 0 0 0 0 0 
_1.ptx 254 : 65792 369696 0 2056 2056 0 0 0 0 
_1.ptx 256 : 65792 418656 0 0 0 0 0 0 0 
_1.ptx 258 : 65792 606880 0 2056 2056 0 0 0 0 
_1.ptx 259 : 65792 488224 0 0 0 0 0 0 0 
_1.ptx 260 : 65792 710016 0 0 0 0 0 0 0 
_1.ptx 261 : 65792 740704 0 0 0 0 0 0 0 
_1.ptx 262 : 65792 695488 0 4607 2056 0 0 0 0 
_1.ptx 264 : 65792 650848 0 2056 2056 0 0 0 0 
_1.ptx 265 : 65792 485344 0 0 0 0 0 0 0 
_1.ptx 266 : 65792 704448 0 0 0 0 0 0 0 
_1.ptx 267 : 65792 738176 0 0 0 0 0 0 0 
_1.ptx 268 : 65792 662976 0 3999 2056 0 0 0 0 
_1.ptx 270 : 65792 642272 0 2056 2056 0 0 0 0 
_1.ptx 271 : 65792 486784 0 0 0 0 0 0 0 
_1.ptx 272 : 65792 704064 0 0 0 0 0 0 0 
_1.ptx 273 : 65792 737536 0 0 0 0 0 0 0 
_1.ptx 274 : 65792 665472 0 3985 2056 0 0 0 0 
_1.ptx 276 : 65792 633920 0 2056 2056 0 0 0 0 
_1.ptx 277 : 65792 488736 0 0 0 0 0 0 0 
_1.ptx 278 : 65792 696736 0 0 0 0 0 0 0 
_1.ptx 279 : 65792 740576 0 0 0 0 0 0 0 
_1.ptx 280 : 65792 673632 0 4060 2056 0 0 0 0 
_1.ptx 282 : 65792 681280 0 0 0 0 0 0 0 
_1.ptx 283 : 65792 499872 0 0 0 0 0 0 0 
_1.ptx 284 : 65792 443584 0 0 0 0 0 0 0 
_1.ptx 285 : 65792 503776 0 0 0 0 0 0 0 
_1.ptx 286 : 65792 438720 0 0 0 0 0 0 0 
_1.ptx 287 : 65792 503136 0 0 0 0 0 0 0 
_1.ptx 288 : 65792 439104 0 0 0 0 0 0 0 
_1.ptx 289 : 65792 500768 0 0 0 0 0 0 0 
_1.ptx 290 : 65792 737088 0 0 0 0 0 0 0 
_1.ptx 291 : 65792 493696 0 0 0 0 0 0 0 
_1.ptx 293 : 65792 551456 0 0 0 0 0 0 0 
_1.ptx 294 : 65792 552224 0 0 0 0 0 0 0 
_1.ptx 295 : 65792 552512 0 0 0 0 0 0 0 
_1.ptx 296 : 65792 551136 0 0 0 0 0 0 0 
_1.ptx 297 : 65792 372768 0 2056 2056 0 0 0 0 
_1.ptx 299 : 65792 415840 0 0 0 0 0 0 0 
_1.ptx 301 : 65792 613600 0 2056 2056 0 0 0 0 
_1.ptx 302 : 65792 486912 0 0 0 0 0 0 0 
_1.ptx 303 : 65792 710368 0 0 0 0 0 0 0 
_1.ptx 304 : 65792 742112 0 0 0 0 0 0 0 
_1.ptx 305 : 65792 668416 0 3916 2056 0 0 0 0 
_1.ptx 307 : 65792 636256 0 2056 2056 0 0 0 0 
_1.ptx 308 : 65792 488704 0 0 0 0 0 0 0 
_1.ptx 309 : 65792 700288 0 0 0 0 0 0 0 
_1.ptx 310 : 65792 740192 0 0 0 0 0 0 0 
_1.ptx 311 : 65792 665696 0 3959 2056 0 0 0 0 
_1.ptx 313 : 65792 641856 0 2056 2056 0 0 0 0 
_1.ptx 314 : 65792 486880 0 0 0 0 0 0 0 
_1.ptx 315 : 65792 704256 0 0 0 0 0 0 0 
_1.ptx 316 : 65792 739296 0 0 0 0 0 0 0 
_1.ptx 317 : 65792 667264 0 3927 2056 0 0 0 0 
_1.ptx 319 : 65792 629120 0 2056 2056 0 0 0 0 
_1.ptx 320 : 65792 489248 0 0 0 0 0 0 0 
_1.ptx 321 : 65792 712096 0 0 0 0 0 0 0 
_1.ptx 322 : 65792 739712 0 0 0 0 0 0 0 
_1.ptx 323 : 65792 668384 0 3946 2056 0 0 0 0 
_1.ptx 325 : 65792 683680 0 0 0 0 0 0 0 
_1.ptx 326 : 65792 501344 0 0 0 0 0 0 0 
_1.ptx 327 : 65792 437280 0 0 0 0 0 0 0 
_1.ptx 328 : 65792 501376 0 0 0 0 0 0 0 
_1.ptx 329 : 65792 436160 0 0 0 0 0 0 0 
_1.ptx 330 : 65792 501504 0 0 0 0 0 0 0 
_1.ptx 331 : 65792 435072 0 0 0 0 0 0 0 
_1.ptx 332 : 65792 497600 0 0 0 0 0 0 0 
_1.ptx 333 : 65792 737632 0 0 0 0 0 0 0 
_1.ptx 334 : 65792 494304 0 0 0 0 0 0 0 
_1.ptx 336 : 65792 553536 0 0 0 0 0 0 0 
_1.ptx 337 : 65792 554080 0 0 0 0 0 0 0 
_1.ptx 338 : 65792 559680 0 0 0 0 0 0 0 
_1.ptx 339 : 65792 552160 0 0 0 0 0 0 0 
_1.ptx 340 : 65792 376096 0 2056 2056 0 0 0 0 
_1.ptx 342 : 65792 417728 0 0 0 0 0 0 0 
_1.ptx 344 : 65792 613952 0 2056 2056 0 0 0 0 
_1.ptx 345 : 65792 488000 0 0 0 0 0 0 0 
_1.ptx 346 : 65792 714016 0 0 0 0 0 0 0 
_1.ptx 347 : 65792 741152 0 0 0 0 0 0 0 
_1.ptx 348 : 65792 675200 0 4061 2056 0 0 0 0 
_1.ptx 350 : 65792 642432 0 2056 2056 0 0 0 0 
_1.ptx 351 : 65792 484640 0 0 0 0 0 0 0 
_1.ptx 352 : 65792 699104 0 0 0 0 0 0 0 
_1.ptx 353 : 65792 740160 0 0 0 0 0 0 0 
_1.ptx 354 : 65792 687840 0 4503 2056 0 0 0 0 
_1.ptx 356 : 65792 654144 0 2056 2056 0 0 0 0 
_1.ptx 357 : 65792 484928 0 0 0 0 0 0 0 
_1.ptx 358 : 65792 722528 0 0 0 0 0 0 0 
_1.ptx 359 : 65792 745312 0 0 0 0 0 0 0 
_1.ptx 360 : 65792 671936 0 3919 2056 0 0 0 0 
_1.ptx 362 : 65792 640960 0 2056 2056 0 0 0 0 
_1.ptx 363 : 65792 484064 0 0 0 0 0 0 0 
_1.ptx 364 : 65792 694752 0 0 0 0 0 0 0 
_1.ptx 365 : 65792 741728 0 0 0 0 0 0 0 
_1.ptx 366 : 65792 657152 0 3967 2056 0 0 0 0 
_1.ptx 368 : 65792 681344 0 0 0 0 0 0 0 
_1.ptx 369 : 65792 498400 0 0 0 0 0 0 0 
_1.ptx 370 : 65792 438528 0 0 0 0 0 0 0 
_1.ptx 371 : 65792 496928 0 0 0 0 0 0 0 
_1.ptx 372 : 65792 435456 0 0 0 0 0 0 0 
_1.ptx 373 : 65792 497344 0 0 0 0 0 0 0 
_1.ptx 374 : 65792 431968 0 0 0 0 0 0 0 
_1.ptx 375 : 65792 492256 0 0 0 0 0 0 0 
_1.ptx 376 : 65792 756352 0 0 0 0 0 0 0 
_1.ptx 377 : 65792 495168 0 0 0 0 0 0 0 
_1.ptx 379 : 65792 550080 0 0 0 0 0 0 0 
_1.ptx 380 : 65792 548832 0 0 0 0 0 0 0 
_1.ptx 381 : 65792 551744 0 0 0 0 0 0 0 
_1.ptx 382 : 65792 549792 0 0 0 0 0 0 0 
_1.ptx 383 : 65792 375072 0 2056 2056 0 0 0 0 
_1.ptx 385 : 65792 416864 0 0 0 0 0 0 0 
_1.ptx 387 : 65792 610848 0 2056 2056 0 0 0 0 
_1.ptx 388 : 65792 488736 0 0 0 0 0 0 0 
_1.ptx 389 : 65792 713760 0 0 0 0 0 0 0 
_1.ptx 390 : 65792 739936 0 0 0 0 0 0 0 
_1.ptx 391 : 65792 670912 0 3936 2056 0 0 0 0 
_1.ptx 393 : 65792 639360 0 2056 2056 0 0 0 0 
_1.ptx 394 : 65792 485088 0 0 0 0 0 0 0 
_1.ptx 395 : 65792 731040 0 0 0 0 0 0 0 
_1.ptx 396 : 65792 737312 0 0 0 0 0 0 0 
_1.ptx 397 : 65792 678368 0 4017 2056 0 0 0 0 
_1.ptx 399 : 65792 653504 0 2056 2056 0 0 0 0 
_1.ptx 400 : 65792 485536 0 0 0 0 0 0 0 
_1.ptx 401 : 65792 705376 0 0 0 0 0 0 0 
_1.ptx 402 : 65792 739936 0 0 0 0 0 0 0 
_1.ptx 403 : 65792 670016 0 3938 2056 0 0 0 0 
_1.ptx 405 : 65792 640384 0 2056 2056 0 0 0 0 
_1.ptx 406 : 65792 490112 0 0 0 0 0 0 0 
_1.ptx 407 : 65792 698560 0 0 0 0 0 0 0 
_1.ptx 408 : 65792 742976 0 0 0 0 0 0 0 
_1.ptx 409 : 65792 664096 0 4040 2056 0 0 0 0 
_1.ptx 411 : 65792 683232 0 0 0 0 0 0 0 
_1.ptx 412 : 65792 497472 0 0 0 0 0 0 0 
_1.ptx 413 : 65792 437856 0 0 0 0 0 0 0 
_1.ptx 414 : 65792 497632 0 0 0 0 0 0 0 
_1.ptx 415 : 65792 435968 0 0 0 0 0 0 0 
_1.ptx 416 : 65792 497984 0 0 0 0 0 0 0 
_1.ptx 417 : 65792 434464 0 0 0 0 0 0 0 
_1.ptx 418 : 65792 495936 0 0 0 0 0 0 0 
_1.ptx 419 : 65792 745216 0 0 0 0 0 0 0 
_1.ptx 420 : 65792 496960 0 0 0 0 0 0 0 
_1.ptx 422 : 65792 552640 0 0 0 0 0 0 0 
_1.ptx 423 : 65792 549728 0 0 0 0 0 0 0 
_1.ptx 424 : 65792 549408 0 0 0 0 0 0 0 
_1.ptx 425 : 65792 550464 0 0 0 0 0 0 0 
_1.ptx 426 : 65792 371104 0 2056 2056 0 0 0 0 
_1.ptx 428 : 65792 417440 0 0 0 0 0 0 0 
_1.ptx 430 : 65792 614784 0 2056 2056 0 0 0 0 
_1.ptx 431 : 65792 490112 0 0 0 0 0 0 0 
_1.ptx 432 : 65792 715616 0 0 0 0 0 0 0 
_1.ptx 433 : 65792 742368 0 0 0 0 0 0 0 
_1.ptx 434 : 65792 688800 0 4119 2056 0 0 0 0 
_1.ptx 436 : 65792 652288 0 2056 2056 0 0 0 0 
_1.ptx 437 : 65792 485664 0 0 0 0 0 0 0 
_1.ptx 438 : 65792 700320 0 0 0 0 0 0 0 
_1.ptx 439 : 65792 737920 0 0 0 0 0 0 0 
_1.ptx 440 : 65792 675136 0 4033 2056 0 0 0 0 
_1.ptx 442 : 65792 650912 0 2056 2056 0 0 0 0 
_1.ptx 443 : 65792 485824 0 0 0 0 0 0 0 
_1.ptx 444 : 65792 701536 0 0 0 0 0 0 0 
_1.ptx 445 : 65792 736128 0 0 0 0 0 0 0 
_1.ptx 446 : 65792 673152 0 4025 2056 0 0 0 0 
_1.ptx 448 : 65792 636320 0 2056 2056 0 0 0 0 
_1.ptx 449 : 65792 484448 0 0 0 0 0 0 0 
_1.ptx 450 : 65792 693024 0 0 0 0 0 0 0 
_1.ptx 451 : 65792 740032 0 0 0 0 0 0 0 
_1.ptx 452 : 65792 673152 0 3930 2056 0 0 0 0 
_1.ptx 454 : 65792 680704 0 0 0 0 0 0 0 
_1.ptx 455 : 65792 500320 0 0 0 0 0 0 0 
_1.ptx 456 : 65792 440480 0 0 0 0 0 0 0 
_1.ptx 457 : 65792 499904 0 0 0 0 0 0 0 
_1.ptx 458 : 65792 437504 0 0 0 0 0 0 0 
_1.ptx 459 : 65792 502560 0 0 0 0 0 0 0 
_1.ptx 460 : 65792 436288 0 0 0 0 0 0 0 
_1.ptx 461 : 65792 497792 0 0 0 0 0 0 0 
_1.ptx 462 : 65792 750784 0 0 0 0 0 0 0 
_1.ptx 463 : 65792 497120 0 0 0 0 0 0 0 
_1.ptx 465 : 65792 551040 0 0 0 0 0 0 0 
_1.ptx 466 : 65792 560320 0 0 0 0 0 0 0 
_1.ptx 467 : 65792 552640 0 0 0 0 0 0 0 
_1.ptx 468 : 65792 549696 0 0 0 0 0 0 0 
_1.ptx 469 : 65792 373504 0 2056 2056 0 0 0 0 
_1.ptx 471 : 65792 416480 0 0 0 0 0 0 0 
_1.ptx 473 : 65792 610816 0 2056 2056 0 0 0 0 
_1.ptx 474 : 65792 486304 0 0 0 0 0 0 0 
_1.ptx 475 : 65792 709376 0 0 0 0 0 0 0 
_1.ptx 476 : 65792 741248 0 0 0 0 0 0 0 
_1.ptx 477 : 65792 674944 0 4014 2056 0 0 0 0 
_1.ptx 479 : 65792 640928 0 2056 2056 0 0 0 0 
_1.ptx 480 : 65792 486080 0 0 0 0 0 0 0 
_1.ptx 481 : 65792 697760 0 0 0 0 0 0 0 
_1.ptx 482 : 65792 738144 0 0 0 0 0 0 0 
_1.ptx 483 : 65792 669408 0 4017 2056 0 0 0 0 
_1.ptx 485 : 65792 645888 0 2056 2056 0 0 0 0 
_1.ptx 486 : 65792 486208 0 0 0 0 0 0 0 
_1.ptx 487 : 65792 700736 0 0 0 0 0 0 0 
_1.ptx 488 : 65792 738880 0 0 0 0 0 0 0 
_1.ptx 489 : 65792 665376 0 3881 2056 0 0 0 0 
_1.ptx 491 : 65792 630048 0 2056 2056 0 0 0 0 
_1.ptx 492 : 65792 487360 0 0 0 0 0 0 0 
_1.ptx 493 : 65792 709184 0 0 0 0 0 0 0 
_1.ptx 494 : 65792 740160 0 0 0 0 0 0 0 
_1.ptx 495 : 65792 665408 0 4006 2056 0 0 0 0 
_1.ptx 497 : 65792 683456 0 0 0 0 0 0 0 
_1.ptx 498 : 65792 499904 0 0 0 0 0 0 0 
_1.ptx 499 : 65792 437728 0 0 0 0 0 0 0 
_1.ptx 500 : 65792 498304 0 0 0 0 0 0 0 
_1.ptx 501 : 65792 436864 0 0 0 0 0 0 0 
_1.ptx 502 : 65792 497312 0 0 0 0 0 0 0 
_1.ptx 503 : 65792 434560 0 0 0 0 0 0 0 
_1.ptx 504 : 65792 496832 0 0 0 0 0 0 0 
_1.ptx 505 : 65792 830112 128 0 0 0 0 0 0 
_1.ptx 506 : 65792 494048 0 0 0 0 0 0 0 
_1.ptx 508 : 65792 550432 0 0 0 0 0 0 0 
_1.ptx 509 : 65792 549984 0 0 0 0 0 0 0 
_1.ptx 510 : 65792 561440 0 0 0 0 0 0 0 
_1.ptx 511 : 65792 550656 0 0 0 0 0 0 0 
_1.ptx 512 : 65792 371936 0 2056 2056 0 0 0 0 
_1.ptx 514 : 65792 417088 0 0 0 0 0 0 0 
_1.ptx 516 : 65792 608448 0 2056 2056 0 0 0 0 
_1.ptx 517 : 65792 488256 0 0 0 0 0 0 0 
_1.ptx 518 : 65792 714464 0 0 0 0 0 0 0 
_1.ptx 519 : 65792 741696 0 0 0 0 0 0 0 
_1.ptx 520 : 65792 669696 0 3963 2056 0 0 0 0 
_1.ptx 522 : 65792 636448 0 2056 2056 0 0 0 0 
_1.ptx 523 : 65792 487808 0 0 0 0 0 0 0 
_1.ptx 524 : 65792 706208 0 0 0 0 0 0 0 
_1.ptx 525 : 65792 739904 0 0 0 0 0 0 0 
_1.ptx 526 : 65792 667680 0 3935 2056 0 0 0 0 
_1.ptx 528 : 65792 639584 0 2056 2056 0 0 0 0 
_1.ptx 529 : 65792 486368 0 0 0 0 0 0 0 
_1.ptx 530 : 65792 724704 0 0 0 0 0 0 0 
_1.ptx 531 : 65792 749248 0 0 0 0 0 0 0 
_1.ptx 532 : 65792 678528 0 4087 2056 0 0 0 0 
_1.ptx 534 : 65792 647232 0 2056 2056 0 0 0 0 
_1.ptx 535 : 65792 488704 0 0 0 0 0 0 0 
_1.ptx 536 : 65792 697408 0 0 0 0 0 0 0 
_1.ptx 537 : 65792 742112 0 0 0 0 0 0 0 
_1.ptx 538 : 65792 681280 0 4603 2056 0 0 0 0 
_1.ptx 540 : 65792 681568 0 0 0 0 0 0 0 
_1.ptx 541 : 65792 497216 0 0 0 0 0 0 0 
_1.ptx 542 : 65792 438400 0 0 0 0 0 0 0 
_1.ptx 543 : 65792 501600 0 0 0 0 0 0 0 
_1.ptx 544 : 65792 433600 0 0 0 0 0 0 0 
_1.ptx 545 : 65792 498368 0 0 0 0 0 0 0 
_1.ptx 546 : 65792 434144 0 0 0 0 0 0 0 
_1.ptx 547 : 65792 494592 0 0 0 0 0 0 0 
_1.ptx 548 : 65792 736768 0 0 0 0 0 0 0 
_1.ptx 549 : 65792 493376 0 0 0 0 0 0 0 
_1.ptx 551 : 65792 549024 0 0 0 0 0 0 0 
_1.ptx 552 : 65792 550240 0 0 0 0 0 0 0 
_1.ptx 553 : 65792 551456 0 0 0 0 0 0 0 
_1.ptx 554 : 65792 548928 0 0 0 0 0 0 0 
_1.ptx 555 : 65792 371264 0 2056 2056 0 0 0 0 
_1.ptx 557 : 65792 416640 0 0 0 0 0 0 0 
_1.ptx 559 : 65792 687776 0 0 0 0 0 0 0 
_1.ptx 560 : 65792 496192 0 0 0 0 0 0 0 
_1.ptx 561 : 65792 435552 0 0 0 0 0 0 0 
_1.ptx 562 : 65792 496736 0 0 0 0 0 0 0 
_1.ptx 563 : 65792 436672 0 0 0 0 0 0 0 
_1.ptx 564 : 65792 500640 0 0 0 0 0 0 0 
_1.ptx 565 : 65792 435168 0 0 0 0 0 0 0 
_1.ptx 566 : 65792 495040 0 0 0 0 0 0 0 
_1.ptx 567 : 65792 739232 0 0 0 0 0 0 0 
_1.ptx 568 : 65792 491488 0 0 0 0 0 0 0 
_1.ptx 570 : 65792 742624 0 0 0 0 0 0 0 
_1.ptx 571 : 65792 604160 0 2056 2056 0 0 0 0 
_1.ptx 572 : 65792 490208 0 0 0 0 0 0 0 
_1.ptx 573 : 65792 692544 0 0 0 0 0 0 0 
_1.ptx 574 : 65792 740448 0 0 0 0 0 0 0 
_1.ptx 575 : 65792 654720 0 4035 2056 0 0 0 0 
_1.ptx 576 : 65792 485856 0 0 0 0 0 0 0 
_1.ptx 577 : 65792 543584 0 0 0 0 0 0 0 
_1.ptx 578 : 65792 376800 0 2056 2056 0 0 0 0 
_1.ptx 580 : 65792 604416 0 2056 2056 0 0 0 0 
_1.ptx 581 : 65792 486464 0 0 0 0 0 0 0 
_1.ptx 582 : 65792 689952 0 0 0 0 0 0 0 
_1.ptx 583 : 65792 737472 0 0 0 0 0 0 0 
_1.ptx 584 : 65792 678784 0 4126 2056 0 0 0 0 
_1.ptx 585 : 65792 482368 0 0 0 0 0 0 0 
_1.ptx 586 : 65792 542688 0 0 0 0 0 0 0 
_1.ptx 587 : 65792 379904 0 2056 2056 0 0 0 0 
_1.ptx 589 : 65792 608096 0 2056 2056 0 0 0 0 
_1.ptx 590 : 65792 486368 0 0 0 0 0 0 0 
_1.ptx 591 : 65792 689056 0 0 0 0 0 0 0 
_1.ptx 592 : 65792 738240 0 0 0 0 0 0 0 
_1.ptx 593 : 65792 660992 0 4091 2056 0 0 0 0 
_1.ptx 594 : 65792 486176 0 0 0 0 0 0 0 
_1.ptx 595 : 65792 542784 0 0 0 0 0 0 0 
_1.ptx 596 : 65792 377536 0 2056 2056 0 0 0 0 
_1.ptx 598 : 65792 602752 0 2056 2056 0 0 0 0 
_1.ptx 599 : 65792 489088 0 0 0 0 0 0 0 
_1.ptx 600 : 65792 692224 0 0 0 0 0 0 0 
_1.ptx 601 : 65792 737568 0 0 0 0 0 0 0 
_1.ptx 602 : 65792 663264 0 3905 2056 0 0 0 0 
_1.ptx 603 : 65792 543008 0 0 0 0 0 0 0 
_1.ptx 604 : 65792 378208 0 2056 2056 0 0 0 0 
_1.ptx 606 : 65792 415008 0 0 0 0 0 0 0 
_1.ptx 608 : 65792 590240 0 2056 2056 0 0 0 0 
_1.ptx 609 : 65792 273600 0 0 0 0 0 0 0 
_1.ptx 610 : 65792 739744 0 0 0 0 0 0 0 
_1.ptx 611 : 65792 366976 263168 0 0 2056 2056 0 0 
_1.ptx 613 : 65792 414176 0 0 0 0 0 0 0 
