kernel line : count latency dram_traffic smem_bk_conflicts smem_warp gmem_access_generated gmem_warp exposed_latency warp_divergence
_1.ptx 823 : 509868 2865514 0 0 0 0 0 0 1125 
_1.ptx 825 : 74702 563090 0 0 0 0 0 0 0 
_1.ptx 827 : 74702 574992 0 0 0 0 0 0 0 
_1.ptx 829 : 509868 5378225 0 0 0 0 0 0 0 
_1.ptx 830 : 509868 5423557 0 0 0 0 0 0 0 
_1.ptx 831 : 509868 3604436 0 0 0 0 0 0 0 
_1.ptx 832 : 509868 4316120 0 0 0 0 0 0 0 
_1.ptx 833 : 509868 2509994 0 0 0 0 0 0 0 
_1.ptx 834 : 127467 845899 0 0 0 0 0 0 0 
_1.ptx 835 : 127467 1066935 0 0 0 0 0 0 0 
_1.ptx 836 : 127467 964679 0 0 0 0 0 0 0 
_1.ptx 837 : 127467 835033 0 0 0 0 0 0 0 
_1.ptx 838 : 127467 1066393 0 0 0 0 0 0 0 
_1.ptx 839 : 127467 958607 0 0 0 0 0 0 0 
_1.ptx 840 : 127467 1069846 0 0 0 0 0 0 0 
_1.ptx 841 : 127467 835574 0 0 0 0 0 0 0 
_1.ptx 842 : 127467 1062099 0 0 0 0 0 0 0 
_1.ptx 843 : 127467 416269 0 0 0 0 0 0 631 
_1.ptx 845 : 62282 653400 0 0 0 0 0 0 0 
_1.ptx 847 : 62282 477141 0 0 0 0 0 0 0 
_1.ptx 848 : 62282 464314 0 0 0 0 0 0 0 
_1.ptx 849 : 62282 685985 0 0 0 0 0 0 0 
_1.ptx 850 : 62282 700824 0 0 0 0 0 0 0 
_1.ptx 851 : 62282 283358 0 0 0 2349 2349 0 0 
_1.ptx 852 : 62282 283223 0 0 0 2349 2349 0 0 
_1.ptx 853 : 62282 284831 0 0 0 2544 2349 0 0 
_1.ptx 854 : 62282 289165 0 0 0 2544 2349 0 0 
_1.ptx 855 : 62282 280317 0 0 0 2544 2349 0 0 
_1.ptx 856 : 62282 288072 0 0 0 2544 2349 0 0 
_1.ptx 857 : 62282 282481 0 0 0 2544 2349 0 0 
_1.ptx 859 : 62282 696555 0 0 0 0 0 0 0 
_1.ptx 860 : 62282 701242 0 0 0 0 0 0 0 
_1.ptx 861 : 62282 700211 0 0 0 0 0 0 0 
_1.ptx 862 : 62282 704579 0 0 0 0 0 0 0 
_1.ptx 863 : 62282 707154 0 0 0 0 0 0 0 
_1.ptx 864 : 62282 702583 0 0 0 0 0 0 0 
_1.ptx 865 : 62282 324482 0 0 0 2544 2349 0 0 
_1.ptx 866 : 62282 411312 0 0 0 0 0 0 0 
_1.ptx 867 : 62282 517291 0 0 0 0 0 0 0 
_1.ptx 868 : 62282 123375 0 0 0 0 0 0 305 
_1.ptx 870 : 43133 282821 0 0 0 0 0 0 0 
_1.ptx 871 : 43133 280520 0 0 0 0 0 0 0 
_1.ptx 872 : 43133 281069 0 0 0 0 0 0 0 
_1.ptx 873 : 43133 278262 0 0 0 0 0 0 0 
_1.ptx 875 : 19149 70856 0 0 0 0 0 0 0 
_1.ptx 876 : 19149 216543 0 0 0 0 0 0 0 
_1.ptx 877 : 19149 216304 0 0 0 0 0 0 0 
_1.ptx 878 : 19149 218310 0 0 0 0 0 0 0 
_1.ptx 879 : 19149 219829 0 0 0 0 0 0 0 
_1.ptx 880 : 19149 221495 0 0 0 0 0 0 0 
_1.ptx 881 : 19149 180713 0 0 0 0 0 0 0 
_1.ptx 882 : 19149 180588 0 0 0 0 0 0 0 
_1.ptx 883 : 19149 417841 0 0 0 0 0 0 0 
_1.ptx 884 : 19149 220339 0 0 0 0 0 0 0 
_1.ptx 885 : 19149 221014 0 0 0 0 0 0 0 
_1.ptx 886 : 19149 222382 0 0 0 0 0 0 0 
_1.ptx 888 : 62282 711614 0 0 0 0 0 0 0 
_1.ptx 889 : 62282 709745 0 0 0 0 0 0 0 
_1.ptx 890 : 62282 723354 0 0 0 0 0 0 0 
_1.ptx 891 : 62282 724754 0 0 0 0 0 0 0 
_1.ptx 892 : 62282 581879 0 0 0 0 0 0 0 
_1.ptx 893 : 62282 582535 0 0 0 0 0 0 0 
_1.ptx 894 : 62282 1248812 0 0 0 0 0 0 0 
_1.ptx 895 : 62282 707414 0 0 0 0 0 0 0 
_1.ptx 896 : 62282 704159 0 0 0 0 0 0 0 
_1.ptx 897 : 62282 708876 0 0 0 0 0 0 0 
_1.ptx 898 : 62282 697980 0 0 0 0 0 0 0 
_1.ptx 899 : 62282 575597 0 0 0 0 0 0 0 
_1.ptx 900 : 62282 580916 0 0 0 0 0 0 0 
_1.ptx 901 : 62282 400353 0 0 0 0 0 0 0 
_1.ptx 902 : 62282 518055 0 0 0 0 0 0 0 
_1.ptx 903 : 62282 400172 0 0 0 0 0 0 0 
_1.ptx 910 : 62282 462319 0 0 0 0 0 0 0 
_1.ptx 911 : 62282 465529 0 0 0 0 0 0 0 
_1.ptx 912 : 62282 473252 0 0 0 0 0 0 0 
_1.ptx 915 : 62282 416212 0 0 0 0 0 0 0 
_1.ptx 916 : 62282 705418 0 0 0 0 0 0 0 
_1.ptx 917 : 62282 466085 0 0 0 0 0 0 0 
_1.ptx 918 : 62282 771991 0 0 0 0 0 0 0 
_1.ptx 919 : 62282 697716 0 0 0 0 0 0 0 
_1.ptx 920 : 62282 347216 17216 0 0 0 0 0 0 
_1.ptx 921 : 62282 389151 0 0 0 0 0 0 0 
_1.ptx 922 : 62282 697761 0 0 0 0 0 0 0 
_1.ptx 923 : 62282 354701 20448 0 0 0 0 0 0 
_1.ptx 924 : 62282 391196 0 0 0 0 0 0 0 
_1.ptx 925 : 62282 698810 0 0 0 0 0 0 0 
_1.ptx 926 : 62282 392908 18144 0 0 0 0 0 0 
_1.ptx 927 : 62282 390463 0 0 0 0 0 0 0 
_1.ptx 928 : 62282 697651 0 0 0 0 0 0 0 
_1.ptx 929 : 62282 419550 18848 0 0 0 0 0 0 
_1.ptx 931 : 62282 394024 0 0 0 0 0 0 0 
_1.ptx 932 : 62282 703571 0 0 0 0 0 0 0 
_1.ptx 933 : 62282 404066 0 0 0 0 0 0 0 
_1.ptx 934 : 62282 702605 0 0 0 0 0 0 0 
_1.ptx 935 : 62282 392646 0 0 0 0 0 0 0 
_1.ptx 936 : 62282 700156 0 0 0 0 0 0 0 
_1.ptx 937 : 62282 714658 0 0 0 0 0 0 0 
_1.ptx 938 : 62282 577570 0 0 0 0 0 0 0 
_1.ptx 939 : 62282 577131 0 0 0 0 0 0 0 
_1.ptx 940 : 62282 1604829 0 0 0 0 0 0 0 
_1.ptx 941 : 62282 716124 0 0 0 0 0 0 0 
_1.ptx 942 : 62282 723492 0 0 0 0 0 0 0 
_1.ptx 943 : 62282 725762 0 0 0 0 0 0 0 
_1.ptx 944 : 62282 716073 0 0 0 0 0 0 0 
_1.ptx 945 : 62282 584297 0 0 0 0 0 0 0 
_1.ptx 946 : 62282 581301 0 0 0 0 0 0 0 
_1.ptx 947 : 62282 409441 0 0 0 0 0 0 0 
_1.ptx 948 : 62282 523294 0 0 0 0 0 0 0 
_1.ptx 949 : 62282 35420 0 0 0 0 0 0 318 
_1.ptx 951 : 56815 422023 0 0 0 0 0 0 0 
_1.ptx 952 : 56815 352470 0 0 0 0 0 0 0 
_1.ptx 955 : 220903 1013517 256 0 0 8579 8579 0 0 
_1.ptx 956 : 220903 1059674 256 0 0 8579 8579 0 0 
_1.ptx 957 : 220903 1014483 0 0 0 8579 8579 0 0 
_1.ptx 958 : 220903 1016440 0 0 0 8579 8579 0 0 
_1.ptx 959 : 220903 1399616 0 0 0 0 0 0 0 
_1.ptx 960 : 220903 1835256 0 0 0 0 0 0 0 
_1.ptx 961 : 220903 1064193 0 0 0 0 0 0 0 
_1.ptx 963 : 56815 423928 0 0 0 0 0 0 0 
_1.ptx 964 : 56815 366489 0 0 0 0 0 0 0 
_1.ptx 965 : 56815 469829 0 0 0 0 0 0 0 
_1.ptx 966 : 56815 357168 0 0 0 0 0 0 0 
_1.ptx 971 : 56815 354623 0 0 0 0 0 0 0 
_1.ptx 972 : 56815 520183 0 0 0 0 0 0 0 
_1.ptx 973 : 56815 634402 0 0 0 0 0 0 0 
_1.ptx 974 : 56815 2869251 0 0 0 0 0 0 0 
_1.ptx 976 : 56815 356409 0 0 0 0 0 0 0 
_1.ptx 977 : 56815 359346 0 0 0 0 0 0 0 
_1.ptx 978 : 56815 475562 0 0 0 0 0 0 0 
_1.ptx 979 : 56815 524234 0 0 0 0 0 0 0 
_1.ptx 982 : 56815 423343 0 0 0 0 0 0 0 
_1.ptx 983 : 56815 368374 0 0 0 0 0 0 0 
_1.ptx 986 : 164088 735549 0 0 0 6402 6402 0 0 
_1.ptx 987 : 164088 624663 0 0 0 0 0 0 0 
_1.ptx 988 : 164088 1875185 0 0 0 0 0 0 0 
_1.ptx 989 : 164088 1071522 0 0 0 0 0 0 0 
_1.ptx 990 : 164088 1880195 0 0 0 0 0 0 0 
_1.ptx 991 : 164088 1087521 0 0 0 0 0 0 0 
_1.ptx 992 : 164088 1894953 0 0 0 0 0 0 0 
_1.ptx 993 : 164088 1104249 0 0 0 0 0 0 0 
_1.ptx 994 : 164088 1885079 0 0 0 0 0 0 0 
_1.ptx 995 : 164088 1882424 0 0 0 0 0 0 0 
_1.ptx 996 : 164088 1923849 0 0 0 0 0 0 0 
_1.ptx 997 : 164088 1910105 0 0 0 0 0 0 0 
_1.ptx 998 : 164088 1910301 0 0 0 0 0 0 0 
_1.ptx 999 : 164088 1914320 0 0 0 0 0 0 0 
_1.ptx 1000 : 164088 1922336 0 0 0 0 0 0 0 
_1.ptx 1001 : 164088 1945630 0 0 0 0 0 0 0 
_1.ptx 1002 : 164088 1576101 0 0 0 0 0 0 0 
_1.ptx 1003 : 164088 1566603 0 0 0 0 0 0 0 
_1.ptx 1004 : 164088 1908470 0 0 0 0 0 0 0 
_1.ptx 1005 : 164088 1554699 0 0 0 0 0 0 0 
_1.ptx 1006 : 164088 1561926 0 0 0 0 0 0 0 
_1.ptx 1007 : 164088 1934350 0 0 0 0 0 0 0 
_1.ptx 1008 : 164088 1406015 0 0 0 0 0 0 0 
_1.ptx 1009 : 164088 1264612 0 0 0 0 0 0 0 
_1.ptx 1010 : 164088 1086589 0 0 0 0 0 0 0 
_1.ptx 1011 : 164088 1383183 0 0 0 0 0 0 0 
_1.ptx 1012 : 164088 1255508 0 0 0 0 0 0 0 
_1.ptx 1013 : 164088 1392018 0 0 0 0 0 0 0 
_1.ptx 1014 : 164088 1102296 0 0 0 0 0 0 0 
_1.ptx 1015 : 164088 1381688 0 0 0 0 0 0 0 
_1.ptx 1016 : 164088 744787 0 0 0 0 0 0 965 
_1.ptx 1017 : 50431 336242 0 0 0 0 0 0 0 
_1.ptx 1018 : 50431 334679 0 0 0 0 0 0 0 
_1.ptx 1020 : 113657 1295830 0 0 0 0 0 0 0 
_1.ptx 1021 : 113657 1293445 0 0 0 0 0 0 0 
_1.ptx 1022 : 113657 956360 0 0 0 0 0 0 0 
_1.ptx 1023 : 113657 39604 0 0 0 0 0 0 344 
_1.ptx 1024 : 107587 713510 0 0 0 0 0 0 0 
_1.ptx 1025 : 107587 722634 0 0 0 0 0 0 0 
_1.ptx 1028 : 6070 68386 0 0 0 0 0 0 0 
_1.ptx 1029 : 6070 104865 0 0 0 0 0 0 0 
_1.ptx 1030 : 6070 69008 0 0 0 0 0 0 0 
_1.ptx 1031 : 6070 70208 0 0 0 0 0 0 0 
_1.ptx 1032 : 6070 56497 0 0 0 0 0 0 0 
_1.ptx 1036 : 164088 1259733 0 0 0 0 0 0 0 
_1.ptx 1039 : 220903 1463332 0 0 0 0 0 0 0 
_1.ptx 1040 : 220903 1845609 0 0 0 0 0 0 0 
_1.ptx 1041 : 220903 1397702 0 0 0 0 0 0 370 
_1.ptx 1042 : 6068 68813 0 0 0 0 0 0 0 
_1.ptx 1043 : 6068 70383 0 0 0 0 0 0 0 
_1.ptx 1044 : 6068 71140 0 0 0 0 0 0 0 
_1.ptx 1045 : 6068 69919 0 0 0 0 0 0 0 
_1.ptx 1046 : 6068 69524 0 0 0 0 0 0 0 
_1.ptx 1047 : 6068 70236 0 0 0 0 0 0 0 
_1.ptx 1048 : 6068 70414 0 0 0 0 0 0 0 
_1.ptx 1049 : 6068 57687 0 0 0 0 0 0 0 
_1.ptx 1050 : 6068 57286 0 0 0 0 0 0 0 
_1.ptx 1051 : 6068 51439 0 0 0 0 0 0 0 
_1.ptx 1052 : 6068 40407 0 0 0 0 0 0 0 
_1.ptx 1057 : 220903 2309552 0 0 0 0 0 0 0 
_1.ptx 1058 : 220903 2316135 0 0 0 0 0 0 0 
_1.ptx 1059 : 220903 1583495 0 0 0 0 0 0 0 
_1.ptx 1060 : 220903 1849076 0 0 0 0 0 0 0 
_1.ptx 1061 : 220903 336377 0 0 0 0 0 0 0 
_1.ptx 1062 : 169119 1118651 0 0 0 0 0 0 0 
_1.ptx 1063 : 169119 1408789 0 0 0 0 0 0 0 
_1.ptx 1064 : 169119 1060090 0 0 0 0 0 0 295 
_1.ptx 1065 : 5031 32455 0 0 0 0 0 0 0 
_1.ptx 1067 : 51784 334110 0 0 0 0 0 0 0 
_1.ptx 1068 : 51784 432316 0 0 0 0 0 0 0 
_1.ptx 1071 : 56815 39819 0 0 0 0 0 0 318 
_1.ptx 1073 : 50745 574877 0 0 0 0 0 0 0 
_1.ptx 1074 : 50745 584266 0 0 0 0 0 0 0 
_1.ptx 1075 : 50745 584001 0 0 0 0 0 0 0 
_1.ptx 1076 : 50745 598896 0 0 0 0 0 0 0 
_1.ptx 1077 : 50745 477493 0 0 0 0 0 0 0 
_1.ptx 1078 : 50745 475752 0 0 0 0 0 0 0 
_1.ptx 1079 : 50745 1039240 0 0 0 0 0 0 0 
_1.ptx 1081 : 50745 330234 0 0 0 0 0 0 0 
_1.ptx 1082 : 50745 1046078 0 0 0 0 0 0 0 
_1.ptx 1083 : 50745 357958 0 0 0 0 0 0 0 
_1.ptx 1084 : 50745 602806 0 0 0 0 0 0 0 
_1.ptx 1085 : 50745 582111 0 0 0 0 0 0 0 
_1.ptx 1086 : 50745 576015 0 0 0 0 0 0 0 
_1.ptx 1087 : 50745 268388 0 0 0 0 0 0 0 
_1.ptx 1088 : 50745 327273 0 0 0 0 0 0 0 
_1.ptx 1089 : 50745 571825 0 0 0 0 0 0 0 
_1.ptx 1090 : 50745 571566 0 0 0 0 0 0 0 
_1.ptx 1091 : 50745 573563 0 0 0 0 0 0 0 
_1.ptx 1092 : 50745 283559 0 0 0 0 0 0 0 
_1.ptx 1093 : 50745 320810 0 0 0 0 0 0 0 
_1.ptx 1094 : 50745 571755 0 0 0 0 0 0 0 
_1.ptx 1095 : 50745 573645 0 0 0 0 0 0 0 
_1.ptx 1096 : 50745 574922 0 0 0 0 0 0 0 
_1.ptx 1097 : 50745 287238 0 0 0 0 0 0 0 
_1.ptx 1098 : 50745 324004 0 0 0 0 0 0 0 
_1.ptx 1099 : 50745 574797 0 0 0 0 0 0 0 
_1.ptx 1100 : 50745 471910 0 0 0 0 0 0 0 
_1.ptx 1101 : 50745 292000 128 0 0 0 0 0 0 
_1.ptx 1103 : 50745 570918 0 0 0 0 0 0 0 
_1.ptx 1104 : 50745 574922 0 0 0 0 0 0 0 
_1.ptx 1105 : 50745 575591 0 0 0 0 0 0 0 
_1.ptx 1106 : 50745 475340 0 0 0 0 0 0 0 
_1.ptx 1107 : 50745 586626 0 0 0 0 0 0 0 
_1.ptx 1108 : 50745 479032 0 0 0 0 0 0 0 
_1.ptx 1109 : 50745 332616 0 0 0 0 0 0 0 
_1.ptx 1110 : 50745 1049397 0 0 0 0 0 0 0 
_1.ptx 1111 : 50745 354002 0 0 0 0 0 0 0 
_1.ptx 1112 : 50745 1044815 0 0 0 0 0 0 0 
_1.ptx 1113 : 50745 350971 0 0 0 0 0 0 0 
_1.ptx 1114 : 50745 426379 0 0 0 0 0 0 0 
_1.ptx 1115 : 50745 330354 0 0 0 0 0 0 0 
_1.ptx 1121 : 50745 383482 0 0 0 0 0 0 0 
_1.ptx 1122 : 50745 333195 0 0 0 0 0 0 0 
_1.ptx 1123 : 50745 421021 0 0 0 0 0 0 0 
_1.ptx 1124 : 50745 0 0 0 0 0 0 0 0 
_1.ptx 1125 : 50745 317473 0 0 0 0 0 0 0 
_1.ptx 1133 : 50745 315933 0 0 0 0 0 0 0 
_1.ptx 1134 : 50745 416101 0 0 0 0 0 0 0 
_1.ptx 1135 : 50745 320311 0 0 0 0 0 0 0 
_1.ptx 1140 : 50745 319985 0 0 0 0 0 0 0 
_1.ptx 1141 : 50745 417858 0 0 0 0 0 0 0 
_1.ptx 1142 : 50745 322479 0 0 0 0 0 0 0 
_1.ptx 1157 : 50745 316206 0 0 0 0 0 0 0 
_1.ptx 1158 : 50745 417442 0 0 0 0 0 0 0 
_1.ptx 1159 : 50745 318480 0 0 0 0 0 0 0 
_1.ptx 1181 : 50745 317569 0 0 0 0 0 0 0 
_1.ptx 1182 : 50745 417100 0 0 0 0 0 0 0 
_1.ptx 1183 : 50745 319267 0 0 0 0 0 0 0 
_1.ptx 1196 : 50745 366557 0 0 0 0 0 0 0 
_1.ptx 1197 : 50745 367614 0 0 0 0 0 0 0 
_1.ptx 1198 : 50745 371054 0 0 0 0 0 0 0 
_1.ptx 1199 : 50745 375977 0 0 0 0 0 0 0 
_1.ptx 1200 : 50745 328102 0 0 0 0 0 0 0 
_1.ptx 1201 : 50745 419521 0 0 0 0 0 0 0 
_1.ptx 1202 : 50745 320190 0 0 0 0 0 0 0 
_1.ptx 1213 : 50745 383945 0 0 0 0 0 0 0 
_1.ptx 1216 : 50745 538199 0 0 0 0 0 0 0 
_1.ptx 1218 : 50745 393379 0 0 0 0 0 0 0 
_1.ptx 1219 : 50745 375301 0 0 0 0 0 0 0 
_1.ptx 1220 : 50745 372646 0 0 0 0 0 0 0 
_1.ptx 1221 : 50745 377245 0 0 0 0 0 0 0 
_1.ptx 1222 : 50745 328428 0 0 0 0 0 0 0 
_1.ptx 1223 : 50745 421267 0 0 0 0 0 0 0 
_1.ptx 1224 : 50745 193690 0 0 0 0 0 0 727 
_1.ptx 1226 : 21083 140799 0 0 0 0 0 0 0 
_1.ptx 1227 : 21083 243574 0 0 0 0 0 0 0 
_1.ptx 1229 : 21083 228101 0 0 0 0 0 0 0 
_1.ptx 1232 : 50745 360262 0 0 0 0 0 0 0 
_1.ptx 1233 : 50745 575785 0 0 0 0 0 0 0 
_1.ptx 1234 : 50745 316920 0 0 0 0 0 0 0 
_1.ptx 1235 : 50745 579674 0 0 0 0 0 0 0 
_1.ptx 1236 : 50745 594614 0 0 0 0 0 0 0 
_1.ptx 1237 : 50745 455446 0 0 0 0 0 0 0 
_1.ptx 1238 : 50745 1421715 0 0 0 0 0 0 0 
_1.ptx 1239 : 50745 386889 0 0 0 0 0 0 0 
_1.ptx 1240 : 50745 585777 0 0 0 0 0 0 0 
_1.ptx 1241 : 50745 381723 0 0 0 0 0 0 0 
_1.ptx 1242 : 50745 384458 0 0 0 0 0 0 0 
_1.ptx 1243 : 50745 384408 0 0 0 0 0 0 0 
_1.ptx 1244 : 50745 384341 0 0 0 0 0 0 0 
_1.ptx 1245 : 50745 387693 0 0 0 0 0 0 0 
_1.ptx 1246 : 50745 573660 0 0 0 0 0 0 0 
_1.ptx 1247 : 50745 575418 0 0 0 0 0 0 0 
_1.ptx 1248 : 50745 585248 0 0 0 0 0 0 0 
_1.ptx 1249 : 50745 469046 0 0 0 0 0 0 0 
_1.ptx 1250 : 50745 465004 0 0 0 0 0 0 0 
_1.ptx 1252 : 50745 584046 0 0 0 0 0 0 0 
_1.ptx 1253 : 50745 604330 0 0 0 0 0 0 0 
_1.ptx 1254 : 50745 370396 0 0 0 0 0 0 0 
_1.ptx 1255 : 50745 381259 0 0 0 0 0 0 0 
_1.ptx 1256 : 50745 487410 0 0 0 0 0 0 0 
_1.ptx 1257 : 50745 347119 0 0 0 0 0 0 0 
_1.ptx 1258 : 50745 478252 0 0 0 0 0 0 0 
_1.ptx 1259 : 50745 587176 0 0 0 0 0 0 0 
_1.ptx 1260 : 50745 586860 0 0 0 0 0 0 0 
_1.ptx 1261 : 50745 578730 0 0 0 0 0 0 0 
_1.ptx 1262 : 50745 576854 0 0 0 0 0 0 0 
_1.ptx 1263 : 50745 575987 0 0 0 0 0 0 0 
_1.ptx 1264 : 50745 572497 0 0 0 0 0 0 0 
_1.ptx 1265 : 50745 575786 0 0 0 0 0 0 0 
_1.ptx 1266 : 50745 570483 0 0 0 0 0 0 0 
_1.ptx 1267 : 50745 565614 0 0 0 0 0 0 0 
_1.ptx 1269 : 50745 570064 0 0 0 0 0 0 0 
_1.ptx 1271 : 50745 569507 0 0 0 0 0 0 0 
_1.ptx 1272 : 50745 587445 0 0 0 0 0 0 0 
_1.ptx 1274 : 50745 419353 0 0 0 0 0 0 0 
_1.ptx 1275 : 50745 382203 0 0 0 0 0 0 0 
_1.ptx 1276 : 50745 583250 0 0 0 0 0 0 0 
_1.ptx 1277 : 50745 582547 0 0 0 0 0 0 0 
_1.ptx 1279 : 50745 345213 0 0 0 0 0 0 0 
_1.ptx 1280 : 50745 579124 0 0 0 0 0 0 0 
_1.ptx 1281 : 50745 583760 0 0 0 0 0 0 0 
_1.ptx 1282 : 50745 576254 0 0 0 0 0 0 0 
_1.ptx 1283 : 50745 573120 0 0 0 0 0 0 0 
_1.ptx 1284 : 50745 572712 0 0 0 0 0 0 0 
_1.ptx 1286 : 50745 574504 0 0 0 0 0 0 0 
_1.ptx 1288 : 50745 326442 0 0 0 0 0 0 0 
_1.ptx 1289 : 50745 572195 0 0 0 0 0 0 0 
_1.ptx 1290 : 50745 578242 0 0 0 0 0 0 0 
_1.ptx 1291 : 50745 413039 0 0 0 0 0 0 0 
_1.ptx 1292 : 50745 595981 0 0 0 0 0 0 0 
_1.ptx 1293 : 50745 370963 0 0 0 0 0 0 0 
_1.ptx 1294 : 50745 474811 0 0 0 0 0 0 0 
_1.ptx 1295 : 50745 332497 0 0 0 0 0 0 0 
_1.ptx 1296 : 50745 473512 0 0 0 0 0 0 0 
_1.ptx 1297 : 50745 326884 0 0 0 0 0 0 0 
_1.ptx 1298 : 50745 472720 0 0 0 0 0 0 0 
_1.ptx 1299 : 50745 326638 0 0 0 0 0 0 0 
_1.ptx 1300 : 50745 469820 0 0 0 0 0 0 0 
_1.ptx 1301 : 50745 573852 0 0 0 0 0 0 0 
_1.ptx 1303 : 50745 379369 0 0 0 0 0 0 0 
_1.ptx 1304 : 50745 569640 0 0 0 0 0 0 0 
_1.ptx 1305 : 50745 569738 0 0 0 0 0 0 0 
_1.ptx 1307 : 50745 373703 0 0 0 0 0 0 0 
_1.ptx 1308 : 50745 376289 0 0 0 0 0 0 0 
_1.ptx 1309 : 50745 385519 0 0 0 0 0 0 0 
_1.ptx 1310 : 50745 339182 0 0 0 0 0 0 0 
_1.ptx 1311 : 50745 417292 0 0 0 0 0 0 0 
_1.ptx 1312 : 50745 318770 0 0 0 0 0 0 0 
_1.ptx 1321 : 50745 375724 0 0 0 0 0 0 0 
_1.ptx 1322 : 50745 328191 0 0 0 0 0 0 0 
_1.ptx 1323 : 50745 568763 0 0 0 0 0 0 0 
_1.ptx 1324 : 50745 380438 0 0 0 0 0 0 0 
_1.ptx 1325 : 50745 332358 0 0 0 0 0 0 0 
_1.ptx 1326 : 50745 334611 0 0 0 0 0 0 0 
_1.ptx 1327 : 50745 1526720 0 0 0 0 0 0 0 
_1.ptx 1328 : 50745 310341 0 0 0 0 0 0 0 
_1.ptx 1329 : 50745 315323 0 0 0 0 0 0 0 
_1.ptx 1330 : 50745 467629 0 0 0 0 0 0 0 
_1.ptx 1331 : 50745 472739 0 0 0 0 0 0 0 
_1.ptx 1332 : 50745 326695 0 0 0 0 0 0 0 
_1.ptx 1333 : 50745 593380 0 0 0 0 0 0 0 
_1.ptx 1334 : 50745 1882629 0 0 0 0 0 0 0 
_1.ptx 1335 : 50745 583092 0 0 0 0 0 0 0 
_1.ptx 1336 : 50745 321880 0 0 0 0 0 0 0 
_1.ptx 1337 : 50745 427242 0 0 0 0 0 0 0 
_1.ptx 1338 : 50745 472035 0 0 0 0 0 0 0 
_1.ptx 1339 : 50745 327217 0 0 0 0 0 0 0 
_1.ptx 1340 : 50745 426535 0 0 0 0 0 0 0 
_1.ptx 1341 : 50745 467384 0 0 0 0 0 0 0 
_1.ptx 1343 : 50745 377452 0 0 0 0 0 0 0 
_1.ptx 1344 : 50745 312611 0 0 0 0 0 0 0 
_1.ptx 1345 : 50745 415662 0 0 0 0 0 0 0 
_1.ptx 1346 : 50745 0 0 0 0 0 0 0 0 
_1.ptx 1348 : 50745 467105 0 0 0 0 0 0 0 
_1.ptx 1351 : 50745 384884 0 0 0 0 0 0 0 
_1.ptx 1352 : 50745 336692 0 0 0 0 0 0 0 
_1.ptx 1353 : 50745 382183 0 0 0 0 0 0 0 
_1.ptx 1354 : 50745 385729 0 0 0 0 0 0 0 
_1.ptx 1355 : 50745 341703 0 0 0 0 0 0 0 
_1.ptx 1356 : 50745 583483 0 0 0 0 0 0 0 
_1.ptx 1357 : 50745 573525 0 0 0 0 0 0 0 
_1.ptx 1358 : 50745 380662 0 0 0 0 0 0 0 
_1.ptx 1359 : 50745 329478 0 0 0 0 0 0 0 
_1.ptx 1360 : 50745 421105 0 0 0 0 0 0 0 
_1.ptx 1361 : 50745 373739 0 0 0 0 0 0 0 
_1.ptx 1362 : 50745 419019 0 0 0 0 0 0 0 
_1.ptx 1363 : 50745 312501 0 0 0 0 0 0 0 
_1.ptx 1364 : 50745 414510 0 0 0 0 0 0 0 
_1.ptx 1365 : 50745 317493 0 0 0 0 0 0 0 
_1.ptx 1372 : 50745 374140 0 0 0 0 0 0 0 
_1.ptx 1375 : 50745 328009 0 0 0 0 0 0 0 
_1.ptx 1376 : 50745 568207 0 0 0 0 0 0 0 
_1.ptx 1377 : 50745 567311 0 0 0 0 0 0 0 
_1.ptx 1378 : 50745 316495 0 0 0 0 0 0 0 
_1.ptx 1380 : 50745 564689 0 0 0 0 0 0 0 
_1.ptx 1381 : 50745 336221 0 0 0 0 0 0 0 
_1.ptx 1383 : 50745 573550 0 0 0 0 0 0 0 
_1.ptx 1384 : 50745 368130 0 0 0 0 0 0 0 
_1.ptx 1388 : 62282 706201 0 0 0 0 0 0 0 
_1.ptx 1389 : 62282 699234 0 0 0 0 0 0 0 
_1.ptx 1390 : 62282 703582 0 0 0 0 0 0 0 
_1.ptx 1391 : 62282 711722 0 0 0 0 0 0 0 
_1.ptx 1392 : 62282 712112 0 0 0 0 0 0 0 
_1.ptx 1393 : 62282 715987 0 0 0 0 0 0 0 
_1.ptx 1395 : 62282 710374 0 0 0 0 0 0 0 
_1.ptx 1396 : 62282 726484 0 0 0 0 0 0 0 
_1.ptx 1397 : 62282 722361 0 0 0 0 0 0 0 
_1.ptx 1398 : 62282 729974 0 0 0 0 0 0 0 
_1.ptx 1399 : 62282 588657 0 0 0 0 0 0 0 
_1.ptx 1400 : 62282 580898 0 0 0 0 0 0 0 
_1.ptx 1401 : 62282 1643044 0 0 0 0 0 0 0 
_1.ptx 1402 : 62282 704092 0 0 0 0 0 0 0 
_1.ptx 1403 : 62282 711681 0 0 0 0 0 0 0 
_1.ptx 1404 : 62282 715850 0 0 0 0 0 0 0 
_1.ptx 1405 : 62282 468936 0 0 0 0 0 0 0 
_1.ptx 1406 : 62282 466757 0 0 0 0 0 0 0 
_1.ptx 1408 : 62282 408276 0 0 0 0 0 0 0 
_1.ptx 1409 : 62282 579494 0 0 0 0 0 0 0 
_1.ptx 1410 : 62282 398381 0 0 0 0 0 0 0 
_1.ptx 1411 : 62282 578366 0 0 0 0 0 0 0 
_1.ptx 1412 : 62282 400784 0 0 0 0 0 0 0 
_1.ptx 1413 : 62282 592643 0 0 0 0 0 0 0 
_1.ptx 1416 : 127467 1356600 0 0 0 0 0 0 0 
_1.ptx 1417 : 127467 890486 0 0 0 0 0 0 0 
_1.ptx 1418 : 127467 1058905 0 0 0 0 0 0 0 
_1.ptx 1419 : 127467 6663 0 0 0 0 0 0 0 
_1.ptx 1420 : 126435 1050156 0 0 0 0 0 0 0 
_1.ptx 1421 : 126435 395863 0 0 0 0 0 0 550 
_1.ptx 1424 : 65536 683104 0 0 0 0 0 0 0 
_1.ptx 1425 : 65536 487072 0 0 0 0 0 0 0 
_1.ptx 1426 : 65536 411712 0 0 0 0 0 0 0 
_1.ptx 1427 : 65536 539008 0 0 0 0 0 0 0 
_1.ptx 604 : 65536 416256 0 0 0 0 0 0 0 
_1.ptx 1428 : 65536 346407 0 0 0 0 0 0 218 
_1.ptx 605 : 65536 626560 38784 0 0 0 0 0 0 
_1.ptx 1429 : 10434 76545 0 0 0 0 0 0 0 
_1.ptx 606 : 65536 408544 0 0 0 0 0 0 0 
_1.ptx 1430 : 10434 75848 0 0 0 0 0 0 0 
_1.ptx 607 : 65536 698464 38912 0 0 0 0 0 0 
_1.ptx 1431 : 10434 115686 0 0 0 0 0 0 0 
_1.ptx 608 : 65536 406688 0 0 0 0 0 0 0 
_1.ptx 1432 : 10434 116925 0 0 0 0 0 0 0 
_1.ptx 609 : 65536 930368 38784 0 0 0 0 0 0 
_1.ptx 1433 : 10434 76569 0 0 0 0 0 0 0 
_1.ptx 610 : 65536 404032 0 0 0 0 0 0 0 
_1.ptx 611 : 65536 735968 38784 0 0 0 0 0 0 
_1.ptx 612 : 65536 403616 0 0 0 0 0 0 0 
_1.ptx 613 : 65536 642464 53632 0 0 0 0 0 0 
_1.ptx 1437 : 15923 2050114 7040 0 0 0 0 0 0 
_1.ptx 614 : 65536 405408 0 0 0 0 0 0 0 
_1.ptx 1438 : 15923 1998853 2432 0 0 0 0 0 0 
_1.ptx 615 : 65536 604928 52864 0 0 0 0 0 0 
_1.ptx 1439 : 15923 2283649 3200 0 0 0 0 0 0 
_1.ptx 616 : 65536 404352 0 0 0 0 0 0 0 
_1.ptx 1440 : 15923 2324570 0 0 0 0 0 0 0 
_1.ptx 617 : 65536 708064 60800 0 0 0 0 0 0 
_1.ptx 1441 : 15923 2186905 0 0 0 0 0 0 0 
_1.ptx 618 : 65536 404448 0 0 0 0 0 0 0 
_1.ptx 1442 : 15923 2455465 0 0 0 0 0 0 0 
_1.ptx 619 : 65536 825920 49920 0 0 0 0 0 0 
_1.ptx 1443 : 15923 2304559 5120 0 0 0 0 0 0 
_1.ptx 620 : 65536 404448 0 0 0 0 0 0 0 
_1.ptx 1444 : 15923 2440530 0 0 0 0 0 0 0 
_1.ptx 621 : 65536 1043456 54528 0 0 0 0 0 0 
_1.ptx 1445 : 15923 97772 0 0 0 0 0 0 0 
_1.ptx 622 : 65536 404896 0 0 0 0 0 0 0 
_1.ptx 1446 : 15923 144698 0 0 0 0 0 0 0 
_1.ptx 623 : 65536 1184128 62464 0 0 0 0 0 0 
_1.ptx 1447 : 15923 110079 128 0 0 0 0 0 0 
_1.ptx 624 : 65536 405600 0 0 0 0 0 0 0 
_1.ptx 1448 : 15923 97374 0 0 0 0 0 0 0 
_1.ptx 625 : 65536 1257728 53888 0 0 0 0 0 0 
_1.ptx 1449 : 15923 144879 0 0 0 0 0 0 0 
_1.ptx 626 : 65536 406816 0 0 0 0 0 0 0 
_1.ptx 1450 : 15923 106376 128 0 0 0 0 0 0 
_1.ptx 627 : 65536 863424 62464 0 0 0 0 0 0 
_1.ptx 1451 : 15923 97496 0 0 0 0 0 0 0 
_1.ptx 628 : 65536 403328 0 0 0 0 0 0 0 
_1.ptx 1452 : 15923 145094 0 0 0 0 0 0 0 
_1.ptx 629 : 65536 954176 60160 0 0 0 0 0 0 
_1.ptx 1453 : 15923 106027 0 0 0 0 0 0 0 
_1.ptx 630 : 65536 404800 0 0 0 0 0 0 0 
_1.ptx 1454 : 15923 97529 0 0 0 0 0 0 0 
_1.ptx 631 : 65536 1206048 63104 0 0 0 0 0 0 
_1.ptx 1455 : 15923 145018 0 0 0 0 0 0 0 
_1.ptx 632 : 65536 403680 0 0 0 0 0 0 0 
_1.ptx 1456 : 15923 103751 0 0 0 0 0 0 0 
_1.ptx 633 : 65536 1386464 73856 0 0 0 0 0 0 
_1.ptx 1457 : 15923 162117 0 0 0 0 0 0 0 
_1.ptx 634 : 65536 404032 0 0 0 0 0 0 0 
_1.ptx 1458 : 15923 162194 0 0 0 0 0 0 0 
_1.ptx 635 : 65536 1370816 61312 0 0 0 0 0 0 
_1.ptx 1459 : 15923 100484 0 0 0 0 0 0 0 
_1.ptx 636 : 65536 404832 0 0 0 0 0 0 0 
_1.ptx 1460 : 15923 130016 0 0 0 0 0 0 0 
_1.ptx 637 : 65536 1460352 71424 0 0 0 0 0 0 
_1.ptx 1461 : 15923 33945 0 0 0 0 0 0 386 
_1.ptx 638 : 65536 406368 0 0 0 0 0 0 0 
_1.ptx 639 : 65536 1561728 63360 0 0 0 0 0 0 
_1.ptx 640 : 65536 406176 0 0 0 0 0 0 0 
_1.ptx 1464 : 65536 12629184 14208 0 0 4096 2048 0 0 
_1.ptx 641 : 65536 1640864 70144 0 0 0 0 0 0 
_1.ptx 1465 : 65536 4500192 0 0 0 0 0 0 0 
_1.ptx 642 : 65536 406592 0 0 0 0 0 0 0 
_1.ptx 1466 : 65536 480160 0 0 0 0 0 0 0 
_1.ptx 643 : 65536 1054912 79104 0 0 0 0 0 0 
_1.ptx 1467 : 65536 415104 0 0 0 0 0 0 0 
_1.ptx 644 : 65536 407424 0 0 0 0 0 0 0 
_1.ptx 1468 : 65536 731744 0 0 0 0 0 0 0 
_1.ptx 645 : 65536 410560 0 0 0 0 0 0 0 
_1.ptx 1469 : 65536 477088 0 0 0 0 0 0 0 
_1.ptx 646 : 65536 541024 0 0 0 0 0 0 0 
_1.ptx 1470 : 65536 3877248 0 0 0 0 0 0 0 
_1.ptx 647 : 65536 408032 0 0 0 0 0 0 0 
_1.ptx 1471 : 65536 477856 0 0 0 0 0 0 0 
_1.ptx 648 : 65536 411328 0 0 0 0 0 0 0 
_1.ptx 1472 : 65536 412576 0 0 0 0 0 0 0 
_1.ptx 649 : 65536 540320 0 0 0 0 0 0 0 
_1.ptx 1473 : 65536 730688 0 0 0 0 0 0 0 
_1.ptx 650 : 65536 415776 0 0 0 0 0 0 0 
_1.ptx 1474 : 65536 476576 0 0 0 0 0 0 0 
_1.ptx 651 : 65536 732224 0 0 0 0 0 0 0 
_1.ptx 1475 : 65536 478368 0 0 0 0 0 0 0 
_1.ptx 652 : 65536 413824 0 0 0 0 0 0 0 
_1.ptx 1476 : 65536 536608 0 0 0 0 0 0 0 
_1.ptx 653 : 65536 730848 0 0 0 0 0 0 0 
_1.ptx 1477 : 65536 3326720 0 0 0 0 0 0 0 
_1.ptx 654 : 65536 1583040 128 0 0 0 0 0 0 
_1.ptx 1478 : 65536 479680 0 0 0 0 0 0 0 
_1.ptx 655 : 65536 1430048 0 0 0 0 0 0 0 
_1.ptx 1479 : 65536 415936 0 0 0 0 0 0 0 
_1.ptx 656 : 65536 537824 0 0 0 0 0 0 0 
_1.ptx 1480 : 65536 730336 0 0 0 0 0 0 0 
_1.ptx 657 : 65536 476832 0 0 0 0 0 0 0 
_1.ptx 1481 : 65536 476480 0 0 0 0 0 0 0 
_1.ptx 658 : 65536 536256 0 0 0 0 0 0 0 
_1.ptx 1482 : 65536 474304 0 0 0 0 0 0 0 
_1.ptx 659 : 65536 480416 0 0 0 0 0 0 0 
_1.ptx 1483 : 65536 3631904 0 0 0 0 0 0 0 
_1.ptx 660 : 65536 543776 0 0 0 0 0 0 0 
_1.ptx 1484 : 65536 482048 0 0 0 0 0 0 0 
_1.ptx 661 : 65536 411552 0 0 0 0 0 0 0 
_1.ptx 1485 : 65536 417056 0 0 0 0 0 0 0 
_1.ptx 662 : 65536 538432 0 0 0 0 0 0 0 
_1.ptx 1486 : 65536 733856 0 0 0 0 0 0 0 
_1.ptx 663 : 65536 0 0 0 0 0 0 0 0 
_1.ptx 1487 : 65536 477792 0 0 0 0 0 0 0 
_1.ptx 1488 : 65536 476544 0 0 0 0 0 0 0 
_1.ptx 665 : 65536 767328 0 0 0 0 0 0 0 
_1.ptx 1489 : 65536 535488 0 0 0 0 0 0 0 
_1.ptx 666 : 65536 467296 0 0 0 0 0 0 0 
_1.ptx 1490 : 65536 535776 0 0 0 0 0 0 0 
_1.ptx 667 : 65536 733088 0 0 0 0 0 0 0 
_1.ptx 1491 : 65536 731264 0 0 0 0 0 0 0 
_1.ptx 668 : 65536 481952 0 0 0 0 0 0 0 
_1.ptx 1492 : 65536 468512 0 0 0 4096 2048 0 0 
_1.ptx 669 : 65536 706304 0 0 0 0 0 0 0 
_1.ptx 670 : 65536 736064 0 0 0 0 0 0 0 
_1.ptx 671 : 65536 417408 0 0 0 0 0 0 0 
_1.ptx 1495 : 65536 405856 0 0 0 0 0 0 0 
_1.ptx 672 : 65536 1300512 154816 0 0 4096 2048 0 0 
_1.ptx 674 : 65536 1986432 128 0 0 0 0 0 0 
_1.ptx 675 : 65536 1814528 0 0 0 0 0 0 0 
_1.ptx 676 : 65536 594432 0 0 0 0 0 0 0 
_1.ptx 678 : 65536 302880 0 0 0 0 0 0 0 
_1.ptx 679 : 65536 489664 0 0 0 0 0 0 0 
_1.ptx 680 : 65536 736224 0 0 0 0 0 0 0 
_1.ptx 681 : 65536 1336384 0 0 0 0 0 0 0 
_1.ptx 682 : 65536 521088 0 0 0 0 0 0 0 
_1.ptx 683 : 65536 510944 0 0 0 0 0 0 0 
_1.ptx 684 : 65536 320992 0 0 0 0 0 0 0 
_1.ptx 685 : 65536 742176 0 0 0 0 0 0 0 
_1.ptx 686 : 65536 255904 0 0 0 0 0 0 0 
_1.ptx 687 : 65536 747872 0 0 0 0 0 0 0 
_1.ptx 688 : 65536 499520 0 0 0 0 0 0 0 
_1.ptx 689 : 65536 498624 0 0 0 0 0 0 0 
_1.ptx 690 : 65536 499072 0 0 0 0 0 0 0 
_1.ptx 691 : 65536 429696 0 0 0 0 0 0 0 
_1.ptx 692 : 65536 3106176 0 0 0 0 0 0 0 
_1.ptx 693 : 65536 410880 0 0 0 0 0 0 0 
_1.ptx 694 : 65536 733888 0 0 0 0 0 0 0 
_1.ptx 695 : 65536 741856 0 0 0 0 0 0 0 
_1.ptx 696 : 65536 420576 0 0 0 0 0 0 0 
_1.ptx 697 : 65536 737184 0 0 0 0 0 0 0 
_1.ptx 698 : 65536 734656 0 0 0 0 0 0 0 
_1.ptx 699 : 65536 325280 0 0 0 0 0 0 0 
_1.ptx 700 : 65536 734784 0 0 0 0 0 0 0 
_1.ptx 701 : 65536 288960 0 0 0 0 0 0 0 
_1.ptx 702 : 65536 732928 0 0 0 0 0 0 0 
_1.ptx 703 : 65536 255584 0 0 0 0 0 0 0 
_1.ptx 704 : 65536 733472 0 0 0 0 0 0 0 
_1.ptx 705 : 65536 230144 0 0 0 0 0 0 0 
_1.ptx 706 : 65536 732768 0 0 0 0 0 0 0 
_1.ptx 707 : 65536 226688 0 0 0 0 0 0 0 
_1.ptx 708 : 65536 732864 0 0 0 0 0 0 0 
_1.ptx 709 : 65536 252384 0 0 0 0 0 0 0 
_1.ptx 710 : 65536 739392 0 0 0 0 0 0 0 
_1.ptx 711 : 65536 747232 0 0 0 0 0 0 0 
_1.ptx 712 : 65536 756608 0 0 0 0 0 0 0 
_1.ptx 713 : 65536 754336 0 0 0 0 0 0 0 
_1.ptx 714 : 65536 758528 0 0 0 0 0 0 0 
_1.ptx 715 : 65536 770080 0 0 0 0 0 0 0 
_1.ptx 716 : 65536 779072 0 0 0 0 0 0 0 
_1.ptx 717 : 65536 771872 0 0 0 0 0 0 0 
_1.ptx 718 : 65536 765984 0 0 0 0 0 0 0 
_1.ptx 719 : 65536 764064 0 0 0 0 0 0 0 
_1.ptx 720 : 65536 756960 0 0 0 0 0 0 0 
_1.ptx 721 : 65536 758752 0 0 0 0 0 0 0 
_1.ptx 722 : 65536 757408 0 0 0 0 0 0 0 
_1.ptx 723 : 65536 765504 0 0 0 0 0 0 0 
_1.ptx 724 : 65536 619840 0 0 0 0 0 0 0 
_1.ptx 725 : 65536 609856 0 0 0 0 0 0 0 
_1.ptx 726 : 65536 1552416 0 0 0 0 0 0 0 
_1.ptx 727 : 65536 747840 0 0 0 0 0 0 0 
_1.ptx 728 : 65536 751232 0 0 0 0 0 0 0 
_1.ptx 729 : 65536 755776 0 0 0 0 0 0 0 
_1.ptx 731 : 65536 428096 0 0 0 0 0 0 0 
_1.ptx 733 : 65536 480416 0 0 0 0 0 0 0 
_1.ptx 734 : 65536 494560 0 0 0 0 0 0 0 
_1.ptx 735 : 65536 480544 0 0 0 0 0 0 0 
_1.ptx 736 : 65536 475104 0 0 0 0 0 0 0 
_1.ptx 738 : 127467 976821 0 0 0 0 0 0 0 
_1.ptx 739 : 127467 853937 0 0 0 0 0 0 0 
_1.ptx 740 : 127467 833682 0 0 0 0 0 0 0 
_1.ptx 744 : 509868 3184823 256 0 0 17236 17236 0 0 
_1.ptx 745 : 509868 3116683 0 0 0 17236 17236 0 0 
_1.ptx 746 : 509868 3644992 256 0 0 17236 17236 0 0 
_1.ptx 747 : 509868 2963474 0 0 0 17236 17236 0 0 
_1.ptx 748 : 509868 2885681 0 0 0 17236 17236 0 0 
_1.ptx 749 : 509868 3256538 0 0 0 0 0 0 0 
_1.ptx 750 : 509868 4280008 0 0 0 0 0 0 0 
_1.ptx 751 : 509868 2539587 0 0 0 0 0 0 0 
_1.ptx 753 : 127467 954917 0 0 0 0 0 0 0 
_1.ptx 754 : 127467 832427 0 0 0 0 0 0 0 
_1.ptx 755 : 127467 1065869 0 0 0 0 0 0 0 
_1.ptx 756 : 127467 824375 0 0 0 0 0 0 0 
_1.ptx 761 : 127467 1432682 0 0 0 0 0 0 0 
_1.ptx 762 : 127467 6169533 0 0 0 0 0 0 0 
_1.ptx 763 : 127467 807944 0 0 0 0 0 0 0 
_1.ptx 764 : 127467 815113 0 0 0 0 0 0 0 
_1.ptx 765 : 127467 1056105 0 0 0 0 0 0 0 
_1.ptx 766 : 127467 1189429 0 0 0 0 0 0 0 
_1.ptx 769 : 127467 971931 0 0 0 0 0 0 0 
_1.ptx 770 : 127467 853438 0 0 0 0 0 0 0 
_1.ptx 773 : 382401 4373190 0 0 0 0 0 0 0 
_1.ptx 774 : 382401 1259644 0 0 0 0 0 0 0 
_1.ptx 775 : 382401 4415432 0 0 0 0 0 0 0 
_1.ptx 776 : 382401 4408054 0 0 0 0 0 0 0 
_1.ptx 777 : 382401 4458046 0 0 0 0 0 0 0 
_1.ptx 778 : 382401 4462635 0 0 0 0 0 0 0 
_1.ptx 779 : 382401 4464895 0 0 0 0 0 0 0 
_1.ptx 780 : 382401 4463532 0 0 0 0 0 0 0 
_1.ptx 781 : 382401 3647928 0 0 0 0 0 0 0 
_1.ptx 782 : 382401 3717558 0 0 0 0 0 0 0 
_1.ptx 783 : 382401 3626174 0 0 0 0 0 0 0 
_1.ptx 784 : 382401 3702515 0 0 0 0 0 0 0 
_1.ptx 785 : 382401 3262651 0 0 0 0 0 0 0 
_1.ptx 786 : 382401 2960940 0 0 0 0 0 0 0 
_1.ptx 787 : 382401 2574191 0 0 0 0 0 0 0 
_1.ptx 788 : 382401 3244913 0 0 0 0 0 0 0 
_1.ptx 789 : 382401 2948247 0 0 0 0 0 0 0 
_1.ptx 790 : 382401 3254286 0 0 0 0 0 0 0 
_1.ptx 791 : 382401 2575524 0 0 0 0 0 0 0 
_1.ptx 792 : 382401 3235274 0 0 0 0 0 0 0 
_1.ptx 793 : 382401 1834676 0 0 0 0 0 0 1523 
_1.ptx 794 : 105477 704852 0 0 0 0 0 0 0 
_1.ptx 795 : 105477 697529 0 0 0 0 0 0 0 
_1.ptx 797 : 276924 3168425 0 0 0 0 0 0 0 
_1.ptx 798 : 276924 3156593 0 0 0 0 0 0 0 
_1.ptx 799 : 276924 2328721 0 0 0 0 0 0 0 
_1.ptx 800 : 276924 129233 0 0 0 0 0 0 715 
_1.ptx 801 : 257599 1708925 0 0 0 0 0 0 0 
_1.ptx 802 : 257599 1731345 0 0 0 0 0 0 0 
_1.ptx 805 : 19325 219763 0 0 0 0 0 0 0 
_1.ptx 806 : 19325 316646 0 0 0 0 0 0 0 
_1.ptx 807 : 19325 220378 0 0 0 0 0 0 0 
_1.ptx 808 : 19325 224401 0 0 0 0 0 0 0 
_1.ptx 809 : 19325 180574 0 0 0 0 0 0 0 
_1.ptx 813 : 382401 2952574 0 0 0 0 0 0 0 
_1.ptx 815 : 509868 3399929 0 0 0 0 0 0 0 
_1.ptx 816 : 509868 4268337 0 0 0 0 0 0 0 
_1.ptx 817 : 509868 3861824 0 0 0 0 0 0 0 
_1.ptx 818 : 509868 4273504 0 0 0 0 0 0 0 
_1.ptx 819 : 509868 3870811 0 0 0 0 0 0 0 
_1.ptx 820 : 509868 4309513 0 0 0 0 0 0 0 
_1.ptx 821 : 509868 3343343 0 0 0 0 0 0 0 
_1.ptx 822 : 509868 4284616 0 0 0 0 0 0 0 
