kernel line : count latency dram_traffic smem_bk_conflicts smem_warp gmem_access_generated gmem_warp exposed_latency warp_divergence
_1.ptx 823 : 509868 2610996 0 0 0 0 0 0 1125 
_1.ptx 825 : 74702 523916 0 0 0 0 0 0 0 
_1.ptx 827 : 74702 523137 0 0 0 0 0 0 0 
_1.ptx 829 : 509868 5184067 0 0 0 0 0 0 0 
_1.ptx 830 : 509868 5184619 0 0 0 0 0 0 0 
_1.ptx 831 : 509868 3063568 0 0 0 0 0 0 0 
_1.ptx 832 : 509868 4102401 0 0 0 0 0 0 0 
_1.ptx 833 : 509868 2294483 0 0 0 0 0 0 0 
_1.ptx 834 : 127467 764899 0 0 0 0 0 0 0 
_1.ptx 835 : 127467 1020579 0 0 0 0 0 0 0 
_1.ptx 836 : 127467 892922 0 0 0 0 0 0 0 
_1.ptx 837 : 127467 764912 0 0 0 0 0 0 0 
_1.ptx 838 : 127467 1044547 0 0 0 0 0 0 0 
_1.ptx 839 : 127467 892503 0 0 0 0 0 0 0 
_1.ptx 840 : 127467 1022617 0 0 0 0 0 0 0 
_1.ptx 841 : 127467 765655 0 0 0 0 0 0 0 
_1.ptx 842 : 127467 1021277 0 0 0 0 0 0 0 
_1.ptx 843 : 127467 391110 0 0 0 0 0 0 631 
_1.ptx 845 : 62282 623173 0 0 0 0 0 0 0 
_1.ptx 847 : 62282 436166 0 0 0 0 0 0 0 
_1.ptx 848 : 62282 436123 0 0 0 0 0 0 0 
_1.ptx 849 : 62282 639193 0 0 0 0 0 0 0 
_1.ptx 850 : 62282 685338 0 0 0 0 0 0 0 
_1.ptx 851 : 62282 256037 0 0 0 2349 2349 0 0 
_1.ptx 852 : 62282 258099 0 0 0 2349 2349 0 0 
_1.ptx 853 : 62282 261839 0 0 0 2544 2349 0 0 
_1.ptx 854 : 62282 279288 0 0 0 2544 2349 0 0 
_1.ptx 855 : 62282 265229 0 0 0 2544 2349 0 0 
_1.ptx 856 : 62282 268119 0 0 0 2544 2349 0 0 
_1.ptx 857 : 62282 266342 0 0 0 2544 2349 0 0 
_1.ptx 859 : 62282 685385 0 0 0 0 0 0 0 
_1.ptx 860 : 62282 685695 0 0 0 0 0 0 0 
_1.ptx 861 : 62282 685353 0 0 0 0 0 0 0 
_1.ptx 862 : 62282 685510 0 0 0 0 0 0 0 
_1.ptx 863 : 62282 685385 0 0 0 0 0 0 0 
_1.ptx 864 : 62282 685806 0 0 0 0 0 0 0 
_1.ptx 865 : 62282 265710 0 0 0 2544 2349 0 0 
_1.ptx 866 : 62282 373756 0 0 0 0 0 0 0 
_1.ptx 867 : 62282 498356 0 0 0 0 0 0 0 
_1.ptx 868 : 62282 114894 0 0 0 0 0 0 305 
_1.ptx 870 : 43133 258863 0 0 0 0 0 0 0 
_1.ptx 871 : 43133 258798 0 0 0 0 0 0 0 
_1.ptx 872 : 43133 258798 0 0 0 0 0 0 0 
_1.ptx 873 : 43133 258798 0 0 0 0 0 0 0 
_1.ptx 875 : 19149 59365 0 0 0 0 0 0 0 
_1.ptx 876 : 19149 210884 0 0 0 0 0 0 0 
_1.ptx 877 : 19149 210691 0 0 0 0 0 0 0 
_1.ptx 878 : 19149 210822 0 0 0 0 0 0 0 
_1.ptx 879 : 19149 210739 0 0 0 0 0 0 0 
_1.ptx 880 : 19149 210983 0 0 0 0 0 0 0 
_1.ptx 881 : 19149 172374 0 0 0 0 0 0 0 
_1.ptx 882 : 19149 172506 0 0 0 0 0 0 0 
_1.ptx 883 : 19149 316635 0 0 0 0 0 0 0 
_1.ptx 884 : 19149 210672 0 0 0 0 0 0 0 
_1.ptx 885 : 19149 210640 0 0 0 0 0 0 0 
_1.ptx 886 : 19149 210758 0 0 0 0 0 0 0 
_1.ptx 888 : 62282 698132 0 0 0 0 0 0 0 
_1.ptx 889 : 62282 685692 0 0 0 0 0 0 0 
_1.ptx 890 : 62282 685356 0 0 0 0 0 0 0 
_1.ptx 891 : 62282 685906 0 0 0 0 0 0 0 
_1.ptx 892 : 62282 560731 0 0 0 0 0 0 0 
_1.ptx 893 : 62282 560746 0 0 0 0 0 0 0 
_1.ptx 894 : 62282 986590 0 0 0 0 0 0 0 
_1.ptx 895 : 62282 691935 0 0 0 0 0 0 0 
_1.ptx 896 : 62282 685252 0 0 0 0 0 0 0 
_1.ptx 897 : 62282 686069 0 0 0 0 0 0 0 
_1.ptx 898 : 62282 685166 0 0 0 0 0 0 0 
_1.ptx 899 : 62282 560668 0 0 0 0 0 0 0 
_1.ptx 900 : 62282 560604 0 0 0 0 0 0 0 
_1.ptx 901 : 62282 373692 0 0 0 0 0 0 0 
_1.ptx 902 : 62282 498325 0 0 0 0 0 0 0 
_1.ptx 903 : 62282 373732 0 0 0 0 0 0 0 
_1.ptx 910 : 62282 436123 0 0 0 0 0 0 0 
_1.ptx 911 : 62282 436956 0 0 0 0 0 0 0 
_1.ptx 912 : 62282 436788 0 0 0 0 0 0 0 
_1.ptx 915 : 62282 374119 0 0 0 0 0 0 0 
_1.ptx 916 : 62282 686120 0 0 0 0 0 0 0 
_1.ptx 917 : 62282 436218 0 0 0 0 0 0 0 
_1.ptx 918 : 62282 648411 0 0 0 0 0 0 0 
_1.ptx 919 : 62282 685219 0 0 0 0 0 0 0 
_1.ptx 920 : 62282 312071 2848 0 0 0 0 0 0 
_1.ptx 921 : 62282 373724 0 0 0 0 0 0 0 
_1.ptx 922 : 62282 685199 0 0 0 0 0 0 0 
_1.ptx 923 : 62282 313298 2496 0 0 0 0 0 0 
_1.ptx 924 : 62282 373692 0 0 0 0 0 0 0 
_1.ptx 925 : 62282 685528 0 0 0 0 0 0 0 
_1.ptx 926 : 62282 312843 2336 0 0 0 0 0 0 
_1.ptx 927 : 62282 373724 0 0 0 0 0 0 0 
_1.ptx 928 : 62282 685365 0 0 0 0 0 0 0 
_1.ptx 929 : 62282 312190 2848 0 0 0 0 0 0 
_1.ptx 931 : 62282 373692 0 0 0 0 0 0 0 
_1.ptx 932 : 62282 685825 0 0 0 0 0 0 0 
_1.ptx 933 : 62282 373884 0 0 0 0 0 0 0 
_1.ptx 934 : 62282 685468 0 0 0 0 0 0 0 
_1.ptx 935 : 62282 373724 0 0 0 0 0 0 0 
_1.ptx 936 : 62282 685262 0 0 0 0 0 0 0 
_1.ptx 937 : 62282 686251 0 0 0 0 0 0 0 
_1.ptx 938 : 62282 560813 0 0 0 0 0 0 0 
_1.ptx 939 : 62282 560751 0 0 0 0 0 0 0 
_1.ptx 940 : 62282 1048838 0 0 0 0 0 0 0 
_1.ptx 941 : 62282 694869 0 0 0 0 0 0 0 
_1.ptx 942 : 62282 695119 0 0 0 0 0 0 0 
_1.ptx 943 : 62282 710019 0 0 0 0 0 0 0 
_1.ptx 944 : 62282 685382 0 0 0 0 0 0 0 
_1.ptx 945 : 62282 561658 0 0 0 0 0 0 0 
_1.ptx 946 : 62282 560777 0 0 0 0 0 0 0 
_1.ptx 947 : 62282 373695 0 0 0 0 0 0 0 
_1.ptx 948 : 62282 501175 0 0 0 0 0 0 0 
_1.ptx 949 : 62282 32802 0 0 0 0 0 0 318 
_1.ptx 951 : 56815 397916 0 0 0 0 0 0 0 
_1.ptx 952 : 56815 340890 0 0 0 0 0 0 0 
_1.ptx 955 : 220903 884326 0 0 0 8579 8579 0 0 
_1.ptx 956 : 220903 884888 0 0 0 8579 8579 0 0 
_1.ptx 957 : 220903 884920 0 0 0 8579 8579 0 0 
_1.ptx 958 : 220903 885031 0 0 0 8579 8579 0 0 
_1.ptx 959 : 220903 1325420 0 0 0 0 0 0 0 
_1.ptx 960 : 220903 1768552 0 0 0 0 0 0 0 
_1.ptx 961 : 220903 984545 0 0 0 0 0 0 0 
_1.ptx 963 : 56815 421509 0 0 0 0 0 0 0 
_1.ptx 964 : 56815 341352 0 0 0 0 0 0 0 
_1.ptx 965 : 56815 454552 0 0 0 0 0 0 0 
_1.ptx 966 : 56815 340922 0 0 0 0 0 0 0 
_1.ptx 971 : 56815 340890 0 0 0 0 0 0 0 
_1.ptx 972 : 56815 511399 0 0 0 0 0 0 0 
_1.ptx 973 : 56815 625135 0 0 0 0 0 0 0 
_1.ptx 974 : 56815 2684621 0 0 0 0 0 0 0 
_1.ptx 976 : 56815 340890 0 0 0 0 0 0 0 
_1.ptx 977 : 56815 340941 0 0 0 0 0 0 0 
_1.ptx 978 : 56815 454732 0 0 0 0 0 0 0 
_1.ptx 979 : 56815 511459 0 0 0 0 0 0 0 
_1.ptx 982 : 56815 398128 0 0 0 0 0 0 0 
_1.ptx 983 : 56815 341577 0 0 0 0 0 0 0 
_1.ptx 986 : 164088 663754 0 0 0 6402 6402 0 0 
_1.ptx 987 : 164088 651183 0 0 0 0 0 0 0 
_1.ptx 988 : 164088 1805545 0 0 0 0 0 0 0 
_1.ptx 989 : 164088 984569 0 0 0 0 0 0 0 
_1.ptx 990 : 164088 1805838 0 0 0 0 0 0 0 
_1.ptx 991 : 164088 984550 0 0 0 0 0 0 0 
_1.ptx 992 : 164088 1805584 0 0 0 0 0 0 0 
_1.ptx 993 : 164088 984528 0 0 0 0 0 0 0 
_1.ptx 994 : 164088 1810623 0 0 0 0 0 0 0 
_1.ptx 995 : 164088 1805394 0 0 0 0 0 0 0 
_1.ptx 996 : 164088 1805902 0 0 0 0 0 0 0 
_1.ptx 997 : 164088 1806189 0 0 0 0 0 0 0 
_1.ptx 998 : 164088 1816714 0 0 0 0 0 0 0 
_1.ptx 999 : 164088 1823139 0 0 0 0 0 0 0 
_1.ptx 1000 : 164088 1806260 0 0 0 0 0 0 0 
_1.ptx 1001 : 164088 1857211 0 0 0 0 0 0 0 
_1.ptx 1002 : 164088 1477637 0 0 0 0 0 0 0 
_1.ptx 1003 : 164088 1477038 0 0 0 0 0 0 0 
_1.ptx 1004 : 164088 1805855 0 0 0 0 0 0 0 
_1.ptx 1005 : 164088 1477220 0 0 0 0 0 0 0 
_1.ptx 1006 : 164088 1478620 0 0 0 0 0 0 0 
_1.ptx 1007 : 164088 1807910 0 0 0 0 0 0 0 
_1.ptx 1008 : 164088 1313337 0 0 0 0 0 0 0 
_1.ptx 1009 : 164088 1149157 0 0 0 0 0 0 0 
_1.ptx 1010 : 164088 984590 0 0 0 0 0 0 0 
_1.ptx 1011 : 164088 1313296 0 0 0 0 0 0 0 
_1.ptx 1012 : 164088 1149566 0 0 0 0 0 0 0 
_1.ptx 1013 : 164088 1315992 0 0 0 0 0 0 0 
_1.ptx 1014 : 164088 986316 0 0 0 0 0 0 0 
_1.ptx 1015 : 164088 1316431 0 0 0 0 0 0 0 
_1.ptx 1016 : 164088 681959 0 0 0 0 0 0 965 
_1.ptx 1017 : 50431 302618 0 0 0 0 0 0 0 
_1.ptx 1018 : 50431 302586 0 0 0 0 0 0 0 
_1.ptx 1020 : 113657 1250619 0 0 0 0 0 0 0 
_1.ptx 1021 : 113657 1250582 0 0 0 0 0 0 0 
_1.ptx 1022 : 113657 910837 0 0 0 0 0 0 0 
_1.ptx 1023 : 113657 36420 0 0 0 0 0 0 344 
_1.ptx 1024 : 107587 645528 0 0 0 0 0 0 0 
_1.ptx 1025 : 107587 645538 0 0 0 0 0 0 0 
_1.ptx 1028 : 6070 66828 0 0 0 0 0 0 0 
_1.ptx 1029 : 6070 97833 0 0 0 0 0 0 0 
_1.ptx 1030 : 6070 68108 0 0 0 0 0 0 0 
_1.ptx 1031 : 6070 69062 0 0 0 0 0 0 0 
_1.ptx 1032 : 6070 54713 0 0 0 0 0 0 0 
_1.ptx 1036 : 164088 1152605 0 0 0 0 0 0 0 
_1.ptx 1039 : 220903 1326795 0 0 0 0 0 0 0 
_1.ptx 1040 : 220903 1767815 0 0 0 0 0 0 0 
_1.ptx 1041 : 220903 1289010 0 0 0 0 0 0 370 
_1.ptx 1042 : 6068 66869 0 0 0 0 0 0 0 
_1.ptx 1043 : 6068 66840 0 0 0 0 0 0 0 
_1.ptx 1044 : 6068 67086 0 0 0 0 0 0 0 
_1.ptx 1045 : 6068 66748 0 0 0 0 0 0 0 
_1.ptx 1046 : 6068 66812 0 0 0 0 0 0 0 
_1.ptx 1047 : 6068 66764 0 0 0 0 0 0 0 
_1.ptx 1048 : 6068 67155 0 0 0 0 0 0 0 
_1.ptx 1049 : 6068 58112 0 0 0 0 0 0 0 
_1.ptx 1050 : 6068 54853 0 0 0 0 0 0 0 
_1.ptx 1051 : 6068 48573 0 0 0 0 0 0 0 
_1.ptx 1052 : 6068 36408 0 0 0 0 0 0 0 
_1.ptx 1057 : 220903 2209453 0 0 0 0 0 0 0 
_1.ptx 1058 : 220903 2210372 0 0 0 0 0 0 0 
_1.ptx 1059 : 220903 1325908 0 0 0 0 0 0 0 
_1.ptx 1060 : 220903 1767705 0 0 0 0 0 0 0 
_1.ptx 1061 : 220903 310734 0 0 0 0 0 0 0 
_1.ptx 1062 : 169119 1014748 0 0 0 0 0 0 0 
_1.ptx 1063 : 169119 1353596 0 0 0 0 0 0 0 
_1.ptx 1064 : 169119 984528 0 0 0 0 0 0 295 
_1.ptx 1065 : 5031 30186 0 0 0 0 0 0 0 
_1.ptx 1067 : 51784 310704 0 0 0 0 0 0 0 
_1.ptx 1068 : 51784 414372 0 0 0 0 0 0 0 
_1.ptx 1071 : 56815 36420 0 0 0 0 0 0 318 
_1.ptx 1073 : 50745 558274 0 0 0 0 0 0 0 
_1.ptx 1074 : 50745 577677 0 0 0 0 0 0 0 
_1.ptx 1075 : 50745 558316 0 0 0 0 0 0 0 
_1.ptx 1076 : 50745 559082 0 0 0 0 0 0 0 
_1.ptx 1077 : 50745 457002 0 0 0 0 0 0 0 
_1.ptx 1078 : 50745 456723 0 0 0 0 0 0 0 
_1.ptx 1079 : 50745 853735 0 0 0 0 0 0 0 
_1.ptx 1081 : 50745 304470 0 0 0 0 0 0 0 
_1.ptx 1082 : 50745 1015385 0 0 0 0 0 0 0 
_1.ptx 1083 : 50745 324987 0 0 0 0 0 0 0 
_1.ptx 1084 : 50745 558290 0 0 0 0 0 0 0 
_1.ptx 1085 : 50745 558292 0 0 0 0 0 0 0 
_1.ptx 1086 : 50745 558261 0 0 0 0 0 0 0 
_1.ptx 1087 : 50745 254895 0 0 0 0 0 0 0 
_1.ptx 1088 : 50745 304502 0 0 0 0 0 0 0 
_1.ptx 1089 : 50745 558301 0 0 0 0 0 0 0 
_1.ptx 1090 : 50745 558259 0 0 0 0 0 0 0 
_1.ptx 1091 : 50745 558293 0 0 0 0 0 0 0 
_1.ptx 1092 : 50745 253866 0 0 0 0 0 0 0 
_1.ptx 1093 : 50745 304470 0 0 0 0 0 0 0 
_1.ptx 1094 : 50745 558277 0 0 0 0 0 0 0 
_1.ptx 1095 : 50745 558217 0 0 0 0 0 0 0 
_1.ptx 1096 : 50745 558373 0 0 0 0 0 0 0 
_1.ptx 1097 : 50745 253984 0 0 0 0 0 0 0 
_1.ptx 1098 : 50745 304470 0 0 0 0 0 0 0 
_1.ptx 1099 : 50745 558276 0 0 0 0 0 0 0 
_1.ptx 1100 : 50745 456778 0 0 0 0 0 0 0 
_1.ptx 1101 : 50745 254215 0 0 0 0 0 0 0 
_1.ptx 1103 : 50745 558259 0 0 0 0 0 0 0 
_1.ptx 1104 : 50745 558259 0 0 0 0 0 0 0 
_1.ptx 1105 : 50745 558293 0 0 0 0 0 0 0 
_1.ptx 1106 : 50745 457098 0 0 0 0 0 0 0 
_1.ptx 1107 : 50745 558725 0 0 0 0 0 0 0 
_1.ptx 1108 : 50745 456719 0 0 0 0 0 0 0 
_1.ptx 1109 : 50745 304470 0 0 0 0 0 0 0 
_1.ptx 1110 : 50745 1015010 0 0 0 0 0 0 0 
_1.ptx 1111 : 50745 304470 0 0 0 0 0 0 0 
_1.ptx 1112 : 50745 1014963 0 0 0 0 0 0 0 
_1.ptx 1113 : 50745 304470 0 0 0 0 0 0 0 
_1.ptx 1114 : 50745 406116 0 0 0 0 0 0 0 
_1.ptx 1115 : 50745 304493 0 0 0 0 0 0 0 
_1.ptx 1121 : 50745 355369 0 0 0 0 0 0 0 
_1.ptx 1122 : 50745 304789 0 0 0 0 0 0 0 
_1.ptx 1123 : 50745 405992 0 0 0 0 0 0 0 
_1.ptx 1124 : 50745 0 0 0 0 0 0 0 0 
_1.ptx 1125 : 50745 304470 0 0 0 0 0 0 0 
_1.ptx 1133 : 50745 304470 0 0 0 0 0 0 0 
_1.ptx 1134 : 50745 406081 0 0 0 0 0 0 0 
_1.ptx 1135 : 50745 304470 0 0 0 0 0 0 0 
_1.ptx 1140 : 50745 304470 0 0 0 0 0 0 0 
_1.ptx 1141 : 50745 406029 0 0 0 0 0 0 0 
_1.ptx 1142 : 50745 304470 0 0 0 0 0 0 0 
_1.ptx 1157 : 50745 304470 0 0 0 0 0 0 0 
_1.ptx 1158 : 50745 406138 0 0 0 0 0 0 0 
_1.ptx 1159 : 50745 304470 0 0 0 0 0 0 0 
_1.ptx 1181 : 50745 304470 0 0 0 0 0 0 0 
_1.ptx 1182 : 50745 406061 0 0 0 0 0 0 0 
_1.ptx 1183 : 50745 304470 0 0 0 0 0 0 0 
_1.ptx 1196 : 50745 355291 0 0 0 0 0 0 0 
_1.ptx 1197 : 50745 355330 0 0 0 0 0 0 0 
_1.ptx 1198 : 50745 355300 0 0 0 0 0 0 0 
_1.ptx 1199 : 50745 355329 0 0 0 0 0 0 0 
_1.ptx 1200 : 50745 304471 0 0 0 0 0 0 0 
_1.ptx 1201 : 50745 405969 0 0 0 0 0 0 0 
_1.ptx 1202 : 50745 304470 0 0 0 0 0 0 0 
_1.ptx 1213 : 50745 355534 0 0 0 0 0 0 0 
_1.ptx 1216 : 50745 507556 0 0 0 0 0 0 0 
_1.ptx 1218 : 50745 355259 0 0 0 0 0 0 0 
_1.ptx 1219 : 50745 355296 0 0 0 0 0 0 0 
_1.ptx 1220 : 50745 355279 0 0 0 0 0 0 0 
_1.ptx 1221 : 50745 355319 0 0 0 0 0 0 0 
_1.ptx 1222 : 50745 304521 0 0 0 0 0 0 0 
_1.ptx 1223 : 50745 406095 0 0 0 0 0 0 0 
_1.ptx 1224 : 50745 177972 0 0 0 0 0 0 727 
_1.ptx 1226 : 21083 126498 0 0 0 0 0 0 0 
_1.ptx 1227 : 21083 232210 0 0 0 0 0 0 0 
_1.ptx 1229 : 21083 210866 0 0 0 0 0 0 0 
_1.ptx 1232 : 50745 315900 0 0 0 0 0 0 0 
_1.ptx 1233 : 50745 558254 0 0 0 0 0 0 0 
_1.ptx 1234 : 50745 304470 0 0 0 0 0 0 0 
_1.ptx 1235 : 50745 558209 0 0 0 0 0 0 0 
_1.ptx 1236 : 50745 579579 0 0 0 0 0 0 0 
_1.ptx 1237 : 50745 407268 0 0 0 0 0 0 0 
_1.ptx 1238 : 50745 865998 0 0 0 0 0 0 0 
_1.ptx 1239 : 50745 355265 0 0 0 0 0 0 0 
_1.ptx 1240 : 50745 559768 0 0 0 0 0 0 0 
_1.ptx 1241 : 50745 355545 0 0 0 0 0 0 0 
_1.ptx 1242 : 50745 355269 0 0 0 0 0 0 0 
_1.ptx 1243 : 50745 355401 0 0 0 0 0 0 0 
_1.ptx 1244 : 50745 356715 0 0 0 0 0 0 0 
_1.ptx 1245 : 50745 355505 0 0 0 0 0 0 0 
_1.ptx 1246 : 50745 558350 0 0 0 0 0 0 0 
_1.ptx 1247 : 50745 558526 0 0 0 0 0 0 0 
_1.ptx 1248 : 50745 579243 0 0 0 0 0 0 0 
_1.ptx 1249 : 50745 456818 0 0 0 0 0 0 0 
_1.ptx 1250 : 50745 456737 0 0 0 0 0 0 0 
_1.ptx 1252 : 50745 558225 0 0 0 0 0 0 0 
_1.ptx 1253 : 50745 568220 0 0 0 0 0 0 0 
_1.ptx 1254 : 50745 304547 0 0 0 0 0 0 0 
_1.ptx 1255 : 50745 324157 0 0 0 0 0 0 0 
_1.ptx 1256 : 50745 466243 0 0 0 0 0 0 0 
_1.ptx 1257 : 50745 304484 0 0 0 0 0 0 0 
_1.ptx 1258 : 50745 456713 0 0 0 0 0 0 0 
_1.ptx 1259 : 50745 559240 0 0 0 0 0 0 0 
_1.ptx 1260 : 50745 564828 0 0 0 0 0 0 0 
_1.ptx 1261 : 50745 558252 0 0 0 0 0 0 0 
_1.ptx 1262 : 50745 558264 0 0 0 0 0 0 0 
_1.ptx 1263 : 50745 558289 0 0 0 0 0 0 0 
_1.ptx 1264 : 50745 558203 0 0 0 0 0 0 0 
_1.ptx 1265 : 50745 558280 0 0 0 0 0 0 0 
_1.ptx 1266 : 50745 558323 0 0 0 0 0 0 0 
_1.ptx 1267 : 50745 558228 0 0 0 0 0 0 0 
_1.ptx 1269 : 50745 558213 0 0 0 0 0 0 0 
_1.ptx 1271 : 50745 558259 0 0 0 0 0 0 0 
_1.ptx 1272 : 50745 558227 0 0 0 0 0 0 0 
_1.ptx 1274 : 50745 377026 0 0 0 0 0 0 0 
_1.ptx 1275 : 50745 328084 0 0 0 0 0 0 0 
_1.ptx 1276 : 50745 558202 0 0 0 0 0 0 0 
_1.ptx 1277 : 50745 558321 0 0 0 0 0 0 0 
_1.ptx 1279 : 50745 304565 0 0 0 0 0 0 0 
_1.ptx 1280 : 50745 558268 0 0 0 0 0 0 0 
_1.ptx 1281 : 50745 558357 0 0 0 0 0 0 0 
_1.ptx 1282 : 50745 558261 0 0 0 0 0 0 0 
_1.ptx 1283 : 50745 558283 0 0 0 0 0 0 0 
_1.ptx 1284 : 50745 558288 0 0 0 0 0 0 0 
_1.ptx 1286 : 50745 558256 0 0 0 0 0 0 0 
_1.ptx 1288 : 50745 304502 0 0 0 0 0 0 0 
_1.ptx 1289 : 50745 558426 0 0 0 0 0 0 0 
_1.ptx 1290 : 50745 559455 0 0 0 0 0 0 0 
_1.ptx 1291 : 50745 398086 0 0 0 0 0 0 0 
_1.ptx 1292 : 50745 558248 0 0 0 0 0 0 0 
_1.ptx 1293 : 50745 326362 0 0 0 0 0 0 0 
_1.ptx 1294 : 50745 459856 0 0 0 0 0 0 0 
_1.ptx 1295 : 50745 304472 0 0 0 0 0 0 0 
_1.ptx 1296 : 50745 456827 0 0 0 0 0 0 0 
_1.ptx 1297 : 50745 304470 0 0 0 0 0 0 0 
_1.ptx 1298 : 50745 456779 0 0 0 0 0 0 0 
_1.ptx 1299 : 50745 304470 0 0 0 0 0 0 0 
_1.ptx 1300 : 50745 456746 0 0 0 0 0 0 0 
_1.ptx 1301 : 50745 558236 0 0 0 0 0 0 0 
_1.ptx 1303 : 50745 355322 0 0 0 0 0 0 0 
_1.ptx 1304 : 50745 558230 0 0 0 0 0 0 0 
_1.ptx 1305 : 50745 558264 0 0 0 0 0 0 0 
_1.ptx 1307 : 50745 355312 0 0 0 0 0 0 0 
_1.ptx 1308 : 50745 355399 0 0 0 0 0 0 0 
_1.ptx 1309 : 50745 355600 0 0 0 0 0 0 0 
_1.ptx 1310 : 50745 304569 0 0 0 0 0 0 0 
_1.ptx 1311 : 50745 405992 0 0 0 0 0 0 0 
_1.ptx 1312 : 50745 304470 0 0 0 0 0 0 0 
_1.ptx 1321 : 50745 355386 0 0 0 0 0 0 0 
_1.ptx 1322 : 50745 304794 0 0 0 0 0 0 0 
_1.ptx 1323 : 50745 558195 0 0 0 0 0 0 0 
_1.ptx 1324 : 50745 355225 0 0 0 0 0 0 0 
_1.ptx 1325 : 50745 304502 0 0 0 0 0 0 0 
_1.ptx 1326 : 50745 304490 0 0 0 0 0 0 0 
_1.ptx 1327 : 50745 867971 0 0 0 0 0 0 0 
_1.ptx 1328 : 50745 304470 0 0 0 0 0 0 0 
_1.ptx 1329 : 50745 304470 0 0 0 0 0 0 0 
_1.ptx 1330 : 50745 456909 0 0 0 0 0 0 0 
_1.ptx 1331 : 50745 463093 0 0 0 0 0 0 0 
_1.ptx 1332 : 50745 304470 0 0 0 0 0 0 0 
_1.ptx 1333 : 50745 559365 0 0 0 0 0 0 0 
_1.ptx 1334 : 50745 867820 0 0 0 0 0 0 0 
_1.ptx 1335 : 50745 567975 0 0 0 0 0 0 0 
_1.ptx 1336 : 50745 304470 0 0 0 0 0 0 0 
_1.ptx 1337 : 50745 406139 0 0 0 0 0 0 0 
_1.ptx 1338 : 50745 456753 0 0 0 0 0 0 0 
_1.ptx 1339 : 50745 304470 0 0 0 0 0 0 0 
_1.ptx 1340 : 50745 406563 0 0 0 0 0 0 0 
_1.ptx 1341 : 50745 456707 0 0 0 0 0 0 0 
_1.ptx 1343 : 50745 355257 0 0 0 0 0 0 0 
_1.ptx 1344 : 50745 304470 0 0 0 0 0 0 0 
_1.ptx 1345 : 50745 406032 0 0 0 0 0 0 0 
_1.ptx 1346 : 50745 0 0 0 0 0 0 0 0 
_1.ptx 1348 : 50745 456750 0 0 0 0 0 0 0 
_1.ptx 1351 : 50745 355340 0 0 0 0 0 0 0 
_1.ptx 1352 : 50745 304890 0 0 0 0 0 0 0 
_1.ptx 1353 : 50745 355395 0 0 0 0 0 0 0 
_1.ptx 1354 : 50745 355375 0 0 0 0 0 0 0 
_1.ptx 1355 : 50745 304471 0 0 0 0 0 0 0 
_1.ptx 1356 : 50745 558369 0 0 0 0 0 0 0 
_1.ptx 1357 : 50745 558227 0 0 0 0 0 0 0 
_1.ptx 1358 : 50745 355257 0 0 0 0 0 0 0 
_1.ptx 1359 : 50745 304502 0 0 0 0 0 0 0 
_1.ptx 1360 : 50745 405992 0 0 0 0 0 0 0 
_1.ptx 1361 : 50745 355358 0 0 0 0 0 0 0 
_1.ptx 1362 : 50745 405988 0 0 0 0 0 0 0 
_1.ptx 1363 : 50745 304470 0 0 0 0 0 0 0 
_1.ptx 1364 : 50745 406004 0 0 0 0 0 0 0 
_1.ptx 1365 : 50745 304470 0 0 0 0 0 0 0 
_1.ptx 1372 : 50745 355370 0 0 0 0 0 0 0 
_1.ptx 1375 : 50745 304716 0 0 0 0 0 0 0 
_1.ptx 1376 : 50745 558285 0 0 0 0 0 0 0 
_1.ptx 1377 : 50745 558236 0 0 0 0 0 0 0 
_1.ptx 1378 : 50745 254009 0 0 0 0 0 0 0 
_1.ptx 1380 : 50745 558383 0 0 0 0 0 0 0 
_1.ptx 1381 : 50745 253821 0 0 0 0 0 0 0 
_1.ptx 1383 : 50745 558439 0 0 0 0 0 0 0 
_1.ptx 1384 : 50745 276886 0 0 0 0 0 0 0 
_1.ptx 1388 : 62282 688336 0 0 0 0 0 0 0 
_1.ptx 1389 : 62282 685169 0 0 0 0 0 0 0 
_1.ptx 1390 : 62282 685139 0 0 0 0 0 0 0 
_1.ptx 1391 : 62282 685202 0 0 0 0 0 0 0 
_1.ptx 1392 : 62282 685372 0 0 0 0 0 0 0 
_1.ptx 1393 : 62282 685202 0 0 0 0 0 0 0 
_1.ptx 1395 : 62282 686329 0 0 0 0 0 0 0 
_1.ptx 1396 : 62282 705593 0 0 0 0 0 0 0 
_1.ptx 1397 : 62282 685300 0 0 0 0 0 0 0 
_1.ptx 1398 : 62282 690126 0 0 0 0 0 0 0 
_1.ptx 1399 : 62282 562230 0 0 0 0 0 0 0 
_1.ptx 1400 : 62282 560700 0 0 0 0 0 0 0 
_1.ptx 1401 : 62282 1052585 0 0 0 0 0 0 0 
_1.ptx 1402 : 62282 694348 0 0 0 0 0 0 0 
_1.ptx 1403 : 62282 694108 0 0 0 0 0 0 0 
_1.ptx 1404 : 62282 693888 0 0 0 0 0 0 0 
_1.ptx 1405 : 62282 446397 0 0 0 0 0 0 0 
_1.ptx 1406 : 62282 436917 0 0 0 0 0 0 0 
_1.ptx 1408 : 62282 375361 0 0 0 0 0 0 0 
_1.ptx 1409 : 62282 561847 0 0 0 0 0 0 0 
_1.ptx 1410 : 62282 373724 0 0 0 0 0 0 0 
_1.ptx 1411 : 62282 560641 0 0 0 0 0 0 0 
_1.ptx 1412 : 62282 373692 0 0 0 0 0 0 0 
_1.ptx 1413 : 62282 615201 0 0 0 0 0 0 0 
_1.ptx 1416 : 127467 1302159 0 0 0 0 0 0 0 
_1.ptx 1417 : 127467 820734 0 0 0 0 0 0 0 
_1.ptx 1418 : 127467 1020024 0 0 0 0 0 0 0 
_1.ptx 1419 : 127467 6192 0 0 0 0 0 0 0 
_1.ptx 1420 : 126435 1012688 0 0 0 0 0 0 0 
_1.ptx 1421 : 126435 371630 0 0 0 0 0 0 550 
_1.ptx 1424 : 65536 655776 0 0 0 0 0 0 0 
_1.ptx 1425 : 65536 458848 0 0 0 0 0 0 0 
_1.ptx 1426 : 65536 393248 0 0 0 0 0 0 0 
_1.ptx 1427 : 65536 524320 0 0 0 0 0 0 0 
_1.ptx 604 : 65536 394560 0 0 0 0 0 0 0 
_1.ptx 1428 : 65536 330612 0 0 0 0 0 0 218 
_1.ptx 605 : 65536 277984 41856 0 0 0 0 0 0 
_1.ptx 1429 : 10434 73069 0 0 0 0 0 0 0 
_1.ptx 606 : 65536 413888 0 0 0 0 0 0 0 
_1.ptx 1430 : 10434 73102 0 0 0 0 0 0 0 
_1.ptx 607 : 65536 289632 41472 0 0 0 0 0 0 
_1.ptx 1431 : 10434 106966 0 0 0 0 0 0 0 
_1.ptx 608 : 65536 393216 0 0 0 0 0 0 0 
_1.ptx 1432 : 10434 114849 0 0 0 0 0 0 0 
_1.ptx 609 : 65536 290912 39808 0 0 0 0 0 0 
_1.ptx 1433 : 10434 73145 0 0 0 0 0 0 0 
_1.ptx 610 : 65536 393216 0 0 0 0 0 0 0 
_1.ptx 611 : 65536 305984 41344 0 0 0 0 0 0 
_1.ptx 612 : 65536 393216 0 0 0 0 0 0 0 
_1.ptx 613 : 65536 315072 51328 0 0 0 0 0 0 
_1.ptx 1437 : 15923 1766199 0 0 0 0 0 0 0 
_1.ptx 614 : 65536 393216 0 0 0 0 0 0 0 
_1.ptx 1438 : 15923 1937597 0 0 0 0 0 0 0 
_1.ptx 615 : 65536 300960 55552 0 0 0 0 0 0 
_1.ptx 1439 : 15923 2048585 0 0 0 0 0 0 0 
_1.ptx 616 : 65536 393248 0 0 0 0 0 0 0 
_1.ptx 1440 : 15923 2147083 0 0 0 0 0 0 0 
_1.ptx 617 : 65536 298368 55040 0 0 0 0 0 0 
_1.ptx 1441 : 15923 2075327 0 0 0 0 0 0 0 
_1.ptx 618 : 65536 393216 0 0 0 0 0 0 0 
_1.ptx 1442 : 15923 2254139 0 0 0 0 0 0 0 
_1.ptx 619 : 65536 288128 51200 0 0 0 0 0 0 
_1.ptx 1443 : 15923 2278880 0 0 0 0 0 0 0 
_1.ptx 620 : 65536 393216 0 0 0 0 0 0 0 
_1.ptx 1444 : 15923 2304139 0 0 0 0 0 0 0 
_1.ptx 621 : 65536 288416 49152 0 0 0 0 0 0 
_1.ptx 1445 : 15923 95538 0 0 0 0 0 0 0 
_1.ptx 622 : 65536 393216 0 0 0 0 0 0 0 
_1.ptx 1446 : 15923 143337 0 0 0 0 0 0 0 
_1.ptx 623 : 65536 301344 55296 0 0 0 0 0 0 
_1.ptx 1447 : 15923 98380 0 0 0 0 0 0 0 
_1.ptx 624 : 65536 393216 0 0 0 0 0 0 0 
_1.ptx 1448 : 15923 95538 0 0 0 0 0 0 0 
_1.ptx 625 : 65536 325952 53376 0 0 0 0 0 0 
_1.ptx 1449 : 15923 143318 0 0 0 0 0 0 0 
_1.ptx 626 : 65536 393248 0 0 0 0 0 0 0 
_1.ptx 1450 : 15923 96482 0 0 0 0 0 0 0 
_1.ptx 627 : 65536 347040 52736 0 0 0 0 0 0 
_1.ptx 1451 : 15923 95538 0 0 0 0 0 0 0 
_1.ptx 628 : 65536 393248 0 0 0 0 0 0 0 
_1.ptx 1452 : 15923 143517 0 0 0 0 0 0 0 
_1.ptx 629 : 65536 354496 56320 0 0 0 0 0 0 
_1.ptx 1453 : 15923 96677 0 0 0 0 0 0 0 
_1.ptx 630 : 65536 393216 0 0 0 0 0 0 0 
_1.ptx 1454 : 15923 95538 0 0 0 0 0 0 0 
_1.ptx 631 : 65536 367392 57088 0 0 0 0 0 0 
_1.ptx 1455 : 15923 143426 0 0 0 0 0 0 0 
_1.ptx 632 : 65536 393248 0 0 0 0 0 0 0 
_1.ptx 1456 : 15923 96476 0 0 0 0 0 0 0 
_1.ptx 633 : 65536 397312 64384 0 0 0 0 0 0 
_1.ptx 1457 : 15923 159323 0 0 0 0 0 0 0 
_1.ptx 634 : 65536 393216 0 0 0 0 0 0 0 
_1.ptx 1458 : 15923 159354 0 0 0 0 0 0 0 
_1.ptx 635 : 65536 420992 57088 0 0 0 0 0 0 
_1.ptx 1459 : 15923 95615 0 0 0 0 0 0 0 
_1.ptx 636 : 65536 393216 0 0 0 0 0 0 0 
_1.ptx 1460 : 15923 127440 0 0 0 0 0 0 0 
_1.ptx 637 : 65536 439552 58112 0 0 0 0 0 0 
_1.ptx 1461 : 15923 32934 0 0 0 0 0 0 386 
_1.ptx 638 : 65536 393216 0 0 0 0 0 0 0 
_1.ptx 639 : 65536 469952 55936 0 0 0 0 0 0 
_1.ptx 640 : 65536 393216 0 0 0 0 0 0 0 
_1.ptx 1464 : 65536 10744192 2944 0 0 4096 2048 0 0 
_1.ptx 641 : 65536 498496 64000 0 0 0 0 0 0 
_1.ptx 1465 : 65536 3232064 0 0 0 0 0 0 0 
_1.ptx 642 : 65536 393216 0 0 0 0 0 0 0 
_1.ptx 1466 : 65536 468640 0 0 0 0 0 0 0 
_1.ptx 643 : 65536 532832 65152 0 0 0 0 0 0 
_1.ptx 1467 : 65536 393856 0 0 0 0 0 0 0 
_1.ptx 644 : 65536 393216 0 0 0 0 0 0 0 
_1.ptx 1468 : 65536 721184 0 0 0 0 0 0 0 
_1.ptx 645 : 65536 393248 0 0 0 0 0 0 0 
_1.ptx 1469 : 65536 459776 0 0 0 0 0 0 0 
_1.ptx 646 : 65536 524736 0 0 0 0 0 0 0 
_1.ptx 1470 : 65536 3490624 0 0 0 0 0 0 0 
_1.ptx 647 : 65536 393216 0 0 0 0 0 0 0 
_1.ptx 1471 : 65536 461504 0 0 0 0 0 0 0 
_1.ptx 648 : 65536 393312 0 0 0 0 0 0 0 
_1.ptx 1472 : 65536 393888 0 0 0 0 0 0 0 
_1.ptx 649 : 65536 524640 0 0 0 0 0 0 0 
_1.ptx 1473 : 65536 721088 0 0 0 0 0 0 0 
_1.ptx 650 : 65536 393728 0 0 0 0 0 0 0 
_1.ptx 1474 : 65536 459392 0 0 0 0 0 0 0 
_1.ptx 651 : 65536 721216 0 0 0 0 0 0 0 
_1.ptx 1475 : 65536 459200 0 0 0 0 0 0 0 
_1.ptx 652 : 65536 393600 0 0 0 0 0 0 0 
_1.ptx 1476 : 65536 525504 0 0 0 0 0 0 0 
_1.ptx 653 : 65536 721024 0 0 0 0 0 0 0 
_1.ptx 1477 : 65536 3020032 0 0 0 0 0 0 0 
_1.ptx 654 : 65536 1216096 128 0 0 0 0 0 0 
_1.ptx 1478 : 65536 459776 0 0 0 0 0 0 0 
_1.ptx 655 : 65536 1208416 0 0 0 0 0 0 0 
_1.ptx 1479 : 65536 393600 0 0 0 0 0 0 0 
_1.ptx 656 : 65536 524512 0 0 0 0 0 0 0 
_1.ptx 1480 : 65536 721632 0 0 0 0 0 0 0 
_1.ptx 657 : 65536 461184 0 0 0 0 0 0 0 
_1.ptx 1481 : 65536 459744 0 0 0 0 0 0 0 
_1.ptx 658 : 65536 524320 0 0 0 0 0 0 0 
_1.ptx 1482 : 65536 459232 0 0 0 0 0 0 0 
_1.ptx 659 : 65536 463008 0 0 0 0 0 0 0 
_1.ptx 1483 : 65536 3093408 0 0 0 0 0 0 0 
_1.ptx 660 : 65536 525952 0 0 0 0 0 0 0 
_1.ptx 1484 : 65536 460128 0 0 0 0 0 0 0 
_1.ptx 661 : 65536 393216 0 0 0 0 0 0 0 
_1.ptx 1485 : 65536 393376 0 0 0 0 0 0 0 
_1.ptx 662 : 65536 524704 0 0 0 0 0 0 0 
_1.ptx 1486 : 65536 721728 0 0 0 0 0 0 0 
_1.ptx 663 : 65536 0 0 0 0 0 0 0 0 
_1.ptx 1487 : 65536 458880 0 0 0 0 0 0 0 
_1.ptx 1488 : 65536 459392 0 0 0 0 0 0 0 
_1.ptx 665 : 65536 734560 0 0 0 0 0 0 0 
_1.ptx 1489 : 65536 524704 0 0 0 0 0 0 0 
_1.ptx 666 : 65536 226048 0 0 0 0 0 0 0 
_1.ptx 1490 : 65536 524960 0 0 0 0 0 0 0 
_1.ptx 667 : 65536 721120 0 0 0 0 0 0 0 
_1.ptx 1491 : 65536 721696 0 0 0 0 0 0 0 
_1.ptx 668 : 65536 458944 0 0 0 0 0 0 0 
_1.ptx 1492 : 65536 403744 0 0 0 4096 2048 0 0 
_1.ptx 669 : 65536 655904 0 0 0 0 0 0 0 
_1.ptx 670 : 65536 721344 0 0 0 0 0 0 0 
_1.ptx 671 : 65536 393376 0 0 0 0 0 0 0 
_1.ptx 1495 : 65536 393216 0 0 0 0 0 0 0 
_1.ptx 672 : 65536 491744 138368 0 0 4096 2048 0 0 
_1.ptx 674 : 65536 575456 128 0 0 0 0 0 0 
_1.ptx 675 : 65536 682656 0 0 0 0 0 0 0 
_1.ptx 676 : 65536 310272 0 0 0 0 0 0 0 
_1.ptx 678 : 65536 299264 0 0 0 0 0 0 0 
_1.ptx 679 : 65536 242752 0 0 0 0 0 0 0 
_1.ptx 680 : 65536 722112 0 0 0 0 0 0 0 
_1.ptx 681 : 65536 1314720 0 0 0 0 0 0 0 
_1.ptx 682 : 65536 500800 0 0 0 0 0 0 0 
_1.ptx 683 : 65536 466496 0 0 0 0 0 0 0 
_1.ptx 684 : 65536 196800 0 0 0 0 0 0 0 
_1.ptx 685 : 65536 721280 0 0 0 0 0 0 0 
_1.ptx 686 : 65536 196672 0 0 0 0 0 0 0 
_1.ptx 687 : 65536 723232 0 0 0 0 0 0 0 
_1.ptx 688 : 65536 468096 0 0 0 0 0 0 0 
_1.ptx 689 : 65536 459744 0 0 0 0 0 0 0 
_1.ptx 690 : 65536 458912 0 0 0 0 0 0 0 
_1.ptx 691 : 65536 393280 0 0 0 0 0 0 0 
_1.ptx 692 : 65536 3035968 0 0 0 0 0 0 0 
_1.ptx 693 : 65536 393216 0 0 0 0 0 0 0 
_1.ptx 694 : 65536 721024 0 0 0 0 0 0 0 
_1.ptx 695 : 65536 721664 0 0 0 0 0 0 0 
_1.ptx 696 : 65536 393280 0 0 0 0 0 0 0 
_1.ptx 697 : 65536 721152 0 0 0 0 0 0 0 
_1.ptx 698 : 65536 721024 0 0 0 0 0 0 0 
_1.ptx 699 : 65536 196704 0 0 0 0 0 0 0 
_1.ptx 700 : 65536 720992 0 0 0 0 0 0 0 
_1.ptx 701 : 65536 196640 0 0 0 0 0 0 0 
_1.ptx 702 : 65536 721024 0 0 0 0 0 0 0 
_1.ptx 703 : 65536 196704 0 0 0 0 0 0 0 
_1.ptx 704 : 65536 722496 0 0 0 0 0 0 0 
_1.ptx 705 : 65536 196736 0 0 0 0 0 0 0 
_1.ptx 706 : 65536 722080 0 0 0 0 0 0 0 
_1.ptx 707 : 65536 196608 0 0 0 0 0 0 0 
_1.ptx 708 : 65536 726368 0 0 0 0 0 0 0 
_1.ptx 709 : 65536 196640 0 0 0 0 0 0 0 
_1.ptx 710 : 65536 722944 0 0 0 0 0 0 0 
_1.ptx 711 : 65536 721440 0 0 0 0 0 0 0 
_1.ptx 712 : 65536 743200 0 0 0 0 0 0 0 
_1.ptx 713 : 65536 725408 0 0 0 0 0 0 0 
_1.ptx 714 : 65536 727744 0 0 0 0 0 0 0 
_1.ptx 715 : 65536 730464 0 0 0 0 0 0 0 
_1.ptx 716 : 65536 726560 0 0 0 0 0 0 0 
_1.ptx 717 : 65536 746208 0 0 0 0 0 0 0 
_1.ptx 718 : 65536 723104 0 0 0 0 0 0 0 
_1.ptx 719 : 65536 726656 0 0 0 0 0 0 0 
_1.ptx 720 : 65536 721120 0 0 0 0 0 0 0 
_1.ptx 721 : 65536 727648 0 0 0 0 0 0 0 
_1.ptx 722 : 65536 721824 0 0 0 0 0 0 0 
_1.ptx 723 : 65536 723328 0 0 0 0 0 0 0 
_1.ptx 724 : 65536 593504 0 0 0 0 0 0 0 
_1.ptx 725 : 65536 591456 0 0 0 0 0 0 0 
_1.ptx 726 : 65536 1024288 0 0 0 0 0 0 0 
_1.ptx 727 : 65536 728448 0 0 0 0 0 0 0 
_1.ptx 728 : 65536 723808 0 0 0 0 0 0 0 
_1.ptx 729 : 65536 723808 0 0 0 0 0 0 0 
_1.ptx 731 : 65536 393216 0 0 0 0 0 0 0 
_1.ptx 733 : 65536 410336 0 0 0 0 0 0 0 
_1.ptx 734 : 65536 420160 0 0 0 0 0 0 0 
_1.ptx 735 : 65536 403520 0 0 0 0 0 0 0 
_1.ptx 736 : 65536 404704 0 0 0 0 0 0 0 
_1.ptx 738 : 127467 909243 0 0 0 0 0 0 0 
_1.ptx 739 : 127467 775791 0 0 0 0 0 0 0 
_1.ptx 740 : 127467 764802 0 0 0 0 0 0 0 
_1.ptx 744 : 509868 2694304 128 0 0 17236 17236 0 0 
_1.ptx 745 : 509868 2671478 0 0 0 17236 17236 0 0 
_1.ptx 746 : 509868 2905266 128 0 0 17236 17236 0 0 
_1.ptx 747 : 509868 2728722 0 0 0 17236 17236 0 0 
_1.ptx 748 : 509868 2726636 0 0 0 17236 17236 0 0 
_1.ptx 749 : 509868 3059263 0 0 0 0 0 0 0 
_1.ptx 750 : 509868 4081332 0 0 0 0 0 0 0 
_1.ptx 751 : 509868 2294438 0 0 0 0 0 0 0 
_1.ptx 753 : 127467 893705 0 0 0 0 0 0 0 
_1.ptx 754 : 127467 764866 0 0 0 0 0 0 0 
_1.ptx 755 : 127467 1020687 0 0 0 0 0 0 0 
_1.ptx 756 : 127467 764802 0 0 0 0 0 0 0 
_1.ptx 761 : 127467 1402429 0 0 0 0 0 0 0 
_1.ptx 762 : 127467 5928281 0 0 0 0 0 0 0 
_1.ptx 763 : 127467 764802 0 0 0 0 0 0 0 
_1.ptx 764 : 127467 764839 0 0 0 0 0 0 0 
_1.ptx 765 : 127467 1020049 0 0 0 0 0 0 0 
_1.ptx 766 : 127467 1149349 0 0 0 0 0 0 0 
_1.ptx 769 : 127467 899657 0 0 0 0 0 0 0 
_1.ptx 770 : 127467 765478 0 0 0 0 0 0 0 
_1.ptx 773 : 382401 4209047 0 0 0 0 0 0 0 
_1.ptx 774 : 382401 1147752 0 0 0 0 0 0 0 
_1.ptx 775 : 382401 4208318 0 0 0 0 0 0 0 
_1.ptx 776 : 382401 4252130 0 0 0 0 0 0 0 
_1.ptx 777 : 382401 4209783 0 0 0 0 0 0 0 
_1.ptx 778 : 382401 4208105 0 0 0 0 0 0 0 
_1.ptx 779 : 382401 4208447 0 0 0 0 0 0 0 
_1.ptx 780 : 382401 4208557 0 0 0 0 0 0 0 
_1.ptx 781 : 382401 3467019 0 0 0 0 0 0 0 
_1.ptx 782 : 382401 3483076 0 0 0 0 0 0 0 
_1.ptx 783 : 382401 3444872 0 0 0 0 0 0 0 
_1.ptx 784 : 382401 3480081 0 0 0 0 0 0 0 
_1.ptx 785 : 382401 3067586 0 0 0 0 0 0 0 
_1.ptx 786 : 382401 2679435 0 0 0 0 0 0 0 
_1.ptx 787 : 382401 2294635 0 0 0 0 0 0 0 
_1.ptx 788 : 382401 3061091 0 0 0 0 0 0 0 
_1.ptx 789 : 382401 2694437 0 0 0 0 0 0 0 
_1.ptx 790 : 382401 3065577 0 0 0 0 0 0 0 
_1.ptx 791 : 382401 2298182 0 0 0 0 0 0 0 
_1.ptx 792 : 382401 3059974 0 0 0 0 0 0 0 
_1.ptx 793 : 382401 1661832 0 0 0 0 0 0 1523 
_1.ptx 794 : 105477 632862 0 0 0 0 0 0 0 
_1.ptx 795 : 105477 632864 0 0 0 0 0 0 0 
_1.ptx 797 : 276924 3048292 0 0 0 0 0 0 0 
_1.ptx 798 : 276924 3046934 0 0 0 0 0 0 0 
_1.ptx 799 : 276924 2217159 0 0 0 0 0 0 0 
_1.ptx 800 : 276924 115950 0 0 0 0 0 0 715 
_1.ptx 801 : 257599 1545594 0 0 0 0 0 0 0 
_1.ptx 802 : 257599 1545728 0 0 0 0 0 0 0 
_1.ptx 805 : 19325 212595 0 0 0 0 0 0 0 
_1.ptx 806 : 19325 291272 0 0 0 0 0 0 0 
_1.ptx 807 : 19325 214854 0 0 0 0 0 0 0 
_1.ptx 808 : 19325 218413 0 0 0 0 0 0 0 
_1.ptx 809 : 19325 173974 0 0 0 0 0 0 0 
_1.ptx 813 : 382401 2715489 0 0 0 0 0 0 0 
_1.ptx 815 : 509868 3067463 0 0 0 0 0 0 0 
_1.ptx 816 : 509868 4081432 0 0 0 0 0 0 0 
_1.ptx 817 : 509868 3601953 0 0 0 0 0 0 0 
_1.ptx 818 : 509868 4081553 0 0 0 0 0 0 0 
_1.ptx 819 : 509868 3607993 0 0 0 0 0 0 0 
_1.ptx 820 : 509868 4083202 0 0 0 0 0 0 0 
_1.ptx 821 : 509868 3059970 0 0 0 0 0 0 0 
_1.ptx 822 : 509868 4082051 0 0 0 0 0 0 0 
