kernel line : count latency dram_traffic smem_bk_conflicts smem_warp gmem_access_generated gmem_warp exposed_latency warp_divergence
_3.ptx 1227 : 1000000 11120096 0 0 0 0 0 0 0 
_3.ptx 1228 : 1000000 23796800 0 0 0 0 0 0 0 
_3.ptx 1232 : 1000000 496562208 4000000 0 0 31250 31250 0 0 
_3.ptx 1233 : 1000000 10087392 0 0 0 0 0 0 0 
_3.ptx 1234 : 1000000 587836448 16000000 0 0 125000 31250 0 0 
_3.ptx 1235 : 1000000 7127360 0 0 0 0 0 0 0 
_3.ptx 1236 : 1000000 11060320 0 0 0 0 0 0 0 
_3.ptx 1237 : 1000000 524612224 8000000 0 0 62500 31250 0 0 
_3.ptx 1238 : 1000000 6069152 0 0 0 0 0 0 0 
_3.ptx 1239 : 1000000 8104416 0 0 0 0 0 0 0 
_3.ptx 1240 : 1000000 0 0 0 0 0 0 0 0 
_3.ptx 1242 : 1000000 42288576 2560 0 0 31250 31250 0 0 
_3.ptx 1244 : 1000000 495053696 4000000 0 0 31250 31250 0 0 
_3.ptx 1245 : 1000000 10104128 0 0 0 0 0 0 0 
_3.ptx 1246 : 1000000 41667680 0 0 0 31250 31250 0 0 
_3.ptx 1248 : 1000000 461277024 4000000 0 0 31250 31250 0 0 
_3.ptx 1249 : 1000000 10096096 0 0 0 0 0 0 0 
_3.ptx 1250 : 1000000 41763648 0 0 0 31250 31250 0 0 
_3.ptx 1252 : 1000000 6078816 0 0 0 0 0 0 0 
_3.ptx 1266 : 1000000 11070912 0 0 0 0 0 0 0 
_3.ptx 1267 : 1000000 11103872 0 0 0 0 0 0 0 
_3.ptx 1268 : 1000000 8106176 0 0 0 0 0 0 0 
_3.ptx 1269 : 1000000 0 0 0 0 0 0 0 0 
_3.ptx 1272 : 1000192 6101184 0 0 0 0 0 0 0 
_2.ptx 869 : 499968 3310944 0 0 0 0 0 0 0 
_2.ptx 870 : 499968 1971360 0 0 0 0 0 0 0 
_2.ptx 871 : 499968 3256832 0 0 0 0 0 0 0 
_2.ptx 872 : 499968 4193440 0 0 0 0 0 0 0 
_2.ptx 873 : 499968 0 0 0 0 0 0 0 0 
_2.ptx 874 : 499968 3383456 0 0 0 0 0 0 0 
_2.ptx 875 : 499968 3821248 0 0 0 0 0 0 0 
_2.ptx 876 : 499968 4233056 0 0 0 0 0 0 0 
_2.ptx 877 : 499968 3447232 0 0 0 0 0 0 0 
_2.ptx 881 : 499968 3360384 0 0 0 0 0 0 0 
_2.ptx 883 : 499968 3404096 0 0 0 0 0 0 0 
_2.ptx 884 : 499968 5734432 0 0 0 0 0 0 0 
_2.ptx 885 : 499968 3491552 0 0 0 0 0 0 0 
_2.ptx 886 : 499968 3864672 0 0 0 0 0 0 0 
_2.ptx 887 : 499968 5362592 0 0 0 0 0 0 0 
_2.ptx 888 : 499968 3908320 0 0 0 0 0 0 0 
_2.ptx 889 : 499968 5687392 0 0 0 0 0 0 0 
_2.ptx 890 : 499968 3826976 0 0 0 0 0 0 0 
_2.ptx 891 : 499968 5361536 0 0 0 0 0 0 0 
_2.ptx 892 : 499968 5658848 0 0 0 0 0 0 0 
_2.ptx 893 : 499968 1805088 0 0 0 0 0 0 0 
_2.ptx 894 : 499968 5662752 0 0 0 0 0 0 0 
_2.ptx 895 : 499968 162083328 1999872 0 0 15624 15624 0 0 
_2.ptx 896 : 499968 3717728 0 31248 15624 0 0 0 0 
_2.ptx 898 : 499968 5612640 0 0 0 0 0 0 0 
_2.ptx 899 : 499968 5660704 0 0 0 0 0 0 0 
_2.ptx 900 : 499968 3762880 0 0 0 0 0 0 0 
_2.ptx 901 : 499968 5254624 0 0 0 0 0 0 0 
_2.ptx 902 : 499968 3805280 0 0 0 0 0 0 0 
_2.ptx 903 : 499968 5630656 0 0 0 0 0 0 0 
_2.ptx 904 : 499968 3767904 0 0 0 0 0 0 0 
_2.ptx 905 : 499968 5262720 0 0 0 0 0 0 0 
_2.ptx 906 : 499968 5640480 0 0 0 0 0 0 0 
_2.ptx 907 : 499968 5687040 0 0 0 0 0 0 0 
_2.ptx 908 : 499968 151594688 1999872 0 0 15624 15624 0 0 
_2.ptx 909 : 499968 3269440 0 31248 15624 0 0 0 0 
_2.ptx 911 : 499968 3204032 0 0 0 0 0 0 0 
_2.ptx 912 : 499968 3746976 0 0 0 0 0 0 0 
_2.ptx 913 : 499968 3332800 0 0 0 0 0 0 0 
_2.ptx 914 : 499968 4142976 0 0 0 0 0 0 0 
_2.ptx 915 : 499968 0 0 0 0 0 0 0 0 
_2.ptx 916 : 499968 3234976 0 0 0 0 0 0 0 
_2.ptx 919 : 4499712 29337184 0 0 0 0 0 0 0 
_2.ptx 920 : 4499712 37570112 0 0 0 0 0 0 0 
_2.ptx 921 : 4499712 22948144 0 0 0 0 0 0 9765 
_2.ptx 923 : 997983 6679649 0 0 0 0 0 0 0 
_2.ptx 924 : 997983 8426571 0 0 0 0 0 0 0 
_2.ptx 925 : 997983 8559967 0 0 0 0 0 0 0 
_2.ptx 926 : 997983 11343681 0 0 0 0 0 0 0 
_2.ptx 927 : 997983 11313699 0 0 0 0 0 0 0 
_2.ptx 928 : 997983 10485429 0 0 0 0 0 0 0 
_2.ptx 929 : 997983 7587652 0 0 0 0 0 0 0 
_2.ptx 930 : 997983 11296852 0 0 0 0 0 0 0 
_2.ptx 931 : 997983 7597859 0 0 0 0 0 0 0 
_2.ptx 932 : 997983 10674172 0 0 0 0 0 0 0 
_2.ptx 933 : 997983 11280047 0 0 0 0 0 0 0 
_2.ptx 934 : 997983 9448185 0 66402 39060 0 0 0 0 
_2.ptx 935 : 997983 10407787 0 0 0 0 0 0 0 
_2.ptx 936 : 997983 7587691 0 0 0 0 0 0 0 
_2.ptx 937 : 997983 11284028 0 0 0 0 0 0 0 
_2.ptx 938 : 997983 7583306 0 0 0 0 0 0 0 
_2.ptx 939 : 997983 10625273 0 0 0 0 0 0 0 
_2.ptx 940 : 997983 11271625 0 0 0 0 0 0 0 
_2.ptx 941 : 997983 9485112 0 66402 39060 0 0 0 0 
_2.ptx 942 : 997983 11265346 0 0 0 0 0 0 0 
_2.ptx 943 : 997983 6260394 0 66402 39060 0 0 0 0 
_2.ptx 946 : 4499712 47741760 0 0 0 0 0 0 0 
_2.ptx 948 : 4499712 34435264 0 0 0 0 0 0 0 
_2.ptx 949 : 4499712 30895296 0 0 0 0 0 0 0 
_2.ptx 950 : 4499712 37739936 0 0 0 0 0 0 0 
_2.ptx 951 : 4499712 26279648 0 0 0 0 0 0 0 
_2.ptx 952 : 499968 3336256 0 0 0 0 0 0 0 
_2.ptx 957 : 499968 3244896 0 0 0 0 0 0 0 
_2.ptx 958 : 499968 4167680 0 0 0 0 0 0 0 
_2.ptx 959 : 499968 3259371 0 0 0 0 0 0 1953 
_2.ptx 961 : 1953 14611 0 0 0 0 0 0 0 
_2.ptx 962 : 1953 20263 0 0 0 0 0 0 0 
_2.ptx 963 : 1953 14603 0 0 0 0 0 0 0 
_2.ptx 964 : 1953 21943 0 0 0 0 0 0 0 
_2.ptx 965 : 1953 14542 0 0 0 0 0 0 0 
_2.ptx 966 : 1953 20381 0 0 0 0 0 0 0 
_2.ptx 967 : 1953 21915 0 0 0 0 0 0 0 
_2.ptx 968 : 1953 6285 0 0 0 0 0 0 0 
_2.ptx 969 : 1953 16434 0 1953 1953 0 0 0 0 
_2.ptx 970 : 1953 6406 0 0 0 0 0 0 0 
_2.ptx 971 : 1953 12478 0 0 0 0 0 0 0 
_2.ptx 972 : 1953 12572 0 0 0 0 0 0 0 
_2.ptx 973 : 1953 16142 0 0 0 0 0 0 0 
_2.ptx 974 : 1953 18080 0 0 0 0 0 0 0 
_2.ptx 975 : 1953 14487 0 0 0 0 0 0 0 
_2.ptx 976 : 1953 20492 0 0 0 0 0 0 0 
_2.ptx 977 : 1953 21950 0 0 0 0 0 0 0 
_2.ptx 978 : 1953 10445 2752 0 0 1953 1953 0 0 
_2.ptx 980 : 1953 12534 0 0 0 0 0 0 0 
_2.ptx 981 : 1953 10240 0 1953 1953 0 0 0 0 
_2.ptx 984 : 499968 3775232 0 0 0 0 0 0 0 
_2.ptx 985 : 499968 3368320 0 0 0 0 0 0 0 
_2.ptx 986 : 499968 4222560 0 0 0 0 0 0 0 
_2.ptx 987 : 499968 0 0 0 0 0 0 0 0 
_2.ptx 988 : 499968 3299360 0 0 0 0 0 0 0 
_2.ptx 992 : 4499712 33951424 0 0 0 0 0 0 0 
_2.ptx 994 : 4499712 30245312 0 0 0 0 0 0 0 
_2.ptx 995 : 4499712 37525600 0 0 0 0 0 0 0 
_2.ptx 996 : 4499712 22881996 0 0 0 0 0 0 9765 
_2.ptx 998 : 997983 6591501 0 0 0 0 0 0 0 
_2.ptx 999 : 997983 8331796 0 0 0 0 0 0 0 
_2.ptx 1000 : 997983 8336431 0 0 0 0 0 0 0 
_2.ptx 1001 : 997983 11287497 0 0 0 0 0 0 0 
_2.ptx 1002 : 997983 10466657 0 0 0 0 0 0 0 
_2.ptx 1003 : 997983 7556059 0 0 0 0 0 0 0 
_2.ptx 1004 : 997983 11271452 0 0 0 0 0 0 0 
_2.ptx 1005 : 997983 7549260 0 0 0 0 0 0 0 
_2.ptx 1006 : 997983 10621362 0 0 0 0 0 0 0 
_2.ptx 1007 : 997983 11258851 0 0 0 0 0 0 0 
_2.ptx 1008 : 997983 9535050 0 66402 39060 0 0 0 0 
_2.ptx 1010 : 997983 11249180 0 0 0 0 0 0 0 
_2.ptx 1011 : 997983 10441514 0 0 0 0 0 0 0 
_2.ptx 1012 : 997983 7568540 0 0 0 0 0 0 0 
_2.ptx 1013 : 997983 11265390 0 0 0 0 0 0 0 
_2.ptx 1014 : 997983 7555313 0 0 0 0 0 0 0 
_2.ptx 1015 : 997983 10580892 0 0 0 0 0 0 0 
_2.ptx 1016 : 997983 11248912 0 0 0 0 0 0 0 
_2.ptx 1017 : 997983 9701593 0 66402 39060 0 0 0 0 
_2.ptx 1018 : 997983 6625721 0 66402 39060 0 0 0 0 
_2.ptx 1020 : 997983 10333266 0 66402 39060 0 0 0 0 
_2.ptx 1021 : 997983 11231197 0 0 0 0 0 0 0 
_2.ptx 1022 : 997983 6503113 0 66402 39060 0 0 0 0 
_2.ptx 1025 : 4499712 47605472 0 0 0 0 0 0 0 
_2.ptx 1026 : 4499712 37443936 0 0 0 0 0 0 0 
_2.ptx 1027 : 4499712 26174656 0 0 0 0 0 0 0 
_2.ptx 1030 : 499968 3271680 0 0 0 0 0 0 0 
_2.ptx 1032 : 499968 2115040 0 0 0 0 0 0 0 
_2.ptx 1033 : 499968 5155200 0 31248 15624 0 0 0 0 
_2.ptx 1034 : 499968 5604736 0 0 0 0 0 0 0 
_2.ptx 1035 : 499968 3265248 1999872 0 0 15624 15624 0 0 
_2.ptx 1037 : 499968 5337184 0 31248 15624 0 0 0 0 
_2.ptx 1038 : 499968 5602560 0 0 0 0 0 0 0 
_2.ptx 1039 : 499968 3343264 1999872 0 0 15624 15624 0 0 
_2.ptx 1041 : 499968 3191136 0 0 0 0 0 0 0 
_3.ptx 1185 : 1000192 6215104 0 0 0 0 0 0 0 
_3.ptx 1186 : 1000192 6243488 0 0 0 0 0 0 0 
_3.ptx 1187 : 1000192 13088512 0 0 0 0 0 0 0 
_3.ptx 1188 : 1000192 6189280 0 0 0 0 0 0 0 
_3.ptx 1189 : 1000192 11230240 0 0 0 0 0 0 0 
_3.ptx 1190 : 1000192 6266752 0 0 0 0 0 0 0 
_3.ptx 1191 : 1000192 12147936 0 0 0 0 0 0 0 
_3.ptx 1192 : 1000192 6260992 0 0 0 0 0 0 0 
_3.ptx 1193 : 1000192 11149088 0 0 0 0 0 0 0 
_3.ptx 1194 : 1000192 20892128 128 0 0 0 0 0 0 
_3.ptx 1195 : 1000192 14119072 0 0 0 0 0 0 0 
_3.ptx 1196 : 1000192 12319136 0 0 0 0 0 0 0 
_3.ptx 1197 : 1000192 8211392 0 0 0 0 0 0 0 
_3.ptx 1198 : 1000192 6306144 0 0 0 0 0 0 0 
_3.ptx 1199 : 192 1184 0 0 0 0 0 0 0 
_3.ptx 1202 : 1000000 12416352 0 0 0 0 0 0 0 
_3.ptx 1203 : 1000000 12783072 0 0 0 0 0 0 0 
_3.ptx 1204 : 1000000 6234944 0 0 0 0 0 0 0 
_3.ptx 1205 : 1000000 11179872 0 0 0 0 0 0 0 
_3.ptx 1206 : 1000000 7465728 0 0 0 0 0 0 0 
_3.ptx 1207 : 1000000 12434528 0 0 0 0 0 0 0 
_3.ptx 1208 : 1000000 10268032 0 0 0 0 0 0 0 
_3.ptx 1209 : 1000000 12559808 0 0 0 0 0 0 0 
_3.ptx 1210 : 1000000 8278496 0 0 0 0 0 0 0 
_3.ptx 1211 : 1000000 9169984 0 0 0 0 0 0 0 
_3.ptx 1212 : 1000000 8259520 0 0 0 0 0 0 0 
_3.ptx 1213 : 1000000 0 0 0 0 0 0 0 0 
_3.ptx 1214 : 1000000 7356928 0 0 0 0 0 0 0 
_3.ptx 1215 : 1000000 11202432 0 0 0 0 0 0 0 
_3.ptx 1216 : 1000000 21343488 0 0 0 0 0 0 0 
_3.ptx 1217 : 1000000 7334080 0 0 0 0 0 0 0 
_3.ptx 1218 : 1000000 11833952 0 0 0 0 0 0 0 
_3.ptx 1219 : 1000000 11214144 0 0 0 0 0 0 0 
_3.ptx 1220 : 1000000 7520512 0 0 0 0 0 0 0 
_3.ptx 1221 : 1000000 11894496 0 0 0 0 0 0 0 
_3.ptx 1222 : 1000000 19627072 0 0 0 0 0 0 0 
_3.ptx 1223 : 1000000 11173152 0 0 0 0 0 0 0 
_3.ptx 1224 : 1000000 20271552 0 0 0 0 0 0 0 
_3.ptx 1225 : 1000000 11145888 0 0 0 0 0 0 0 
_3.ptx 1226 : 1000000 21168416 0 0 0 0 0 0 0 
