kernel line : count latency dram_traffic smem_bk_conflicts smem_warp gmem_access_generated gmem_warp exposed_latency warp_divergence
_3.ptx 1227 : 25604099 282330355 0 0 0 0 0 0 0 
_3.ptx 1228 : 25604099 23594382856 215849216 0 0 25604099 1678196 0 0 
_3.ptx 1229 : 25604099 153864550 0 0 0 0 0 0 0 
_3.ptx 1230 : 25604099 205294670 0 0 0 0 0 0 0 
_3.ptx 1231 : 25604099 231360251 0 0 0 0 0 0 0 
_3.ptx 1233 : 25604099 153922732 0 0 0 0 0 0 0 
_3.ptx 1236 : 737280 5178944 0 0 0 0 0 0 0 
_3.ptx 1237 : 737280 8125764 0 0 0 0 0 0 0 
_3.ptx 1238 : 737280 530455113 11039744 0 0 737280 286414 0 0 
_3.ptx 1239 : 737280 4430304 0 0 0 0 0 0 0 
_3.ptx 1240 : 737280 5912875 0 0 0 0 0 0 0 
_3.ptx 1241 : 737280 3973183 0 0 0 0 0 0 11691 
_3.ptx 1242 : 76800 461638 0 0 0 0 0 0 0 
_3.ptx 1243 : 76800 462509 0 0 0 0 0 0 0 
_3.ptx 1246 : 660480 3968915 0 0 0 0 0 0 0 
_3.ptx 1247 : 660480 5297722 0 0 0 0 0 0 0 
_3.ptx 1248 : 660480 4667193 0 0 0 0 0 0 0 
_3.ptx 1249 : 660480 4003084 0 0 0 0 0 0 0 
_3.ptx 1252 : 146432 1029939 0 0 0 0 0 0 0 
_3.ptx 1253 : 146432 1614381 0 0 0 0 0 0 0 
_3.ptx 1254 : 146432 95374549 1798912 0 0 146432 64480 0 0 
_3.ptx 1255 : 146432 880226 0 0 0 0 0 0 0 
_3.ptx 1256 : 146432 1175018 0 0 0 0 0 0 0 
_3.ptx 1257 : 146432 542051 0 0 0 0 0 0 1204 
_3.ptx 1259 : 56320 338719 0 0 0 0 0 0 0 
_3.ptx 1260 : 56320 11922831 491296 0 0 0 0 0 0 
_3.ptx 1261 : 56320 338687 0 0 0 0 0 0 0 
_3.ptx 1262 : 56320 10664596 328736 0 0 0 0 0 0 
_3.ptx 1263 : 56320 338637 0 0 0 0 0 0 0 
_3.ptx 1264 : 56320 8820536 35072 0 0 0 0 0 0 
_3.ptx 1265 : 56320 338734 0 0 0 0 0 0 0 
_3.ptx 1266 : 56320 7837013 15840 0 0 0 0 0 0 
_3.ptx 1267 : 56320 338691 0 0 0 0 0 0 0 
_3.ptx 1268 : 56320 7784740 499808 0 0 0 0 0 0 
_3.ptx 1269 : 56320 338738 0 0 0 0 0 0 0 
_3.ptx 1273 : 281600 1986887 0 0 0 0 0 0 0 
_3.ptx 1274 : 281600 3107361 0 0 0 0 0 0 0 
_3.ptx 1275 : 281600 106924918 208000 0 0 0 0 0 0 
_3.ptx 1276 : 281600 3108516 0 0 0 0 0 0 0 
_3.ptx 1277 : 281600 101509363 779904 0 0 281600 121320 0 0 
_3.ptx 1278 : 281600 2263373 0 0 0 0 0 0 0 
_2.ptx 869 : 12288 75296 0 0 0 0 0 0 0 
_3.ptx 1279 : 281600 339087 0 0 0 0 0 0 0 
_2.ptx 870 : 12288 37312 0 0 0 0 0 0 0 
_2.ptx 871 : 12288 74944 0 0 0 0 0 0 0 
_3.ptx 1281 : 225280 2267696 0 0 0 0 0 0 0 
_2.ptx 872 : 12288 99936 0 0 0 0 0 0 0 
_3.ptx 1282 : 225280 1359700 0 0 0 0 0 0 0 
_2.ptx 873 : 12288 0 0 0 0 0 0 0 0 
_3.ptx 1283 : 225280 1811168 0 0 0 0 0 0 0 
_2.ptx 874 : 12288 76128 0 0 0 0 0 0 0 
_3.ptx 1284 : 225280 1356439 0 0 0 0 0 0 0 
_2.ptx 875 : 12288 87552 0 0 0 0 0 0 0 
_2.ptx 876 : 12288 100512 0 0 0 0 0 0 0 
_2.ptx 877 : 12288 78944 0 0 0 0 0 0 0 
_3.ptx 1290 : 56320 338818 0 0 0 0 0 0 0 
_2.ptx 881 : 12288 75488 0 0 0 0 0 0 0 
_3.ptx 1291 : 56320 452256 0 0 0 0 0 0 0 
_3.ptx 1292 : 56320 0 0 0 0 0 0 0 0 
_2.ptx 883 : 12288 75680 0 0 0 0 0 0 0 
_2.ptx 884 : 12288 138592 0 0 0 0 0 0 0 
_3.ptx 1294 : 56320 565666 0 0 0 0 0 0 0 
_2.ptx 885 : 12288 77856 0 0 0 0 0 0 0 
_2.ptx 886 : 12288 88896 0 0 0 0 0 0 0 
_3.ptx 1295 : 56320 339595 0 0 0 0 0 0 0 
_2.ptx 887 : 12288 135968 0 0 0 0 0 0 0 
_3.ptx 1296 : 56320 341565 0 0 0 0 0 0 0 
_2.ptx 888 : 12288 88704 0 0 0 0 0 0 0 
_2.ptx 889 : 12288 136288 0 0 0 0 0 0 0 
_2.ptx 890 : 12288 87392 0 0 0 0 0 0 0 
_2.ptx 891 : 12288 134144 0 0 0 0 0 0 0 
_2.ptx 892 : 12288 135616 0 0 0 0 0 0 0 
_2.ptx 893 : 12288 38144 0 0 0 0 0 0 0 
_2.ptx 894 : 12288 136192 0 0 0 0 0 0 0 
_3.ptx 1303 : 90112 541731 0 0 0 0 0 0 0 
_2.ptx 895 : 12288 3513472 49152 0 0 384 384 0 0 
_3.ptx 1304 : 90112 542568 0 0 0 0 0 0 0 
_2.ptx 896 : 12288 76352 0 768 384 0 0 0 0 
_3.ptx 1305 : 90112 541700 0 0 0 0 0 0 0 
_3.ptx 1306 : 90112 725665 0 0 0 0 0 0 0 
_2.ptx 898 : 12288 135872 0 0 0 0 0 0 0 
_3.ptx 1307 : 90112 812928 0 0 0 0 0 0 0 
_2.ptx 899 : 12288 136128 0 0 0 0 0 0 0 
_3.ptx 1308 : 90112 541729 0 0 0 0 0 0 0 
_2.ptx 900 : 12288 89088 0 0 0 0 0 0 0 
_2.ptx 901 : 12288 126016 0 0 0 0 0 0 0 
_2.ptx 902 : 12288 89344 0 0 0 0 0 0 0 
_3.ptx 1311 : 112640 792927 0 0 0 0 0 0 0 
_2.ptx 903 : 12288 136896 0 0 0 0 0 0 0 
_3.ptx 1312 : 112640 1241939 0 0 0 0 0 0 0 
_2.ptx 904 : 12288 89664 0 0 0 0 0 0 0 
_3.ptx 1313 : 112640 71802864 1952384 0 0 112640 47872 0 0 
_2.ptx 905 : 12288 125664 0 0 0 0 0 0 0 
_3.ptx 1314 : 112640 677475 0 0 0 0 0 0 0 
_2.ptx 906 : 12288 136224 0 0 0 0 0 0 0 
_3.ptx 1315 : 112640 904193 0 0 0 0 0 0 0 
_2.ptx 907 : 12288 136128 0 0 0 0 0 0 0 
_3.ptx 1316 : 112640 0 0 0 0 0 0 0 0 
_2.ptx 908 : 12288 3377792 49152 0 0 384 384 0 0 
_3.ptx 1317 : 112640 677458 0 0 0 0 0 0 0 
_2.ptx 909 : 12288 76992 0 768 384 0 0 0 0 
_3.ptx 1318 : 112640 904135 0 0 0 0 0 0 0 
_3.ptx 1319 : 112640 339108 0 0 0 0 0 0 656 
_2.ptx 911 : 12288 74976 0 0 0 0 0 0 0 
_2.ptx 912 : 12288 89760 0 0 0 0 0 0 0 
_2.ptx 913 : 12288 77504 0 0 0 0 0 0 0 
_3.ptx 1322 : 56320 339776 0 0 0 0 0 0 0 
_2.ptx 914 : 12288 99904 0 0 0 0 0 0 0 
_3.ptx 1323 : 56320 338807 0 0 0 0 0 0 0 
_2.ptx 915 : 12288 0 0 0 0 0 0 0 0 
_2.ptx 916 : 12288 75104 0 0 0 0 0 0 0 
_3.ptx 1326 : 56320 338681 0 0 0 0 0 0 0 
_3.ptx 1327 : 56320 339395 0 0 0 0 0 0 0 
_2.ptx 919 : 110592 681088 0 0 0 0 0 0 0 
_3.ptx 1328 : 56320 338695 0 0 0 0 0 0 0 
_2.ptx 920 : 110592 902080 0 0 0 0 0 0 0 
_3.ptx 1329 : 56320 452273 0 0 0 0 0 0 0 
_2.ptx 921 : 110592 529236 0 0 0 0 0 0 240 
_3.ptx 1330 : 56320 508542 0 0 0 0 0 0 0 
_3.ptx 1331 : 56320 338763 0 0 0 0 0 0 0 
_2.ptx 923 : 24528 149367 0 0 0 0 0 0 0 
_2.ptx 924 : 24528 201620 0 0 0 0 0 0 0 
_2.ptx 925 : 24528 209864 0 0 0 0 0 0 0 
_3.ptx 1334 : 56320 396350 0 0 0 0 0 0 0 
_2.ptx 926 : 24528 274039 0 0 0 0 0 0 0 
_3.ptx 1335 : 56320 620684 0 0 0 0 0 0 0 
_2.ptx 927 : 24528 272217 0 0 0 0 0 0 0 
_3.ptx 1336 : 56320 396148 0 0 0 0 0 0 0 
_2.ptx 928 : 24528 249550 0 0 0 0 0 0 0 
_3.ptx 1337 : 56320 35723361 815616 0 0 56320 24264 0 0 
_2.ptx 929 : 24528 176469 0 0 0 0 0 0 0 
_3.ptx 1338 : 56320 338760 0 0 0 0 0 0 0 
_2.ptx 930 : 24528 271758 0 0 0 0 0 0 0 
_3.ptx 1339 : 56320 451977 0 0 0 0 0 0 0 
_2.ptx 931 : 24528 175783 0 0 0 0 0 0 0 
_3.ptx 1340 : 56320 0 0 0 0 0 0 0 0 
_2.ptx 932 : 24528 270147 0 0 0 0 0 0 0 
_2.ptx 933 : 24528 271683 0 0 0 0 0 0 0 
_2.ptx 934 : 24528 226893 0 1632 960 0 0 0 0 
_3.ptx 1343 : 1783808 17934975 0 0 0 0 0 0 0 
_2.ptx 935 : 24528 248726 0 0 0 0 0 0 0 
_3.ptx 1344 : 1783808 405832919 3084928 0 0 1783808 756307 0 0 
_2.ptx 936 : 24528 176917 0 0 0 0 0 0 0 
_3.ptx 1345 : 1783808 10727725 0 0 0 0 0 0 0 
_2.ptx 937 : 24528 271624 0 0 0 0 0 0 0 
_3.ptx 1346 : 1783808 14335409 0 0 0 0 0 0 0 
_2.ptx 938 : 24528 175434 0 0 0 0 0 0 0 
_3.ptx 1347 : 1783808 10412441 0 0 0 0 0 0 0 
_2.ptx 939 : 24528 253184 0 0 0 0 0 0 0 
_2.ptx 940 : 24528 271484 0 0 0 0 0 0 0 
_2.ptx 941 : 24528 225253 0 1632 960 0 0 0 0 
_3.ptx 1350 : 56320 397303 0 0 0 0 0 0 0 
_2.ptx 942 : 24528 271809 0 0 0 0 0 0 0 
_3.ptx 1351 : 56320 566090 0 0 0 0 0 0 0 
_2.ptx 943 : 24528 151527 0 1632 960 0 0 0 0 
_3.ptx 1352 : 56320 6872630 0 0 0 0 0 0 0 
_3.ptx 1353 : 56320 621936 0 0 0 0 0 0 0 
_3.ptx 1354 : 56320 26406189 1229696 0 0 24264 24264 0 0 
_2.ptx 946 : 110592 1153216 0 0 0 0 0 0 0 
_3.ptx 1355 : 56320 565511 0 0 0 0 0 0 0 
_3.ptx 1356 : 56320 11001739 8064 0 0 24264 24264 0 0 
_2.ptx 948 : 110592 811488 0 0 0 0 0 0 0 
_2.ptx 949 : 110592 720320 0 0 0 0 0 0 0 
_3.ptx 1358 : 56320 9915299 0 0 0 0 0 0 0 
_2.ptx 950 : 110592 916768 0 0 0 0 0 0 0 
_3.ptx 1359 : 56320 621879 0 0 0 0 0 0 0 
_2.ptx 951 : 110592 612224 0 0 0 0 0 0 0 
_3.ptx 1360 : 56320 29770729 1237888 0 0 24264 24264 0 0 
_2.ptx 952 : 12288 77632 0 0 0 0 0 0 0 
_3.ptx 1361 : 56320 565329 0 0 0 0 0 0 0 
_3.ptx 1362 : 56320 10691403 9600 0 0 24264 24264 0 0 
_3.ptx 1364 : 56320 9586529 0 0 0 0 0 0 0 
_3.ptx 1365 : 56320 622024 0 0 0 0 0 0 0 
_2.ptx 957 : 12288 74720 0 0 0 0 0 0 0 
_3.ptx 1366 : 56320 29429677 1235200 0 0 24264 24264 0 0 
_2.ptx 958 : 12288 99456 0 0 0 0 0 0 0 
_3.ptx 1367 : 56320 565475 0 0 0 0 0 0 0 
_2.ptx 959 : 12288 75071 0 0 0 0 0 0 48 
_3.ptx 1368 : 56320 11335444 9920 0 0 24264 24264 0 0 
_2.ptx 961 : 48 342 0 0 0 0 0 0 0 
_3.ptx 1370 : 56320 397243 0 0 0 0 0 0 0 
_2.ptx 962 : 48 482 0 0 0 0 0 0 0 
_3.ptx 1371 : 56320 396567 0 0 0 0 0 0 0 
_2.ptx 963 : 48 337 0 0 0 0 0 0 0 
_3.ptx 1372 : 56320 621660 0 0 0 0 0 0 0 
_2.ptx 964 : 48 528 0 0 0 0 0 0 0 
_3.ptx 1373 : 56320 623176 0 0 0 0 0 0 0 
_2.ptx 965 : 48 338 0 0 0 0 0 0 0 
_2.ptx 966 : 48 481 0 0 0 0 0 0 0 
_3.ptx 1375 : 56320 340298 0 0 0 0 0 0 0 
_2.ptx 967 : 48 530 0 0 0 0 0 0 0 
_2.ptx 968 : 48 144 0 0 0 0 0 0 0 
_2.ptx 969 : 48 392 0 48 48 0 0 0 0 
_3.ptx 1378 : 26656771 267496832 0 0 0 0 0 0 0 
_2.ptx 970 : 48 153 0 0 0 0 0 0 0 
_3.ptx 1379 : 26656771 213938459 0 0 0 0 0 0 0 
_2.ptx 971 : 48 290 0 0 0 0 0 0 0 
_3.ptx 1380 : 26656771 160218987 0 0 0 0 0 0 10462 
_2.ptx 972 : 48 292 0 0 0 0 0 0 0 
_2.ptx 973 : 48 387 0 0 0 0 0 0 0 
_2.ptx 974 : 48 434 0 0 0 0 0 0 0 
_3.ptx 1383 : 24681 272643 0 0 0 0 0 0 0 
_2.ptx 975 : 48 338 0 0 0 0 0 0 0 
_3.ptx 1384 : 24681 272547 0 0 0 0 0 0 0 
_2.ptx 976 : 48 485 0 0 0 0 0 0 0 
_3.ptx 1385 : 24681 198632 0 0 0 0 0 0 0 
_2.ptx 977 : 48 530 0 0 0 0 0 0 0 
_3.ptx 1386 : 24681 0 0 0 0 0 0 0 0 
_2.ptx 978 : 48 246 160 0 0 48 48 0 0 
_2.ptx 980 : 48 289 0 0 0 0 0 0 0 
_3.ptx 1389 : 24832 151360 0 0 0 0 0 0 0 
_2.ptx 981 : 48 241 0 48 48 0 0 0 0 
_2.ptx 984 : 12288 88960 0 0 0 0 0 0 0 
_2.ptx 985 : 12288 77728 0 0 0 0 0 0 0 
_2.ptx 986 : 12288 101248 0 0 0 0 0 0 0 
_2.ptx 987 : 12288 0 0 0 0 0 0 0 0 
_2.ptx 988 : 12288 77600 0 0 0 0 0 0 0 
_2.ptx 992 : 110592 810432 0 0 0 0 0 0 0 
_2.ptx 994 : 110592 728352 0 0 0 0 0 0 0 
_2.ptx 995 : 110592 898272 0 0 0 0 0 0 0 
_2.ptx 996 : 110592 516672 0 0 0 0 0 0 240 
_2.ptx 998 : 24528 147264 0 0 0 0 0 0 0 
_2.ptx 999 : 24528 198208 0 0 0 0 0 0 0 
_2.ptx 1000 : 24528 197383 0 0 0 0 0 0 0 
_2.ptx 1001 : 24528 270691 0 0 0 0 0 0 0 
_2.ptx 1002 : 24528 251334 0 0 0 0 0 0 0 
_2.ptx 1003 : 24528 175439 0 0 0 0 0 0 0 
_2.ptx 1004 : 24528 271484 0 0 0 0 0 0 0 
_2.ptx 1005 : 24528 175586 0 0 0 0 0 0 0 
_2.ptx 1006 : 24528 278305 0 0 0 0 0 0 0 
_2.ptx 1007 : 24528 271028 0 0 0 0 0 0 0 
_2.ptx 1008 : 24528 227070 0 1632 960 0 0 0 0 
_2.ptx 1010 : 24528 273461 0 0 0 0 0 0 0 
_2.ptx 1011 : 24528 248911 0 0 0 0 0 0 0 
_2.ptx 1012 : 24528 174801 0 0 0 0 0 0 0 
_2.ptx 1013 : 24528 271270 0 0 0 0 0 0 0 
_2.ptx 1014 : 24528 175413 0 0 0 0 0 0 0 
_2.ptx 1015 : 24528 260074 0 0 0 0 0 0 0 
_2.ptx 1016 : 24528 271856 0 0 0 0 0 0 0 
_2.ptx 1017 : 24528 240930 0 1632 960 0 0 0 0 
_2.ptx 1018 : 24528 183329 0 1632 960 0 0 0 0 
_2.ptx 1020 : 24528 286770 0 1632 960 0 0 0 0 
_2.ptx 1021 : 24528 271364 0 0 0 0 0 0 0 
_2.ptx 1022 : 24528 164109 0 1632 960 0 0 0 0 
_2.ptx 1025 : 110592 1289728 0 0 0 0 0 0 0 
_2.ptx 1026 : 110592 899200 0 0 0 0 0 0 0 
_2.ptx 1027 : 110592 629600 0 0 0 0 0 0 0 
_2.ptx 1030 : 12288 75968 0 0 0 0 0 0 0 
_2.ptx 1032 : 12288 58464 0 0 0 0 0 0 0 
_2.ptx 1033 : 12288 130752 0 768 384 0 0 0 0 
_2.ptx 1034 : 12288 135776 0 0 0 0 0 0 0 
_2.ptx 1035 : 12288 78592 49152 0 0 384 384 0 0 
_2.ptx 1037 : 12288 129504 0 768 384 0 0 0 0 
_2.ptx 1038 : 12288 135808 0 0 0 0 0 0 0 
_2.ptx 1039 : 12288 78048 49152 0 0 384 384 0 0 
_2.ptx 1041 : 12288 74784 0 0 0 0 0 0 0 
_3.ptx 1146 : 24832 151360 0 0 0 0 0 0 0 
_3.ptx 1147 : 24832 152064 0 0 0 0 0 0 0 
_3.ptx 1148 : 24832 285280 0 0 0 0 0 0 0 
_3.ptx 1149 : 24832 149696 0 0 0 0 0 0 0 
_3.ptx 1150 : 24832 275776 0 0 0 0 0 0 0 
_3.ptx 1151 : 24832 150592 0 0 0 0 0 0 0 
_3.ptx 1152 : 24832 287520 0 0 0 0 0 0 0 
_3.ptx 1153 : 24832 150176 0 0 0 0 0 0 0 
_3.ptx 1154 : 24832 274784 0 0 0 0 0 0 0 
_3.ptx 1155 : 24832 2784960 128 0 0 0 0 0 0 
_3.ptx 1156 : 24832 2619776 0 0 0 0 0 0 0 
_3.ptx 1157 : 24832 279264 0 0 0 0 0 0 0 
_3.ptx 1158 : 24832 200000 0 0 0 0 0 0 0 
_3.ptx 1159 : 24832 149622 0 0 0 0 0 0 1 
_3.ptx 1160 : 151 906 0 0 0 0 0 0 0 
_3.ptx 1163 : 24681 280387 0 0 0 0 0 0 0 
_3.ptx 1164 : 24681 284355 0 0 0 0 0 0 0 
_3.ptx 1165 : 24681 149270 0 0 0 0 0 0 0 
_3.ptx 1166 : 24681 274595 0 0 0 0 0 0 0 
_3.ptx 1167 : 24681 178175 0 0 0 0 0 0 0 
_3.ptx 1168 : 24681 276835 0 0 0 0 0 0 0 
_3.ptx 1169 : 24681 250170 0 0 0 0 0 0 0 
_3.ptx 1170 : 24681 278915 0 0 0 0 0 0 0 
_3.ptx 1171 : 24681 199112 0 0 0 0 0 0 0 
_3.ptx 1172 : 24681 223505 0 0 0 0 0 0 0 
_3.ptx 1173 : 24681 199112 0 0 0 0 0 0 0 
_3.ptx 1174 : 24681 0 0 0 0 0 0 0 0 
_3.ptx 1175 : 24681 175135 0 0 0 0 0 0 0 
_3.ptx 1176 : 24681 256378 0 0 0 0 0 0 0 
_3.ptx 1177 : 24681 1762043 0 0 0 0 0 0 0 
_3.ptx 1178 : 24681 178472 0 0 0 0 0 0 0 
_3.ptx 1179 : 24681 262522 0 0 0 0 0 0 0 
_3.ptx 1180 : 24681 273475 0 0 0 0 0 0 0 
_3.ptx 1181 : 24681 1597467 0 0 0 0 0 0 0 
_3.ptx 1182 : 24681 1504539 0 0 0 0 0 0 0 
_3.ptx 1183 : 24681 150486 0 0 0 0 0 0 0 
_3.ptx 1187 : 24681 12614590 395008 0 0 3086 772 0 0 
_3.ptx 1189 : 24681 174431 0 0 0 0 0 0 0 
_3.ptx 1190 : 24681 272515 0 0 0 0 0 0 0 
_3.ptx 1191 : 24681 14055044 296192 0 0 2314 772 0 0 
_3.ptx 1192 : 24681 175359 0 0 0 0 0 0 0 
_3.ptx 1193 : 24681 7628864 1280 0 0 3086 772 0 0 
_3.ptx 1194 : 24681 174655 0 0 0 0 0 0 0 
_3.ptx 1195 : 24681 272835 0 0 0 0 0 0 0 
_3.ptx 1196 : 24681 13598476 395008 0 0 3086 772 0 0 
_3.ptx 1197 : 24681 272739 0 0 0 0 0 0 0 
_3.ptx 1199 : 24681 7833933 2560 0 0 2314 772 0 0 
_3.ptx 1200 : 24681 150326 0 0 0 0 0 0 0 
_3.ptx 1201 : 24681 198632 0 0 0 0 0 0 0 
_3.ptx 1202 : 24681 0 0 0 0 0 0 0 0 
_3.ptx 1203 : 24681 150454 0 0 0 0 0 0 0 
_3.ptx 1204 : 24681 149462 0 0 0 0 0 0 0 
_3.ptx 1208 : 26656771 160250943 0 0 0 0 0 0 0 
_3.ptx 1209 : 26656771 213807471 0 0 0 0 0 0 0 
_3.ptx 1210 : 26656771 154064524 0 0 0 0 0 0 365891 
_3.ptx 1211 : 1052672 6330876 0 0 0 0 0 0 0 
_3.ptx 1212 : 1052672 8442270 0 0 0 0 0 0 0 
_3.ptx 1213 : 1052672 4432088 0 0 0 0 0 0 33260 
_3.ptx 1214 : 315392 1897991 0 0 0 0 0 0 0 
_3.ptx 1215 : 315392 2529825 0 0 0 0 0 0 0 
_3.ptx 1216 : 315392 880959 0 0 0 0 0 0 3383 
_3.ptx 1217 : 168960 1017599 0 0 0 0 0 0 0 
_3.ptx 1218 : 168960 1355521 0 0 0 0 0 0 0 
_3.ptx 1219 : 168960 677960 0 0 0 0 0 0 1744 
_3.ptx 1220 : 56320 338958 0 0 0 0 0 0 0 
_3.ptx 1221 : 56320 451837 0 0 0 0 0 0 0 
_3.ptx 1222 : 56320 338973 0 0 0 0 0 0 0 
_3.ptx 1225 : 25604099 153933313 0 0 0 0 0 0 0 
_3.ptx 1226 : 25604099 180075240 0 0 0 0 0 0 0 
