kernel line : count latency dram_traffic smem_bk_conflicts smem_warp gmem_access_generated gmem_warp exposed_latency warp_divergence
_1.ptx 1792 : 355762 2149419 0 0 0 0 0 0 0 
_1.ptx 1795 : 2097152 14922176 0 0 0 0 0 0 0 
_1.ptx 1798 : 4194304 26191584 0 0 0 0 0 0 0 
_1.ptx 1799 : 4194304 34136608 0 0 0 0 0 0 0 
_1.ptx 1800 : 4194304 22586993 0 0 0 0 0 0 54137 
_1.ptx 1802 : 560438 3378288 0 0 0 0 0 0 0 
_1.ptx 1803 : 560438 10170106 1408 0 0 0 0 0 0 
_1.ptx 1804 : 560438 8712268 6016 0 0 54137 54137 0 0 
_1.ptx 1806 : 4194304 43247648 0 0 0 0 0 0 0 
_1.ptx 1807 : 4194304 34152704 0 0 0 0 0 0 0 
_1.ptx 1808 : 4194304 12996288 0 0 0 0 0 0 0 
_1.ptx 1811 : 2097152 13020384 0 0 0 0 0 0 0 
_1.ptx 1628 : 2097152 13091136 0 0 0 0 0 0 0 
_1.ptx 1629 : 2097152 13158336 0 0 0 0 0 0 0 
_1.ptx 1630 : 2097152 37678592 0 0 0 0 0 0 0 
_1.ptx 1631 : 2097152 12989216 0 0 0 0 0 0 0 
_1.ptx 1632 : 2097152 371266016 0 0 0 0 0 0 0 
_1.ptx 1633 : 2097152 13032416 0 0 0 0 0 0 0 
_1.ptx 1634 : 2097152 23317344 0 0 0 0 0 0 0 
_1.ptx 1635 : 2097152 24808224 0 0 0 0 0 0 0 
_1.ptx 1636 : 2097152 15293792 0 0 0 0 0 0 0 
_1.ptx 1637 : 2097152 21484448 0 0 0 0 0 0 0 
_1.ptx 1638 : 2097152 25554240 0 0 0 0 0 0 0 
_1.ptx 1639 : 2097152 17293856 0 0 0 0 0 0 0 
_1.ptx 1640 : 2097152 0 0 0 0 0 0 0 0 
_1.ptx 1641 : 2097152 15438496 0 0 0 0 0 0 0 
_1.ptx 1642 : 2097152 13341984 0 0 0 0 0 0 0 
_1.ptx 1643 : 2097152 13341664 0 0 0 0 0 0 0 
_1.ptx 1644 : 2097152 15479904 0 0 0 0 0 0 0 
_1.ptx 1447 : 1048576 6488096 0 0 0 0 0 0 0 
_1.ptx 1448 : 1048576 6464384 0 0 0 0 0 0 0 
_1.ptx 1648 : 4194304 34384960 0 0 0 0 0 0 0 
_1.ptx 1449 : 1048576 15444512 0 0 0 0 0 0 0 
_1.ptx 1450 : 1048576 6413152 0 0 0 0 0 0 0 
_1.ptx 1649 : 4194304 13049184 0 0 0 0 0 0 0 
_1.ptx 1451 : 1048576 11705344 0 0 0 0 0 0 0 
_1.ptx 1651 : 2097152 13469824 0 0 0 0 0 0 0 
_1.ptx 1452 : 1048576 12361504 128 0 0 0 0 0 0 
_1.ptx 1652 : 2097152 13485472 0 0 0 0 0 0 0 
_1.ptx 1453 : 1048576 8631808 0 0 0 0 0 0 0 
_1.ptx 1454 : 1048576 0 0 0 0 0 0 0 0 
_1.ptx 1655 : 2097152 15108832 0 0 0 0 0 0 0 
_1.ptx 1456 : 1048576 6711328 0 0 0 0 0 0 0 
_1.ptx 1656 : 2097152 24536064 0 0 0 0 0 0 0 
_1.ptx 1457 : 1048576 13189600 0 0 0 0 0 0 0 
_1.ptx 1657 : 2097152 31700640 0 0 0 0 0 0 0 
_1.ptx 1458 : 1048576 7580672 0 0 0 0 0 0 0 
_1.ptx 1658 : 2097152 23277952 0 0 0 0 0 0 0 
_1.ptx 1459 : 1048576 11805088 0 0 0 0 0 0 0 
_1.ptx 1659 : 2097152 868542272 12456832 0 0 131072 65536 0 0 
_1.ptx 1460 : 1048576 11672256 0 0 0 0 0 0 0 
_1.ptx 1660 : 2097152 12787584 0 0 0 0 0 0 0 
_1.ptx 1461 : 1048576 41817920 4194304 0 0 32768 32768 0 0 
_1.ptx 1661 : 2097152 16931232 0 0 0 0 0 0 0 
_1.ptx 1662 : 2097152 2151076 0 0 0 0 0 0 65378 
_1.ptx 1663 : 1741390 12441784 0 0 0 0 0 0 0 
_1.ptx 1464 : 1048576 6483360 0 0 0 0 0 0 0 
_1.ptx 1664 : 1741390 10729301 0 0 0 0 0 0 0 
_1.ptx 1665 : 1741390 10533945 0 0 0 0 0 0 0 
_1.ptx 1666 : 1741390 12337046 0 0 0 0 0 0 0 
_1.ptx 1670 : 16519988 4836555778 69549824 0 0 6075212 4270526 0 0 
_1.ptx 1671 : 16519988 133048270 0 0 0 0 0 0 0 
_1.ptx 1672 : 16519988 0 0 0 0 0 0 0 0 
_1.ptx 1674 : 16519988 99871774 0 0 0 0 0 0 0 
_1.ptx 1675 : 16519988 132994292 0 0 0 0 0 0 0 
_1.ptx 1676 : 16519988 0 0 0 0 0 0 0 0 
_1.ptx 1677 : 16519988 621229687 0 0 0 0 0 0 0 
_1.ptx 1678 : 16519988 182601757 0 0 0 0 0 0 0 
_1.ptx 1679 : 16519988 5390321958 77339264 0 0 6075212 4270526 0 0 
_1.ptx 1680 : 16519988 133000587 0 0 0 0 0 0 0 
_1.ptx 1681 : 16519988 0 0 0 0 0 0 0 0 
_1.ptx 1683 : 16519988 609893276 0 0 0 0 0 0 0 
_1.ptx 1684 : 16519988 117077899 0 0 0 0 0 0 0 
_1.ptx 1685 : 16519988 166759384 0 0 0 0 0 0 0 
_1.ptx 1686 : 16519988 182533170 0 0 0 0 0 0 0 
_1.ptx 1687 : 16519988 5303588838 77998464 0 0 6075212 4270526 0 0 
_1.ptx 1688 : 16519988 99766034 0 0 0 0 0 0 0 
_1.ptx 1708 : 16519988 182465128 0 0 0 0 0 0 0 
_1.ptx 1709 : 16519988 641742391 0 0 0 0 0 0 0 
_1.ptx 1710 : 16519988 166704359 0 0 0 0 0 0 0 
_1.ptx 1711 : 16519988 133267855 0 0 0 0 0 0 0 
_1.ptx 1712 : 16519988 117059968 0 0 0 0 0 0 0 
_1.ptx 1713 : 16519988 116985029 0 0 0 0 0 0 0 
_1.ptx 1714 : 16519988 132992167 0 0 0 0 0 0 0 
_1.ptx 1715 : 16519988 116864595 0 0 0 0 0 0 0 
_1.ptx 1716 : 16519988 133244773 0 0 0 0 0 0 0 
_1.ptx 1717 : 16519988 100199399 0 0 0 0 0 0 0 
_1.ptx 1718 : 16519988 132861157 0 0 0 0 0 0 0 
_1.ptx 1719 : 16519988 0 0 0 0 0 0 0 0 
_1.ptx 1721 : 16519988 671110075 0 0 0 0 0 0 0 
_1.ptx 1722 : 16519988 116909545 0 0 0 0 0 0 0 
_1.ptx 1723 : 16519988 167720387 0 0 0 0 0 0 0 
_1.ptx 1724 : 16519988 182620115 0 0 0 0 0 0 0 
_1.ptx 1725 : 16519988 7676260252 355145472 0 0 13495818 4270526 0 0 
_1.ptx 1726 : 16519988 99865330 0 0 0 0 0 0 0 
_1.ptx 1751 : 16519988 132998106 0 0 0 0 0 0 0 
_1.ptx 1752 : 16519988 99600451 0 0 0 0 0 0 0 
_1.ptx 1758 : 16519988 787827817 0 0 0 0 0 0 0 
_1.ptx 1759 : 16519988 182573204 0 0 0 0 0 0 0 
_1.ptx 1760 : 16519988 5486956795 74765056 0 0 6075212 4270526 0 0 
_1.ptx 1761 : 16519988 166143942 0 0 0 0 0 0 0 
_1.ptx 1762 : 16519988 116723274 0 0 0 0 0 0 0 
_1.ptx 1763 : 16519988 170680987 0 0 0 0 0 0 0 
_1.ptx 1764 : 16519988 182372218 0 0 0 0 0 0 0 
_1.ptx 1765 : 16519988 10267465220 1833437440 0 0 16514380 4270526 0 0 
_1.ptx 1766 : 16519988 132979854 0 0 0 0 0 0 0 
_1.ptx 1767 : 16519988 88049928 0 0 0 0 0 0 885915 
_1.ptx 1769 : 1913396 653201674 242688 0 0 1913375 1174472 0 0 
_1.ptx 1770 : 1913396 13522121 0 0 0 0 0 0 0 
_1.ptx 1771 : 1913396 15385766 0 0 0 0 0 0 0 
_1.ptx 1772 : 1913396 1756 0 0 0 0 0 0 197 
_1.ptx 1774 : 1913105 11523648 0 0 0 0 0 0 0 
_1.ptx 1775 : 1913105 11550124 0 0 0 0 0 0 0 
_1.ptx 1779 : 14606883 88020179 0 0 0 0 0 0 0 
_1.ptx 1782 : 16519988 99642678 0 0 0 0 0 0 0 
_1.ptx 1783 : 16519988 132816718 0 0 0 0 0 0 0 
_1.ptx 1784 : 16519988 88065958 0 0 0 0 0 0 885853 
_1.ptx 1785 : 1913105 11548793 0 0 0 0 0 0 0 
_1.ptx 1787 : 16519988 166102264 0 0 0 0 0 0 0 
_1.ptx 1788 : 16519988 132945850 0 0 0 0 0 0 0 
_1.ptx 1789 : 16519988 89091410 0 0 0 0 0 0 807948 
_1.ptx 1790 : 1741390 10524791 0 0 0 0 0 0 0 
