kernel line : count latency dram_traffic smem_bk_conflicts smem_warp gmem_access_generated gmem_warp exposed_latency warp_divergence
_1.ptx 199 : 4504064 38349984 0 0 0 0 0 0 0 
_1.ptx 200 : 4504064 40593152 0 0 0 0 0 0 0 
_1.ptx 201 : 4504064 35303840 0 0 0 0 0 0 0 
_1.ptx 210 : 237056 1835904 0 0 0 0 0 0 0 
_1.ptx 211 : 237056 2108864 0 0 0 0 0 0 0 
_1.ptx 214 : 237056 276384 0 0 0 0 0 0 1852 
_1.ptx 216 : 200000 1745052 0 0 0 0 0 0 0 
_1.ptx 217 : 200000 2845416 0 0 0 0 0 0 0 
_1.ptx 218 : 200000 2420528 0 0 0 0 0 0 0 
_1.ptx 219 : 200000 1737328 0 7408 7408 0 0 0 0 
_1.ptx 220 : 200000 751732 0 0 0 0 0 0 0 
_1.ptx 221 : 200000 1575812 0 0 0 0 0 0 0 
_1.ptx 222 : 200000 2508804 0 0 0 0 0 0 0 
_1.ptx 223 : 200000 2365660 0 0 0 0 0 0 0 
_1.ptx 224 : 200000 1401240 1080992 0 0 13426 7408 0 0 
_1.ptx 227 : 237056 1789824 0 0 0 0 0 0 0 
_1.ptx 68 : 237056 5342432 128 0 0 0 0 0 0 
_1.ptx 69 : 237056 2853856 0 0 0 0 0 0 0 
_1.ptx 70 : 237056 744832 0 0 0 0 0 0 0 
_1.ptx 71 : 237056 2721632 0 0 0 0 0 0 0 
_1.ptx 72 : 237056 1906656 0 0 0 0 0 0 0 
_1.ptx 73 : 237056 2872096 0 0 0 0 0 0 0 
_1.ptx 74 : 237056 1900096 0 0 0 0 0 0 0 
_1.ptx 75 : 237056 2946784 0 0 0 0 0 0 0 
_1.ptx 76 : 237056 876672 0 0 0 0 0 0 0 
_1.ptx 77 : 237056 2883264 0 0 0 0 0 0 0 
_1.ptx 78 : 237056 1913120 0 0 0 0 0 0 0 
_1.ptx 79 : 237056 2890784 0 0 0 0 0 0 0 
_1.ptx 80 : 237056 2210688 0 0 0 0 0 0 0 
_1.ptx 81 : 237056 2090688 0 0 0 0 0 0 0 
_1.ptx 82 : 237056 1866912 0 0 0 0 0 0 0 
_1.ptx 83 : 237056 2191680 0 0 0 0 0 0 0 
_1.ptx 84 : 237056 2027424 0 0 0 0 0 0 0 
_1.ptx 85 : 237056 2168160 0 0 0 0 0 0 0 
_1.ptx 86 : 237056 1837984 0 0 0 0 0 0 0 
_1.ptx 87 : 237056 2158016 0 0 0 0 0 0 0 
_1.ptx 88 : 237056 752 0 0 0 0 0 0 4 
_1.ptx 90 : 236960 1892696 0 0 0 0 0 0 0 
_1.ptx 91 : 236960 961600 0 0 0 0 0 0 0 
_1.ptx 92 : 236960 1987124 0 0 0 0 0 0 0 
_1.ptx 93 : 236960 2852492 0 0 0 0 0 0 0 
_1.ptx 94 : 236960 2824536 0 0 0 0 0 0 0 
_1.ptx 95 : 236960 60285428 803328 0 0 14812 7408 0 0 
_1.ptx 96 : 236960 2004200 0 0 0 0 0 0 0 
_1.ptx 97 : 236960 2721704 0 0 0 0 0 0 0 
_1.ptx 98 : 236960 2822512 0 0 0 0 0 0 0 
_1.ptx 99 : 236960 1488728 0 7408 7408 0 0 0 0 
_1.ptx 101 : 237056 1851552 0 0 0 0 0 0 0 
_1.ptx 103 : 237056 1867200 0 0 0 0 0 0 0 
_1.ptx 104 : 237056 1922944 0 0 0 0 0 0 0 
_1.ptx 105 : 237056 2261408 0 0 0 0 0 0 0 
_1.ptx 106 : 237056 0 0 0 0 0 0 0 0 
_1.ptx 107 : 237056 2906240 0 0 0 0 0 0 0 
_1.ptx 108 : 237056 2016384 0 0 0 0 0 0 0 
_1.ptx 109 : 237056 2326400 0 0 0 0 0 0 0 
_1.ptx 110 : 237056 2292608 0 0 0 0 0 0 0 
_1.ptx 111 : 237056 2028576 0 0 0 0 0 0 0 
_1.ptx 112 : 237056 2444032 0 0 0 0 0 0 0 
_1.ptx 113 : 237056 5101408 0 0 0 0 0 0 0 
_1.ptx 114 : 237056 2876128 0 0 0 0 0 0 0 
_1.ptx 115 : 237056 2902400 0 0 0 0 0 0 0 
_1.ptx 116 : 237056 3006048 0 0 0 0 0 0 0 
_1.ptx 117 : 237056 2337632 0 0 0 0 0 0 0 
_1.ptx 118 : 237056 2901664 0 0 0 0 0 0 0 
_1.ptx 119 : 237056 1998144 0 0 0 0 0 0 0 
_1.ptx 120 : 237056 2422464 0 0 0 0 0 0 0 
_1.ptx 121 : 237056 5087552 0 0 0 0 0 0 0 
_1.ptx 122 : 237056 2281696 0 0 0 0 0 0 0 
_1.ptx 123 : 237056 2881376 0 0 0 0 0 0 0 
_1.ptx 124 : 237056 2322144 0 0 0 0 0 0 0 
_1.ptx 125 : 237056 2185440 0 0 0 0 0 0 0 
_1.ptx 126 : 237056 2298880 0 0 0 0 0 0 0 
_1.ptx 127 : 237056 2156832 0 0 0 0 0 0 0 
_1.ptx 128 : 237056 2278432 0 0 0 0 0 0 0 
_1.ptx 129 : 237056 1970496 0 0 0 0 0 0 0 
_1.ptx 130 : 237056 2007488 0 0 0 0 0 0 0 
_1.ptx 131 : 237056 2172832 0 0 0 0 0 0 0 
_1.ptx 135 : 4741120 38362112 0 0 0 0 0 0 0 
_1.ptx 136 : 4741120 56966048 0 0 0 0 0 0 0 
_1.ptx 137 : 4741120 45005824 0 0 0 0 0 0 0 
_1.ptx 138 : 4741120 42531904 0 0 0 0 0 0 0 
_1.ptx 139 : 4741120 38162944 0 0 0 0 0 0 0 
_1.ptx 140 : 4741120 57284032 0 0 0 0 0 0 0 
_1.ptx 141 : 4741120 44676512 0 0 0 0 0 0 0 
_1.ptx 142 : 4741120 41964032 0 0 0 0 0 0 0 
_1.ptx 143 : 4741120 43743904 0 0 0 0 0 0 0 
_1.ptx 144 : 4741120 43811840 0 0 0 0 0 0 0 
_1.ptx 145 : 4741120 37048800 0 0 0 0 0 0 0 
_1.ptx 146 : 4741120 43467584 0 0 0 0 0 0 0 
_1.ptx 147 : 4741120 2981207 0 0 0 0 0 0 37040 
_1.ptx 149 : 4351120 34562203 0 0 0 0 0 0 0 
_1.ptx 151 : 4351120 36159782 0 0 0 0 0 0 0 
_1.ptx 152 : 4351120 50578039 0 0 0 0 0 0 0 
_1.ptx 153 : 4351120 14080351 0 0 0 0 0 0 0 
_1.ptx 154 : 4351120 14360970 0 0 0 0 0 0 0 
_1.ptx 155 : 4351120 51144656 0 0 0 0 0 0 0 
_1.ptx 156 : 4351120 55674641 0 0 0 0 0 0 0 
_1.ptx 157 : 4351120 52777105 0 0 0 0 0 0 0 
_1.ptx 158 : 4351120 38990286 0 0 0 0 0 0 0 
_1.ptx 159 : 4351120 52647868 0 0 0 0 0 0 0 
_1.ptx 160 : 4351120 53004643 0 0 0 0 0 0 0 
_1.ptx 161 : 4351120 1187143181 16002816 0 0 283734 148160 0 0 
_1.ptx 162 : 4351120 37286407 0 0 0 0 0 0 0 
_1.ptx 163 : 4351120 50960613 0 0 0 0 0 0 0 
_1.ptx 164 : 4351120 53333891 0 0 0 0 0 0 0 
_1.ptx 165 : 4351120 38846654 0 148160 148160 0 0 0 0 
_1.ptx 166 : 4351120 51440993 0 0 0 0 0 0 0 
_1.ptx 167 : 4351120 38432170 0 148160 148160 0 0 0 0 
_1.ptx 168 : 4351120 36683532 0 0 0 0 0 0 0 
_1.ptx 169 : 4351120 49575993 0 0 0 0 0 0 0 
_1.ptx 170 : 4351120 52636332 0 0 0 0 0 0 0 
_1.ptx 171 : 4351120 38238465 0 148160 148160 0 0 0 0 
_1.ptx 172 : 4351120 92346060 0 0 0 0 0 0 0 
_1.ptx 173 : 4351120 93358902 0 0 0 0 0 0 0 
_1.ptx 174 : 4351120 52506488 0 0 0 0 0 0 0 
_1.ptx 175 : 4351120 52861410 0 0 0 0 0 0 0 
_1.ptx 176 : 4351120 23514847 0 148160 148160 0 0 0 0 
_1.ptx 179 : 4741120 36643456 0 0 0 0 0 0 0 
_1.ptx 181 : 4741120 43369024 0 0 0 0 0 0 0 
_1.ptx 182 : 4741120 1879744 0 0 0 0 0 0 0 
_1.ptx 183 : 4504064 36976480 0 0 0 0 0 0 0 
_1.ptx 184 : 4504064 40690944 0 0 0 0 0 0 0 
_1.ptx 185 : 4504064 39311168 0 0 0 0 0 0 0 
_1.ptx 186 : 4504064 39904960 0 0 0 0 0 0 0 
_1.ptx 187 : 4504064 2769774 0 0 0 0 0 0 35188 
_1.ptx 189 : 4151120 35631430 0 0 0 0 0 0 0 
_1.ptx 190 : 4151120 48942971 0 0 0 0 0 0 0 
_1.ptx 191 : 4151120 50552611 0 0 0 0 0 0 0 
_1.ptx 192 : 4151120 36648961 0 140752 140752 0 0 0 0 
_1.ptx 193 : 4151120 49285778 0 0 0 0 0 0 0 
_1.ptx 194 : 4151120 22654243 0 140752 140752 0 0 0 0 
_1.ptx 197 : 4504064 33484320 0 0 0 0 0 0 0 
