kernel line : count latency dram_traffic smem_bk_conflicts smem_warp gmem_access_generated gmem_warp exposed_latency warp_divergence
_1.ptx 97 : 262144 2041568 0 0 0 0 0 0 0 
_1.ptx 98 : 262144 2233760 0 0 0 0 0 0 0 
_1.ptx 99 : 262144 0 0 0 0 0 0 0 0 
_1.ptx 100 : 262144 2985376 0 0 0 0 0 0 0 
_1.ptx 101 : 262144 2789280 0 0 0 0 0 0 0 
_1.ptx 102 : 262144 2040800 0 0 0 0 0 0 0 
_1.ptx 103 : 262144 1803328 0 0 0 0 0 0 0 
_1.ptx 104 : 262144 2217152 0 0 0 0 0 0 0 
_1.ptx 105 : 262144 2982592 0 0 0 0 0 0 0 
_1.ptx 106 : 262144 2000448 0 0 0 0 0 0 0 
_1.ptx 107 : 262144 1998624 0 0 0 0 0 0 0 
_1.ptx 108 : 262144 2727840 0 0 0 0 0 0 0 
_1.ptx 109 : 262144 4844512 0 0 0 0 0 0 0 
_1.ptx 110 : 262144 2973600 0 0 0 0 0 0 0 
_1.ptx 111 : 262144 3745568 0 0 0 0 0 0 0 
_1.ptx 112 : 262144 3004576 0 0 0 0 0 0 0 
_1.ptx 113 : 262144 1750560 0 0 0 0 0 0 0 
_1.ptx 114 : 262144 2035584 0 0 0 0 0 0 0 
_1.ptx 118 : 1048576 391337504 4194304 0 0 32768 32768 0 0 
_1.ptx 119 : 1048576 391883840 4194304 0 0 32768 32768 0 0 
_1.ptx 120 : 1048576 9750336 0 0 0 0 0 0 0 
_1.ptx 121 : 1048576 10924256 0 0 0 0 0 0 0 
_1.ptx 122 : 1048576 10985728 0 0 0 0 0 0 0 
_1.ptx 123 : 1048576 10999616 0 0 0 0 0 0 0 
_1.ptx 124 : 1048576 8810592 0 0 0 0 0 0 0 
_1.ptx 125 : 1048576 5131168 0 0 0 0 0 0 0 
_1.ptx 126 : 262144 1714816 0 0 0 0 0 0 0 
_1.ptx 131 : 262144 5357984 0 8192 8192 0 0 0 0 
_1.ptx 132 : 262144 2958304 0 0 0 0 0 0 0 
_1.ptx 133 : 262144 2978144 0 0 0 0 0 0 0 
_1.ptx 134 : 262144 2220736 0 0 0 0 0 0 0 
_1.ptx 135 : 262144 1318144 0 0 0 0 0 0 0 
_1.ptx 137 : 65536 438144 0 0 0 0 0 0 0 
_1.ptx 141 : 655360 4464544 0 0 0 0 0 0 0 
_1.ptx 142 : 655360 5547168 0 0 0 0 0 0 0 
_1.ptx 143 : 655360 3144891 0 0 0 0 0 0 1280 
_1.ptx 144 : 196352 1560226 0 0 0 0 0 0 0 
_1.ptx 145 : 196352 1386909 0 0 0 0 0 0 0 
_1.ptx 146 : 196352 1591867 0 0 0 0 0 0 0 
_1.ptx 147 : 196352 2250560 0 0 0 0 0 0 0 
_1.ptx 148 : 196352 2370335 0 0 0 0 0 0 0 
_1.ptx 149 : 196352 2801464 0 0 0 0 0 0 0 
_1.ptx 150 : 196352 2933909 0 0 0 0 0 0 0 
_1.ptx 151 : 196352 2342421 0 0 0 0 0 0 0 
_1.ptx 152 : 196352 1640845 0 0 0 0 0 0 0 
_1.ptx 153 : 196352 2840179 0 0 0 0 0 0 0 
_1.ptx 154 : 196352 2284306 0 0 0 0 0 0 0 
_1.ptx 158 : 261888 3734907 0 9216 9216 0 0 0 0 
_1.ptx 159 : 261888 3272379 0 9216 9216 0 0 0 0 
_1.ptx 160 : 261888 3013115 0 0 0 0 0 0 0 
_1.ptx 161 : 261888 2868036 0 9216 9216 0 0 0 0 
_1.ptx 162 : 261888 3018853 0 0 0 0 0 0 0 
_1.ptx 163 : 261888 3024077 0 0 0 0 0 0 0 
_1.ptx 66 : 32768 219328 0 0 0 0 0 0 0 
_1.ptx 164 : 261888 3074029 0 0 0 0 0 0 0 
_1.ptx 67 : 32768 249472 0 0 0 0 0 0 0 
_1.ptx 165 : 261888 2321712 0 0 0 0 0 0 0 
_1.ptx 68 : 32768 655520 128 0 0 0 0 0 0 
_1.ptx 166 : 261888 475584 0 0 0 0 0 0 0 
_1.ptx 69 : 32768 278496 0 0 0 0 0 0 0 
_1.ptx 70 : 32768 0 0 0 0 0 0 0 0 
_1.ptx 71 : 32768 228256 0 0 0 0 0 0 0 
_1.ptx 169 : 655360 5213344 0 0 0 0 0 0 0 
_1.ptx 72 : 32768 224288 0 0 0 0 0 0 0 
_1.ptx 170 : 655360 4586240 0 0 0 0 0 0 0 
_1.ptx 73 : 32768 282336 0 0 0 0 0 0 0 
_1.ptx 171 : 655360 5687168 0 0 0 0 0 0 0 
_1.ptx 74 : 32768 229824 0 0 0 0 0 0 0 
_1.ptx 172 : 655360 4143392 0 0 0 0 0 0 0 
_1.ptx 75 : 32768 232064 0 0 0 0 0 0 0 
_1.ptx 173 : 65536 478690 0 0 0 0 0 0 256 
_1.ptx 76 : 32768 283328 0 0 0 0 0 0 0 
_1.ptx 77 : 32768 222624 0 0 0 0 0 0 0 
_1.ptx 175 : 256 4632 0 256 256 0 0 0 0 
_1.ptx 78 : 32768 225056 0 0 0 0 0 0 0 
_1.ptx 176 : 256 2670 0 0 0 0 0 0 0 
_1.ptx 177 : 256 1977 0 0 0 0 0 0 0 
_1.ptx 178 : 256 2725 0 0 0 0 0 0 0 
_1.ptx 81 : 65536 0 0 0 0 0 0 0 0 
_1.ptx 179 : 256 2946 0 0 0 0 0 0 0 
_1.ptx 82 : 65536 817376 0 0 0 0 0 0 0 
_1.ptx 180 : 256 4421 352 0 0 256 256 0 0 
_1.ptx 83 : 65536 564480 0 0 0 0 0 0 0 
_1.ptx 84 : 65536 768128 0 0 0 0 0 0 0 
_1.ptx 182 : 65536 758880 0 0 0 0 0 0 0 
_1.ptx 85 : 65536 547200 0 0 0 0 0 0 0 
_1.ptx 183 : 65536 563904 0 0 0 0 0 0 0 
_1.ptx 86 : 65536 503680 0 0 0 0 0 0 0 
_1.ptx 184 : 65536 224768 0 0 0 0 0 0 0 
_1.ptx 87 : 65536 548288 0 0 0 0 0 0 0 
_1.ptx 88 : 65536 777184 0 0 0 0 0 0 0 
_1.ptx 89 : 65536 740544 0 0 0 0 0 0 0 
_1.ptx 187 : 32768 226624 0 0 0 0 0 0 0 
_1.ptx 90 : 65536 729920 0 0 0 0 0 0 0 
_1.ptx 91 : 65536 777344 0 0 0 0 0 0 0 
_1.ptx 92 : 65536 778336 0 0 0 0 0 0 0 
_1.ptx 96 : 262144 2049664 0 0 0 0 0 0 0 
