kernel line : count latency dram_traffic smem_bk_conflicts smem_warp gmem_access_generated gmem_warp exposed_latency warp_divergence
_1.ptx 823 : 4096 24576 0 0 0 0 0 0 0 
_1.ptx 824 : 4096 24576 0 0 0 0 0 0 0 
_1.ptx 825 : 4096 60672 0 0 0 0 0 0 0 
_1.ptx 826 : 4096 24576 0 0 0 0 0 0 0 
_1.ptx 827 : 4096 45568 0 0 0 0 0 0 0 
_1.ptx 828 : 4096 29632 0 0 0 0 0 0 0 
_1.ptx 829 : 4096 24992 0 0 0 0 0 0 0 
_1.ptx 830 : 4096 32960 0 0 0 0 0 0 0 
_1.ptx 831 : 4096 0 0 0 0 0 0 0 0 
_1.ptx 832 : 4096 12288 0 0 0 0 0 0 0 
_1.ptx 833 : 4096 24608 0 0 0 0 0 0 0 
_1.ptx 834 : 4096 33024 0 0 0 0 0 0 0 
_1.ptx 835 : 4096 12288 0 0 0 0 0 0 0 
_1.ptx 836 : 4096 24576 0 0 0 0 0 0 0 
_1.ptx 837 : 4096 35520 0 0 0 0 0 0 0 
_1.ptx 838 : 4096 48576 0 0 0 0 0 0 0 
_1.ptx 839 : 4096 12288 0 0 0 0 0 0 0 
_1.ptx 840 : 4096 31552 0 0 0 0 0 0 0 
_1.ptx 841 : 4096 33792 0 0 0 0 0 0 0 
_1.ptx 842 : 4096 35968 0 0 0 0 0 0 0 
_1.ptx 843 : 4096 49280 0 0 0 0 0 0 0 
_1.ptx 844 : 4096 35648 0 0 0 0 0 0 0 
_1.ptx 845 : 4096 55904 0 0 0 0 0 0 0 
_1.ptx 846 : 4096 28096 0 0 0 0 0 0 0 
_1.ptx 847 : 4096 38592 0 0 0 0 0 0 0 
_1.ptx 848 : 4096 47840 0 0 0 0 0 0 0 
_1.ptx 849 : 4096 39072 0 0 0 0 0 0 0 
_1.ptx 850 : 4096 52160 0 0 0 0 0 0 0 
_1.ptx 851 : 4096 29376 0 0 0 0 0 0 0 
_1.ptx 852 : 4096 25504 0 0 0 0 0 0 0 
_1.ptx 853 : 4096 34080 0 0 0 0 0 0 0 
_1.ptx 854 : 4096 26336 0 0 0 0 0 0 0 
_1.ptx 855 : 4096 33952 0 0 0 0 0 0 0 
_1.ptx 856 : 4096 12288 0 0 0 0 0 0 0 
_1.ptx 857 : 4096 45280 0 0 0 0 0 0 0 
_1.ptx 858 : 4096 52896 0 0 0 0 0 0 0 
_1.ptx 859 : 4096 12288 0 0 0 0 0 0 0 
_1.ptx 860 : 4096 50272 0 0 0 0 0 0 0 
_1.ptx 861 : 4096 32960 0 0 0 0 0 0 0 
_1.ptx 862 : 4096 34880 0 0 0 0 0 0 0 
_1.ptx 863 : 4096 33792 0 0 0 0 0 0 0 
_1.ptx 864 : 4096 32608 0 0 0 0 0 0 0 
_1.ptx 865 : 4096 31136 0 0 0 0 0 0 0 
_1.ptx 866 : 4096 30464 0 0 0 0 0 0 0 
_1.ptx 867 : 4096 24576 0 0 0 0 0 0 0 
_1.ptx 868 : 4096 24576 0 0 0 0 0 0 0 
_1.ptx 869 : 4096 24608 0 0 0 0 0 0 0 
_1.ptx 870 : 4096 24608 0 0 0 0 0 0 0 
_1.ptx 873 : 4096 0 0 0 0 0 0 0 0 
_1.ptx 874 : 4096 30560 0 0 0 0 0 0 0 
_1.ptx 875 : 4096 27872 0 0 0 0 0 0 0 
_1.ptx 876 : 4096 28512 0 0 0 0 0 0 0 
_1.ptx 877 : 4096 27584 0 0 0 0 0 0 0 
_1.ptx 878 : 4096 31136 0 0 0 0 0 0 0 
_1.ptx 882 : 327680 1973120 0 0 0 0 0 0 0 
_1.ptx 883 : 327680 32353792 1310720 0 0 0 0 0 0 
_1.ptx 885 : 327680 1968416 0 0 0 0 0 0 0 
_1.ptx 886 : 327680 32728576 1310720 0 0 0 0 0 0 
_1.ptx 887 : 327680 3297248 0 0 0 0 0 0 0 
_1.ptx 888 : 327680 3284256 0 0 0 0 0 0 0 
_1.ptx 889 : 327680 3305472 0 0 0 0 0 0 0 
_1.ptx 890 : 327680 2652448 0 0 0 0 0 0 0 
_1.ptx 891 : 327680 1959488 0 0 0 0 0 0 0 
_1.ptx 894 : 4096 0 0 0 0 0 0 0 0 
_1.ptx 895 : 4096 29056 0 0 0 0 0 0 0 
_1.ptx 896 : 4096 24992 0 0 0 0 0 0 0 
_1.ptx 897 : 4096 24640 0 0 0 0 0 0 0 
_1.ptx 898 : 4096 24736 0 0 0 0 0 0 0 
_1.ptx 899 : 4096 29088 0 0 0 0 0 0 0 
_1.ptx 903 : 327680 126368768 1310720 0 0 0 0 0 0 
_1.ptx 904 : 327680 3698144 1308544 0 0 0 0 0 0 
_1.ptx 905 : 327680 3288160 0 0 0 0 0 0 0 
_1.ptx 906 : 327680 3289632 0 0 0 0 0 0 0 
_1.ptx 907 : 327680 3303168 0 0 0 0 0 0 0 
_1.ptx 908 : 327680 2627648 0 0 0 0 0 0 0 
_1.ptx 909 : 327680 1948384 0 0 0 0 0 0 0 
_1.ptx 911 : 4096 0 0 0 0 0 0 0 0 
_1.ptx 912 : 4096 29952 0 0 0 0 0 0 0 
_1.ptx 913 : 4096 26688 0 0 0 0 0 0 0 
_1.ptx 914 : 4096 29088 0 0 0 0 0 0 0 
_1.ptx 918 : 163840 1708800 0 0 0 0 0 0 0 
_1.ptx 919 : 163840 1222784 0 0 0 0 0 0 0 
_1.ptx 920 : 163840 1370208 0 0 0 0 0 0 0 
_1.ptx 921 : 163840 0 0 0 0 0 0 0 0 
_1.ptx 922 : 163840 1859200 0 0 0 0 0 0 0 
_1.ptx 923 : 163840 1699648 0 0 0 0 0 0 0 
_1.ptx 924 : 163840 493024 0 0 0 0 0 0 0 
_1.ptx 925 : 163840 2421120 0 0 0 0 0 0 0 
_1.ptx 926 : 163840 2797088 0 0 0 0 0 0 0 
_1.ptx 927 : 163840 1837856 0 0 0 0 0 0 0 
_1.ptx 928 : 163840 1235488 0 0 0 0 0 0 0 
_1.ptx 929 : 163840 1792704 0 0 0 0 0 0 0 
_1.ptx 930 : 163840 1850432 0 0 0 0 0 0 0 
_1.ptx 931 : 163840 1261632 0 0 0 0 0 0 0 
_1.ptx 932 : 163840 1757632 0 0 0 0 0 0 0 
_1.ptx 933 : 163840 1840192 0 0 0 0 0 0 0 
_1.ptx 934 : 163840 49775584 655360 0 0 0 0 0 0 
_1.ptx 935 : 163840 1843904 0 0 0 0 0 0 0 
_1.ptx 936 : 163840 1220224 0 0 0 0 0 0 0 
_1.ptx 937 : 163840 1119552 0 0 0 0 0 0 0 
_1.ptx 938 : 163840 1238880 0 0 0 0 0 0 0 
_1.ptx 942 : 9748480 109990656 0 0 0 0 0 0 0 
_1.ptx 943 : 9748480 73202656 0 0 0 0 0 0 0 
_1.ptx 944 : 9748480 103333440 0 0 0 0 0 0 0 
_1.ptx 945 : 9748480 110100256 0 0 0 0 0 0 0 
_1.ptx 946 : 9748480 39891680 0 0 0 0 0 0 0 
_1.ptx 948 : 9748480 109990432 0 0 0 0 0 0 0 
_1.ptx 949 : 9748480 2856467136 38446592 0 0 0 0 0 0 
_1.ptx 950 : 9748480 109954624 0 0 0 0 0 0 0 
_1.ptx 951 : 9748480 110080480 0 0 0 0 0 0 0 
_1.ptx 952 : 9748480 72861600 0 0 0 0 0 0 0 
_1.ptx 953 : 9748480 64785344 0 0 0 0 0 0 0 
_1.ptx 954 : 9748480 149243264 0 0 0 0 0 0 0 
_1.ptx 955 : 9748480 71757824 0 0 0 0 0 0 0 
_1.ptx 956 : 9748480 456043808 0 0 0 0 0 0 0 
_1.ptx 957 : 9748480 109673504 0 0 0 0 0 0 0 
_1.ptx 959 : 9748480 110041856 0 0 0 0 0 0 0 
_1.ptx 960 : 9748480 72512096 0 0 0 0 0 0 0 
_1.ptx 961 : 9748480 73908736 0 0 0 0 0 0 0 
_1.ptx 962 : 9748480 73986848 0 0 0 0 0 0 0 
_1.ptx 963 : 9748480 67641856 0 0 0 0 0 0 0 
_1.ptx 964 : 9748480 149436128 0 0 0 0 0 0 0 
_1.ptx 965 : 9748480 148153504 0 0 0 0 0 0 0 
_1.ptx 966 : 9748480 157347616 0 0 0 0 0 0 0 
_1.ptx 967 : 9748480 71804928 0 0 0 0 0 0 0 
_1.ptx 968 : 9748480 63184544 0 0 0 0 0 0 0 
_1.ptx 969 : 9748480 110961856 0 0 0 0 0 0 0 
_1.ptx 970 : 9748480 142292800 0 0 0 0 0 0 0 
_1.ptx 971 : 9748480 110171040 0 0 0 0 0 0 0 
_1.ptx 972 : 9748480 49983392 0 0 0 0 0 0 0 
_1.ptx 974 : 9748480 109881824 0 0 0 0 0 0 0 
_1.ptx 975 : 9748480 72549056 0 0 0 0 0 0 0 
_1.ptx 976 : 9748480 105015552 0 0 0 0 0 0 0 
_1.ptx 977 : 9748480 109404800 0 0 0 0 0 0 0 
_1.ptx 978 : 9748480 49422976 38993920 0 0 0 0 0 0 
_1.ptx 979 : 9748480 100786752 0 0 0 0 0 0 0 
_1.ptx 980 : 9748480 101692704 0 0 0 0 0 0 0 
_1.ptx 981 : 9748480 81109088 0 0 0 0 0 0 0 
_1.ptx 982 : 9748480 61424256 0 0 0 0 0 0 0 
_1.ptx 984 : 163840 1217216 0 0 0 0 0 0 0 
_1.ptx 985 : 163840 1370496 0 0 0 0 0 0 0 
_1.ptx 986 : 163840 1030464 0 0 0 0 0 0 0 
_1.ptx 989 : 4096 0 0 0 0 0 0 0 0 
_1.ptx 990 : 4096 30208 0 0 0 0 0 0 0 
_1.ptx 991 : 4096 30496 0 0 0 0 0 0 0 
_1.ptx 992 : 4096 30560 0 0 0 0 0 0 0 
_1.ptx 993 : 4096 27904 0 0 0 0 0 0 0 
_1.ptx 994 : 4096 26368 0 0 0 0 0 0 0 
_1.ptx 995 : 4096 42016 0 0 0 0 0 0 0 
_1.ptx 996 : 4096 45664 0 0 0 0 0 0 0 
_1.ptx 997 : 4096 12448 0 0 0 0 0 0 0 
_1.ptx 998 : 4096 25696 0 0 0 0 0 0 0 
_1.ptx 999 : 4096 26496 0 0 0 0 0 0 0 
_1.ptx 1000 : 4096 30720 0 0 0 0 0 0 0 
_1.ptx 1004 : 163840 1174528 0 0 0 0 0 0 0 
_1.ptx 1005 : 163840 59133856 549120 0 0 0 0 0 0 
_1.ptx 1006 : 163840 1814496 0 0 0 0 0 0 0 
_1.ptx 1007 : 163840 1172672 0 0 0 0 0 0 0 
_1.ptx 1008 : 163840 1016992 0 0 0 0 0 0 0 
_1.ptx 1009 : 163840 2472640 0 0 0 0 0 0 0 
_1.ptx 1010 : 163840 1170496 0 0 0 0 0 0 0 
_1.ptx 1011 : 163840 7566400 0 0 0 0 0 0 0 
_1.ptx 1013 : 163840 1488320 0 0 0 0 0 0 0 
_1.ptx 1015 : 163840 1122720 655360 0 0 0 0 0 0 
_1.ptx 1017 : 163840 1135488 655360 0 0 0 0 0 0 
_1.ptx 1018 : 163840 1660512 0 0 0 0 0 0 0 
_1.ptx 1019 : 163840 1666944 0 0 0 0 0 0 0 
_1.ptx 1020 : 163840 1672640 0 0 0 0 0 0 0 
_1.ptx 1021 : 163840 1675744 0 0 0 0 0 0 0 
_1.ptx 1022 : 163840 1337984 0 0 0 0 0 0 0 
_1.ptx 1023 : 163840 978912 0 0 0 0 0 0 0 
_1.ptx 1025 : 4096 0 0 0 0 0 0 0 0 
_1.ptx 1026 : 4096 29024 0 0 0 0 0 0 0 
_1.ptx 1027 : 4096 25728 0 0 0 0 0 0 0 
_1.ptx 1028 : 4096 25056 0 0 0 0 0 0 0 
_1.ptx 1029 : 4096 25056 0 0 0 0 0 0 0 
_1.ptx 1030 : 4096 29376 0 0 0 0 0 0 0 
_1.ptx 1034 : 163840 996992 0 0 0 0 0 0 0 
_1.ptx 1035 : 163840 2645920 655360 0 0 0 0 0 0 
_1.ptx 1037 : 163840 997888 0 0 0 0 0 0 0 
_1.ptx 1038 : 163840 2801408 655360 0 0 0 0 0 0 
_1.ptx 1039 : 163840 1653088 0 0 0 0 0 0 0 
_1.ptx 1040 : 163840 1654624 0 0 0 0 0 0 0 
_1.ptx 1041 : 163840 1664000 0 0 0 0 0 0 0 
_1.ptx 1042 : 163840 1324608 0 0 0 0 0 0 0 
_1.ptx 1043 : 163840 975104 0 0 0 0 0 0 0 
_1.ptx 1045 : 4096 0 0 0 0 0 0 0 0 
_1.ptx 1046 : 4096 28960 0 0 0 0 0 0 0 
_1.ptx 1047 : 4096 28960 0 0 0 0 0 0 0 
_1.ptx 1048 : 4096 29152 0 0 0 0 0 0 0 
_1.ptx 1049 : 4096 25504 0 0 0 0 0 0 0 
_1.ptx 1050 : 4096 24832 0 0 0 0 0 0 0 
_1.ptx 1051 : 4096 28928 0 0 0 0 0 0 0 
_1.ptx 1055 : 61440 372608 0 0 0 0 0 0 0 
_1.ptx 1056 : 61440 328128 0 0 0 0 0 0 0 
_1.ptx 1057 : 61440 436576 0 0 0 0 0 0 0 
_1.ptx 1058 : 61440 624576 0 0 0 0 0 0 0 
_1.ptx 1059 : 61440 681280 0 0 0 0 0 0 0 
_1.ptx 1060 : 61440 8304352 73088 0 0 0 0 0 0 
_1.ptx 1061 : 61440 680992 0 0 0 0 0 0 0 
_1.ptx 1062 : 61440 8333344 71680 0 0 0 0 0 0 
_1.ptx 1063 : 61440 557696 0 0 0 0 0 0 0 
_1.ptx 1064 : 61440 438560 0 0 0 0 0 0 0 
_1.ptx 1065 : 61440 379712 0 0 0 0 0 0 0 
_1.ptx 1066 : 61440 925920 0 0 0 0 0 0 0 
_1.ptx 1067 : 61440 439648 0 0 0 0 0 0 0 
_1.ptx 1068 : 61440 384512 0 0 0 0 0 0 0 
_1.ptx 1069 : 61440 496672 0 0 0 0 0 0 0 
_1.ptx 1070 : 61440 0 0 0 0 0 0 0 0 
_1.ptx 1072 : 61440 376640 0 0 0 0 0 0 0 
_1.ptx 1073 : 61440 557248 0 0 0 0 0 0 0 
_1.ptx 1075 : 61440 681024 0 0 0 0 0 0 0 
_1.ptx 1076 : 61440 4721792 11136 0 0 0 0 0 0 
_1.ptx 1077 : 61440 373312 0 0 0 0 0 0 0 
_1.ptx 1078 : 61440 557728 0 0 0 0 0 0 0 
_1.ptx 1079 : 61440 379808 0 0 0 0 0 0 0 
_1.ptx 1081 : 61440 681632 0 0 0 0 0 0 0 
_1.ptx 1082 : 61440 4512576 9984 0 0 0 0 0 0 
_1.ptx 1083 : 61440 373920 0 0 0 0 0 0 0 
_1.ptx 1084 : 61440 680576 0 0 0 0 0 0 0 
_1.ptx 1085 : 61440 355968 0 0 0 0 0 0 0 
_1.ptx 1087 : 61440 620736 0 0 0 0 0 0 0 
_1.ptx 1088 : 61440 621952 0 0 0 0 0 0 0 
_1.ptx 1089 : 61440 626240 0 0 0 0 0 0 0 
_1.ptx 1090 : 61440 496480 0 0 0 0 0 0 0 
_1.ptx 1091 : 61440 349440 0 0 0 0 0 0 0 
_1.ptx 1092 : 4096 24928 0 0 0 0 0 0 0 
_1.ptx 1096 : 4096 0 0 0 0 0 0 0 0 
_1.ptx 1097 : 4096 29184 0 0 0 0 0 0 0 
_1.ptx 1098 : 4096 45632 0 0 0 0 0 0 0 
_1.ptx 1099 : 4096 31424 0 0 0 0 0 0 0 
_1.ptx 1100 : 4096 41952 0 0 0 0 0 0 0 
_1.ptx 1101 : 4096 45600 0 0 0 0 0 0 0 
_1.ptx 1102 : 4096 45664 0 0 0 0 0 0 0 
_1.ptx 1103 : 4096 46016 0 0 0 0 0 0 0 
_1.ptx 1104 : 4096 30144 0 0 0 0 0 0 0 
_1.ptx 1105 : 4096 41952 0 0 0 0 0 0 0 
_1.ptx 1106 : 4096 45248 0 0 0 0 0 0 0 
_1.ptx 1107 : 4096 14624 0 0 0 0 0 0 0 
_1.ptx 1108 : 4096 29888 0 0 0 0 0 0 0 
_1.ptx 1112 : 163840 679872 0 0 0 0 0 0 0 
_1.ptx 1113 : 163840 1156768 0 0 0 0 0 0 0 
_1.ptx 1114 : 163840 671552 0 0 0 0 0 0 0 
_1.ptx 1115 : 163840 1481088 0 0 0 0 0 0 0 
_1.ptx 1116 : 163840 938880 0 0 0 0 0 0 0 
_1.ptx 1118 : 163840 49418912 642816 0 0 0 0 0 0 
_1.ptx 1119 : 163840 1807168 0 0 0 0 0 0 0 
_1.ptx 1120 : 163840 1156288 0 0 0 0 0 0 0 
_1.ptx 1121 : 163840 993376 0 0 0 0 0 0 0 
_1.ptx 1122 : 163840 2462656 0 0 0 0 0 0 0 
_1.ptx 1123 : 163840 1155392 0 0 0 0 0 0 0 
_1.ptx 1124 : 163840 8963648 0 0 0 0 0 0 0 
_1.ptx 1125 : 163840 48345632 625536 0 0 0 0 0 0 
_1.ptx 1126 : 163840 1807232 0 0 0 0 0 0 0 
_1.ptx 1127 : 163840 1806624 0 0 0 0 0 0 0 
_1.ptx 1128 : 163840 1155296 0 0 0 0 0 0 0 
_1.ptx 1129 : 163840 842080 0 0 0 0 0 0 0 
_1.ptx 1130 : 163840 1316864 0 0 0 0 0 0 0 
_1.ptx 1131 : 163840 24608 0 0 0 0 0 0 0 
_1.ptx 1133 : 159744 47047552 595712 0 0 0 0 0 0 
_1.ptx 1134 : 159744 1762944 0 0 0 0 0 0 0 
_1.ptx 1135 : 159744 818624 0 0 0 0 0 0 0 
_1.ptx 1137 : 159744 46820896 587008 0 0 0 0 0 0 
_1.ptx 1138 : 159744 1762752 0 0 0 0 0 0 0 
_1.ptx 1139 : 159744 1129600 0 0 0 0 0 0 0 
_1.ptx 1140 : 159744 984352 0 0 0 0 0 0 0 
_1.ptx 1141 : 159744 2401280 0 0 0 0 0 0 0 
_1.ptx 1142 : 159744 1126752 0 0 0 0 0 0 0 
_1.ptx 1143 : 159744 8560864 0 0 0 0 0 0 0 
_1.ptx 1144 : 159744 1762176 0 0 0 0 0 0 0 
_1.ptx 1145 : 159744 815584 0 0 0 0 0 0 0 
_1.ptx 1147 : 163840 1644192 0 0 0 0 0 0 0 
_1.ptx 1148 : 163840 1650528 0 0 0 0 0 0 0 
_1.ptx 1149 : 163840 1654944 0 0 0 0 0 0 0 
_1.ptx 1150 : 163840 1655424 0 0 0 0 0 0 0 
_1.ptx 1151 : 163840 1657632 0 0 0 0 0 0 0 
_1.ptx 1152 : 163840 1321344 0 0 0 0 0 0 0 
_1.ptx 1153 : 163840 966048 0 0 0 0 0 0 0 
_1.ptx 1155 : 4096 0 0 0 0 0 0 0 0 
_1.ptx 1156 : 4096 28928 0 0 0 0 0 0 0 
_1.ptx 1157 : 4096 25344 0 0 0 0 0 0 0 
_1.ptx 1158 : 4096 12288 0 0 0 0 0 0 0 
_1.ptx 1159 : 4096 24704 0 0 0 0 0 0 0 
_1.ptx 1160 : 4096 24640 0 0 0 0 0 0 0 
_1.ptx 1161 : 4096 28832 0 0 0 0 0 0 0 
_1.ptx 1165 : 163840 1147488 0 0 0 0 0 0 0 
_1.ptx 1166 : 163840 46039040 655360 0 0 0 0 0 0 
_1.ptx 1167 : 163840 1802880 0 0 0 0 0 0 0 
_1.ptx 1168 : 163840 1147296 0 0 0 0 0 0 0 
_1.ptx 1169 : 163840 983680 0 0 0 0 0 0 0 
_1.ptx 1170 : 163840 2458432 0 0 0 0 0 0 0 
_1.ptx 1171 : 163840 116575456 0 0 0 0 0 0 0 
_1.ptx 1172 : 163840 1147424 0 0 0 0 0 0 0 
_1.ptx 1173 : 163840 1638848 0 0 0 0 0 0 0 
_1.ptx 1174 : 163840 1638912 0 0 0 0 0 0 0 
_1.ptx 1175 : 163840 1311104 0 0 0 0 0 0 0 
_1.ptx 1176 : 163840 958816 0 0 0 0 0 0 0 
_1.ptx 1177 : 4096 24576 0 0 0 0 0 0 0 
_1.ptx 1182 : 4096 45056 0 0 0 0 0 0 0 
_1.ptx 1183 : 4096 0 0 0 0 0 0 0 0 
_1.ptx 1184 : 4096 28704 0 0 0 0 0 0 0 
_1.ptx 1185 : 4096 12288 0 0 0 0 0 0 0 
_1.ptx 1186 : 4096 45056 0 0 0 0 0 0 0 
_1.ptx 1187 : 4096 24576 0 0 0 0 0 0 0 
_1.ptx 1188 : 4096 28704 0 0 0 0 0 0 0 
_1.ptx 1189 : 4096 28800 0 0 0 0 0 0 0 
_1.ptx 1190 : 4096 24608 0 0 0 0 0 0 0 
_1.ptx 1191 : 4096 28672 0 0 0 0 0 0 0 
_1.ptx 1195 : 163840 35777920 337792 0 0 0 0 0 0 
_1.ptx 1196 : 163840 1805280 0 0 0 0 0 0 0 
_1.ptx 1197 : 163840 1148352 0 0 0 0 0 0 0 
_1.ptx 1198 : 163840 992800 0 0 0 0 0 0 0 
_1.ptx 1199 : 163840 2460416 0 0 0 0 0 0 0 
_1.ptx 1200 : 163840 125047584 0 0 0 0 0 0 0 
_1.ptx 1201 : 163840 1147200 0 0 0 0 0 0 0 
_1.ptx 1202 : 163840 819936 0 0 0 0 0 0 0 
_1.ptx 1203 : 163840 1638592 0 0 0 0 0 0 0 
_1.ptx 1204 : 163840 1638688 0 0 0 0 0 0 0 
_1.ptx 1205 : 163840 1310816 0 0 0 0 0 0 0 
_1.ptx 1206 : 163840 958464 0 0 0 0 0 0 0 
_1.ptx 1209 : 4096 28800 0 0 0 0 0 0 0 
_1.ptx 1210 : 4096 0 0 0 0 0 0 0 0 
_1.ptx 1211 : 4096 28672 0 0 0 0 0 0 0 
_1.ptx 1212 : 4096 28768 0 0 0 0 0 0 0 
_1.ptx 1213 : 4096 540704 0 0 0 0 0 0 0 
_1.ptx 1214 : 4096 45088 0 0 0 0 0 0 0 
_1.ptx 1215 : 4096 28864 0 0 0 0 0 0 0 
_1.ptx 1219 : 163840 46657024 648576 0 0 0 0 0 0 
_1.ptx 1220 : 163840 1805088 0 0 0 0 0 0 0 
_1.ptx 1221 : 163840 824608 0 0 0 0 0 0 0 
_1.ptx 1222 : 163840 1641312 0 0 0 0 0 0 0 
_1.ptx 1223 : 163840 1644576 0 0 0 0 0 0 0 
_1.ptx 1224 : 163840 1313696 0 0 0 0 0 0 0 
_1.ptx 1225 : 163840 960512 0 0 0 0 0 0 0 
_1.ptx 1228 : 4096 20768 16384 0 0 128 128 0 0 
_1.ptx 1230 : 4096 28928 0 0 0 0 0 0 0 
_1.ptx 1231 : 4096 0 0 0 0 0 0 0 0 
_1.ptx 1232 : 4096 28928 0 0 0 0 0 0 0 
_1.ptx 1233 : 4096 41056 0 0 0 0 0 0 0 
_1.ptx 1234 : 4096 28832 0 0 0 0 0 0 0 
_1.ptx 1237 : 163840 1319712 0 0 0 0 0 0 0 
_1.ptx 1238 : 163840 0 0 0 0 0 0 0 0 
_1.ptx 1239 : 163840 1809344 0 0 0 0 0 0 0 
_1.ptx 1240 : 163840 1648384 0 0 0 0 0 0 0 
_1.ptx 1241 : 163840 1812768 0 0 0 0 0 0 0 
_1.ptx 1242 : 163840 1856160 0 0 0 0 0 0 0 
_1.ptx 1243 : 163840 1175840 0 0 0 0 0 0 0 
_1.ptx 1244 : 163840 1726656 0 0 0 0 0 0 0 
_1.ptx 1245 : 163840 1815200 0 0 0 0 0 0 0 
_1.ptx 1246 : 163840 1174112 0 0 0 0 0 0 0 
_1.ptx 1247 : 163840 1678240 0 0 0 0 0 0 0 
_1.ptx 1248 : 163840 1809120 0 0 0 0 0 0 0 
_1.ptx 1249 : 163840 1812032 0 0 0 0 0 0 0 
_1.ptx 1250 : 163840 1160192 0 0 0 0 0 0 0 
_1.ptx 1251 : 163840 1679680 0 0 0 0 0 0 0 
_1.ptx 1252 : 163840 1809504 0 0 0 0 0 0 0 
_1.ptx 1253 : 163840 1810400 0 0 0 0 0 0 0 
_1.ptx 1254 : 163840 1810720 0 0 0 0 0 0 0 
_1.ptx 1255 : 163840 1162656 0 0 0 0 0 0 0 
_1.ptx 1256 : 163840 1686112 0 0 0 0 0 0 0 
_1.ptx 1257 : 163840 1808640 0 0 0 0 0 0 0 
_1.ptx 1258 : 163840 496640 0 0 0 0 0 0 0 
_1.ptx 1259 : 163840 993728 0 0 0 0 0 0 0 
_1.ptx 1260 : 163840 1173184 0 0 0 0 0 0 0 
_1.ptx 1264 : 9748480 2842912896 38703744 0 0 0 0 0 0 
_1.ptx 1265 : 9748480 39761120 0 0 0 0 0 0 0 
_1.ptx 1266 : 9748480 2949184192 38993920 0 0 0 0 0 0 
_1.ptx 1267 : 9748480 107612032 0 0 0 0 0 0 0 
_1.ptx 1268 : 9748480 88070752 0 0 0 0 0 0 0 
_1.ptx 1270 : 9748480 2834568032 38993920 0 0 0 0 0 0 
_1.ptx 1271 : 9748480 68938560 0 0 0 0 0 0 0 
_1.ptx 1272 : 9748480 107705984 0 0 0 0 0 0 0 
_1.ptx 1273 : 9748480 69148896 0 0 0 0 0 0 0 
_1.ptx 1274 : 9748480 60907584 0 0 0 0 0 0 0 
_1.ptx 1275 : 9748480 146616960 0 0 0 0 0 0 0 
_1.ptx 1276 : 9748480 68996032 0 0 0 0 0 0 0 
_1.ptx 1277 : 9748480 449876416 0 0 0 0 0 0 0 
_1.ptx 1279 : 9748480 107651040 0 0 0 0 0 0 0 
_1.ptx 1280 : 9748480 107640544 0 0 0 0 0 0 0 
_1.ptx 1281 : 9748480 107653696 0 0 0 0 0 0 0 
_1.ptx 1282 : 9748480 449821440 0 0 0 0 0 0 0 
_1.ptx 1283 : 9748480 88215136 0 0 0 0 0 0 0 
_1.ptx 1284 : 9748480 49434176 0 0 0 0 0 0 0 
_1.ptx 1285 : 9748480 98009184 0 0 0 0 0 0 0 
_1.ptx 1286 : 9748480 98237920 0 0 0 0 0 0 0 
_1.ptx 1287 : 9748480 98501088 0 0 0 0 0 0 0 
_1.ptx 1288 : 9748480 98485408 0 0 0 0 0 0 0 
_1.ptx 1289 : 9748480 98663424 0 0 0 0 0 0 0 
_1.ptx 1290 : 9748480 60478944 0 0 0 0 0 0 0 
_1.ptx 1291 : 9748480 78523232 0 0 0 0 0 0 0 
_1.ptx 1292 : 9748480 57990912 0 0 0 0 0 0 0 
_1.ptx 1294 : 163840 1647360 0 0 0 0 0 0 0 
_1.ptx 1295 : 163840 996480 0 0 0 0 0 0 0 
_1.ptx 1296 : 163840 1320384 0 0 0 0 0 0 0 
_1.ptx 1297 : 163840 970048 0 0 0 0 0 0 0 
_1.ptx 1300 : 4096 1160480 16384 0 0 0 0 0 0 
_1.ptx 1301 : 4096 20576 16384 0 0 128 128 0 0 
_1.ptx 1302 : 4096 45184 0 0 0 0 0 0 0 
_1.ptx 1303 : 4096 45120 0 0 0 0 0 0 0 
_1.ptx 1304 : 4096 45184 0 0 0 0 0 0 0 
_1.ptx 1305 : 4096 25024 0 0 0 0 0 0 0 
_1.ptx 1306 : 4096 32832 0 0 0 0 0 0 0 
_1.ptx 1307 : 4096 0 0 0 0 0 0 0 0 
_1.ptx 1310 : 4096 24672 0 0 0 0 0 0 0 
_1.ptx 1329 : 4096 24576 0 0 0 0 0 0 0 
_1.ptx 1330 : 4096 24576 0 0 0 0 0 0 0 
_1.ptx 1331 : 4096 60672 0 0 0 0 0 0 0 
_1.ptx 1332 : 4096 24576 0 0 0 0 0 0 0 
_1.ptx 1333 : 4096 45504 0 0 0 0 0 0 0 
_1.ptx 1334 : 4096 28800 0 0 0 0 0 0 0 
_1.ptx 1335 : 4096 24576 0 0 0 0 0 0 0 
_1.ptx 1336 : 4096 33344 0 0 0 0 0 0 0 
_1.ptx 1337 : 4096 0 0 0 0 0 0 0 0 
_1.ptx 1338 : 4096 1040704 128 0 0 0 0 0 0 
_1.ptx 1339 : 4096 24576 0 0 0 0 0 0 0 
_1.ptx 1340 : 4096 32832 0 0 0 0 0 0 0 
_1.ptx 1341 : 4096 12288 0 0 0 0 0 0 0 
_1.ptx 1342 : 4096 25664 0 0 0 0 0 0 0 
_1.ptx 1343 : 4096 33504 0 0 0 0 0 0 0 
_1.ptx 1344 : 4096 33888 0 0 0 0 0 0 0 
_1.ptx 1345 : 4096 1097248 128 0 0 0 0 0 0 
_1.ptx 1346 : 4096 24864 0 0 0 0 0 0 0 
_1.ptx 1347 : 4096 33120 0 0 0 0 0 0 0 
_1.ptx 1348 : 4096 24704 0 0 0 0 0 0 0 
_1.ptx 1349 : 4096 57056 0 0 0 0 0 0 0 
_1.ptx 1350 : 4096 28672 0 0 0 0 0 0 0 
_1.ptx 1351 : 4096 1049888 128 0 0 0 0 0 0 
_1.ptx 1352 : 4096 28704 0 0 0 0 0 0 0 
_1.ptx 1353 : 4096 53984 0 0 0 0 0 0 0 
_1.ptx 1354 : 4096 47136 0 0 0 0 0 0 0 
_1.ptx 1355 : 4096 41728 0 0 0 0 0 0 0 
_1.ptx 1356 : 4096 27360 0 0 0 0 0 0 0 
_1.ptx 1357 : 4096 29184 0 0 0 0 0 0 0 
_1.ptx 1358 : 4096 29792 0 0 0 0 0 0 0 
_1.ptx 1359 : 4096 28672 0 0 0 0 0 0 0 
_1.ptx 1360 : 4096 30208 0 0 0 0 0 0 0 
_1.ptx 1361 : 4096 30496 0 0 0 0 0 0 0 
_1.ptx 1362 : 4096 29440 0 0 0 0 0 0 0 
_1.ptx 1365 : 4096 0 0 0 0 0 0 0 0 
_1.ptx 1366 : 4096 31424 0 0 0 0 0 0 0 
_1.ptx 1367 : 4096 29440 0 0 0 0 0 0 0 
_1.ptx 1368 : 4096 27808 0 0 0 0 0 0 0 
_1.ptx 1369 : 4096 24640 0 0 0 0 0 0 0 
_1.ptx 1370 : 4096 29920 0 0 0 0 0 0 0 
_1.ptx 1374 : 327680 1988416 0 0 0 0 0 0 0 
_1.ptx 1375 : 327680 33108160 1310720 0 0 0 0 0 0 
_1.ptx 1377 : 327680 1990592 0 0 0 0 0 0 0 
_1.ptx 1378 : 327680 34089792 1310720 0 0 0 0 0 0 
_1.ptx 1379 : 327680 3306080 0 0 0 0 0 0 0 
_1.ptx 1380 : 327680 3310336 0 0 0 0 0 0 0 
_1.ptx 1381 : 327680 3315136 0 0 0 0 0 0 0 
_1.ptx 1382 : 327680 2660096 0 0 0 0 0 0 0 
_1.ptx 1383 : 327680 1974656 0 0 0 0 0 0 0 
_1.ptx 1386 : 4096 0 0 0 0 0 0 0 0 
_1.ptx 1387 : 4096 29888 0 0 0 0 0 0 0 
_1.ptx 1388 : 4096 26048 0 0 0 0 0 0 0 
_1.ptx 1389 : 4096 29632 0 0 0 0 0 0 0 
_1.ptx 1393 : 163840 1715456 0 0 0 0 0 0 0 
_1.ptx 1394 : 163840 1231136 0 0 0 0 0 0 0 
_1.ptx 1395 : 163840 1384448 0 0 0 0 0 0 0 
_1.ptx 1396 : 163840 0 0 0 0 0 0 0 0 
_1.ptx 1397 : 163840 1873312 0 0 0 0 0 0 0 
_1.ptx 1398 : 163840 1727200 0 0 0 0 0 0 0 
_1.ptx 1399 : 163840 628896 0 0 0 0 0 0 0 
_1.ptx 1400 : 163840 2503040 0 0 0 0 0 0 0 
_1.ptx 1401 : 163840 1242112 0 0 0 0 0 0 0 
_1.ptx 1402 : 163840 2668320 0 0 0 0 0 0 0 
_1.ptx 1403 : 163840 1866464 0 0 0 0 0 0 0 
_1.ptx 1404 : 163840 1295552 0 0 0 0 0 0 0 
_1.ptx 1405 : 163840 1855552 0 0 0 0 0 0 0 
_1.ptx 1406 : 163840 1861024 0 0 0 0 0 0 0 
_1.ptx 1407 : 163840 49532352 655360 0 0 0 0 0 0 
_1.ptx 1408 : 163840 1856704 0 0 0 0 0 0 0 
_1.ptx 1409 : 163840 1237504 0 0 0 0 0 0 0 
_1.ptx 1410 : 163840 1147168 0 0 0 0 0 0 0 
_1.ptx 1411 : 163840 1249792 0 0 0 0 0 0 0 
_1.ptx 1415 : 9748480 110380800 0 0 0 0 0 0 0 
_1.ptx 1416 : 9748480 72351552 0 0 0 0 0 0 0 
_1.ptx 1417 : 9748480 115064320 0 0 0 0 0 0 0 
_1.ptx 1418 : 9748480 110023872 0 0 0 0 0 0 0 
_1.ptx 1419 : 9748480 42147904 512 0 0 0 0 0 0 
_1.ptx 1421 : 9748480 110461280 0 0 0 0 0 0 0 
_1.ptx 1422 : 9748480 2422993536 28824448 0 0 0 0 0 0 
_1.ptx 1423 : 9748480 110670048 0 0 0 0 0 0 0 
_1.ptx 1424 : 9748480 110669728 0 0 0 0 0 0 0 
_1.ptx 1425 : 9748480 73336096 0 0 0 0 0 0 0 
_1.ptx 1426 : 9748480 65301856 0 0 0 0 0 0 0 
_1.ptx 1427 : 9748480 149463712 0 0 0 0 0 0 0 
_1.ptx 1428 : 9748480 72073120 0 0 0 0 0 0 0 
_1.ptx 1429 : 9748480 466379744 0 0 0 0 0 0 0 
_1.ptx 1430 : 9748480 110578560 0 0 0 0 0 0 0 
_1.ptx 1432 : 9748480 111034144 0 0 0 0 0 0 0 
_1.ptx 1433 : 9748480 73289984 0 0 0 0 0 0 0 
_1.ptx 1434 : 9748480 74991872 0 0 0 0 0 0 0 
_1.ptx 1435 : 9748480 74919712 0 0 0 0 0 0 0 
_1.ptx 1436 : 9748480 68728352 0 0 0 0 0 0 0 
_1.ptx 1437 : 9748480 149569088 0 0 0 0 0 0 0 
_1.ptx 1438 : 9748480 148108992 0 0 0 0 0 0 0 
_1.ptx 1439 : 9748480 157508320 0 0 0 0 0 0 0 
_1.ptx 1440 : 9748480 72080256 0 0 0 0 0 0 0 
_1.ptx 1441 : 9748480 63708032 0 0 0 0 0 0 0 
_1.ptx 1442 : 9748480 111889568 0 0 0 0 0 0 0 
_1.ptx 1443 : 9748480 151182368 0 0 0 0 0 0 0 
_1.ptx 1444 : 9748480 111195552 0 0 0 0 0 0 0 
_1.ptx 1445 : 9748480 50347392 0 0 0 0 0 0 0 
_1.ptx 1446 : 9748480 102273120 0 0 0 0 0 0 0 
_1.ptx 1447 : 9748480 102702176 0 0 0 0 0 0 0 
_1.ptx 1448 : 9748480 81946112 0 0 0 0 0 0 0 
_1.ptx 1449 : 9748480 61166272 0 0 0 0 0 0 0 
_1.ptx 1451 : 163840 1231104 0 0 0 0 0 0 0 
_1.ptx 1452 : 163840 1378784 0 0 0 0 0 0 0 
_1.ptx 1453 : 163840 1019808 0 0 0 0 0 0 0 
_1.ptx 1456 : 4096 0 0 0 0 0 0 0 0 
_1.ptx 1457 : 4096 45664 0 0 0 0 0 0 0 
_1.ptx 1458 : 4096 30208 0 0 0 0 0 0 0 
_1.ptx 1459 : 4096 27264 0 0 0 0 0 0 0 
_1.ptx 1460 : 4096 30752 0 0 0 0 0 0 0 
_1.ptx 1461 : 4096 372320 0 0 0 0 0 0 0 
_1.ptx 1462 : 4096 46432 0 0 0 0 0 0 0 
_1.ptx 1463 : 4096 30944 0 0 0 0 0 0 0 
_1.ptx 1464 : 4096 30880 0 0 0 0 0 0 0 
_1.ptx 1465 : 4096 12320 0 0 0 0 0 0 0 
_1.ptx 1466 : 4096 26976 0 0 0 0 0 0 0 
_1.ptx 1467 : 4096 26880 0 0 0 0 0 0 0 
_1.ptx 1468 : 4096 30400 0 0 0 0 0 0 0 
_1.ptx 1472 : 163840 1181568 0 0 0 0 0 0 0 
_1.ptx 1473 : 163840 34738048 305408 0 0 0 0 0 0 
_1.ptx 1474 : 163840 1815968 0 0 0 0 0 0 0 
_1.ptx 1475 : 163840 1169248 0 0 0 0 0 0 0 
_1.ptx 1476 : 163840 1010016 0 0 0 0 0 0 0 
_1.ptx 1477 : 163840 2470400 0 0 0 0 0 0 0 
_1.ptx 1478 : 163840 78583200 0 0 0 0 0 0 0 
_1.ptx 1479 : 163840 1158368 0 0 0 0 0 0 0 
_1.ptx 1481 : 163840 1488960 0 0 0 0 0 0 0 
_1.ptx 1483 : 163840 833248 655360 0 0 0 0 0 0 
_1.ptx 1485 : 163840 821472 655360 0 0 0 0 0 0 
_1.ptx 1486 : 163840 1662432 0 0 0 0 0 0 0 
_1.ptx 1487 : 163840 1669888 0 0 0 0 0 0 0 
_1.ptx 1488 : 163840 1680992 0 0 0 0 0 0 0 
_1.ptx 1489 : 163840 1677344 0 0 0 0 0 0 0 
_1.ptx 1490 : 163840 1449056 0 0 0 0 0 0 0 
_1.ptx 1491 : 163840 982400 0 0 0 0 0 0 0 
_1.ptx 1493 : 4096 0 0 0 0 0 0 0 0 
_1.ptx 1494 : 4096 28736 0 0 0 0 0 0 0 
_1.ptx 1495 : 4096 29024 0 0 0 0 0 0 0 
_1.ptx 1496 : 4096 28896 0 0 0 0 0 0 0 
_1.ptx 1497 : 4096 25280 0 0 0 0 0 0 0 
_1.ptx 1498 : 4096 24864 0 0 0 0 0 0 0 
_1.ptx 1499 : 4096 28864 0 0 0 0 0 0 0 
_1.ptx 1503 : 61440 325856 256 0 0 0 0 0 0 
_1.ptx 1504 : 61440 432896 0 0 0 0 0 0 0 
_1.ptx 1505 : 61440 10666080 0 0 0 0 0 0 0 
_1.ptx 1506 : 61440 676896 0 0 0 0 0 0 0 
_1.ptx 1507 : 61440 4344864 32128 0 0 0 0 0 0 
_1.ptx 1508 : 61440 333728 256 0 0 0 0 0 0 
_1.ptx 1509 : 61440 677344 0 0 0 0 0 0 0 
_1.ptx 1510 : 61440 4504512 36352 0 0 0 0 0 0 
_1.ptx 1511 : 61440 554720 0 0 0 0 0 0 0 
_1.ptx 1512 : 61440 432960 0 0 0 0 0 0 0 
_1.ptx 1513 : 61440 372192 0 0 0 0 0 0 0 
_1.ptx 1514 : 61440 924032 0 0 0 0 0 0 0 
_1.ptx 1515 : 61440 435200 0 0 0 0 0 0 0 
_1.ptx 1517 : 61440 437600 0 0 0 0 0 0 0 
_1.ptx 1518 : 61440 439744 0 0 0 0 0 0 0 
_1.ptx 1519 : 61440 393440 0 0 0 0 0 0 0 
_1.ptx 1520 : 61440 989408 0 0 0 0 0 0 0 
_1.ptx 1521 : 61440 437920 0 0 0 0 0 0 0 
_1.ptx 1522 : 61440 376576 0 0 0 0 0 0 0 
_1.ptx 1523 : 61440 495104 0 0 0 0 0 0 0 
_1.ptx 1524 : 61440 558208 0 0 0 0 0 0 0 
_1.ptx 1525 : 61440 621696 0 0 0 0 0 0 0 
_1.ptx 1526 : 61440 621792 0 0 0 0 0 0 0 
_1.ptx 1527 : 61440 622688 0 0 0 0 0 0 0 
_1.ptx 1528 : 61440 493760 0 0 0 0 0 0 0 
_1.ptx 1529 : 61440 346144 0 0 0 0 0 0 0 
_1.ptx 1530 : 4096 24672 0 0 0 0 0 0 0 
_1.ptx 1534 : 4096 0 0 0 0 0 0 0 0 
_1.ptx 1535 : 4096 28928 0 0 0 0 0 0 0 
_1.ptx 1536 : 4096 24768 0 0 0 0 0 0 0 
_1.ptx 1537 : 4096 12288 0 0 0 0 0 0 0 
_1.ptx 1538 : 4096 24704 0 0 0 0 0 0 0 
_1.ptx 1539 : 4096 24992 0 0 0 0 0 0 0 
_1.ptx 1540 : 4096 29024 0 0 0 0 0 0 0 
_1.ptx 1544 : 163840 1152576 0 0 0 0 0 0 0 
_1.ptx 1545 : 163840 46304128 655360 0 0 0 0 0 0 
_1.ptx 1546 : 163840 1805024 0 0 0 0 0 0 0 
_1.ptx 1547 : 163840 1150464 0 0 0 0 0 0 0 
_1.ptx 1548 : 163840 986976 0 0 0 0 0 0 0 
_1.ptx 1549 : 163840 2459168 0 0 0 0 0 0 0 
_1.ptx 1550 : 163840 78712768 0 0 0 0 0 0 0 
_1.ptx 1551 : 163840 1148672 0 0 0 0 0 0 0 
_1.ptx 1552 : 163840 1642784 0 0 0 0 0 0 0 
_1.ptx 1553 : 163840 1643328 0 0 0 0 0 0 0 
_1.ptx 1554 : 163840 1313632 0 0 0 0 0 0 0 
_1.ptx 1555 : 163840 966976 0 0 0 0 0 0 0 
_1.ptx 1556 : 4096 24576 0 0 0 0 0 0 0 
_1.ptx 1561 : 4096 45056 0 0 0 0 0 0 0 
_1.ptx 1563 : 4096 20480 16384 0 0 128 128 0 0 
_1.ptx 1564 : 4096 45088 0 0 0 0 0 0 0 
_1.ptx 1565 : 4096 45120 0 0 0 0 0 0 0 
_1.ptx 1566 : 4096 25024 0 0 0 0 0 0 0 
_1.ptx 1567 : 4096 32768 0 0 0 0 0 0 0 
_1.ptx 1568 : 4096 0 0 0 0 0 0 0 0 
_1.ptx 1571 : 4096 24576 0 0 0 0 0 0 0 
