kernel line : count latency dram_traffic smem_bk_conflicts smem_warp gmem_access_generated gmem_warp exposed_latency warp_divergence
_1.ptx 1741 : 875211 5103252 0 0 0 0 0 0 51 
_1.ptx 1744 : 26112 157664 0 0 0 0 0 0 0 
_1.ptx 1746 : 26112 81920 0 0 0 0 0 0 0 
_1.ptx 1747 : 26112 289920 0 0 0 0 0 0 0 
_1.ptx 1748 : 26112 116288 0 0 0 0 0 0 0 
_1.ptx 1749 : 26112 94528 0 0 0 0 0 0 0 
_1.ptx 1750 : 26112 299744 0 0 0 0 0 0 0 
_1.ptx 1751 : 26112 288416 0 0 0 0 0 0 0 
_1.ptx 1752 : 26112 184768 0 0 0 0 0 0 0 
_1.ptx 1753 : 26112 267680 0 0 0 0 0 0 0 
_1.ptx 1754 : 26112 288352 0 0 0 0 0 0 0 
_1.ptx 1755 : 26112 2036928 6528 0 0 816 816 0 0 
_1.ptx 1756 : 26112 287328 0 0 0 0 0 0 0 
_1.ptx 1757 : 26112 1214560 1024 0 0 816 816 0 0 
_1.ptx 1758 : 26112 290912 0 0 0 0 0 0 0 
_1.ptx 1760 : 26112 105888 0 0 0 0 0 0 0 
_1.ptx 1761 : 26112 288128 0 0 0 0 0 0 0 
_1.ptx 1762 : 26112 1995840 6528 0 0 816 816 0 0 
_1.ptx 1763 : 26112 288320 0 0 0 0 0 0 0 
_1.ptx 1764 : 26112 1202208 896 0 0 816 816 0 0 
_1.ptx 1765 : 26112 291360 0 0 0 0 0 0 0 
_1.ptx 1767 : 26112 210176 0 0 0 0 0 0 0 
_1.ptx 1768 : 26112 79264 0 0 0 0 0 0 0 
_1.ptx 1769 : 26112 210656 0 0 0 0 0 0 0 
_1.ptx 1770 : 26112 0 0 0 0 0 0 0 0 
_1.ptx 1771 : 26112 289344 0 0 0 0 0 0 0 
_1.ptx 1772 : 26112 264320 0 0 0 0 0 0 0 
_1.ptx 1773 : 26112 187936 0 0 0 0 0 0 0 
_1.ptx 1774 : 26112 158080 0 0 0 0 0 0 0 
_1.ptx 1775 : 26112 211840 0 0 0 0 0 0 0 
_1.ptx 1776 : 26112 288960 0 0 0 0 0 0 0 
_1.ptx 1777 : 26112 187584 0 0 0 0 0 0 0 
_1.ptx 1778 : 26112 184704 0 0 0 0 0 0 0 
_1.ptx 1779 : 26112 78336 0 0 0 0 0 0 0 
_1.ptx 1780 : 26112 361024 0 0 0 0 0 0 0 
_1.ptx 1781 : 26112 295360 0 0 0 0 0 0 0 
_1.ptx 1782 : 26112 293408 0 0 0 0 0 0 0 
_1.ptx 1783 : 26112 111136 0 0 0 0 0 0 0 
_1.ptx 1784 : 26112 289792 0 0 0 0 0 0 0 
_1.ptx 1785 : 26112 191424 0 0 0 0 0 0 0 
_1.ptx 1789 : 875211 5297716 0 0 0 0 0 0 0 
_1.ptx 1790 : 875211 5317587 0 0 0 0 0 0 0 
_1.ptx 1791 : 875211 7029930 0 0 0 0 0 0 0 
_1.ptx 1792 : 875211 7940414 0 0 0 0 0 0 0 
_1.ptx 1793 : 875211 4429078 3502272 0 0 27387 27387 0 0 
_1.ptx 1794 : 875211 8766071 0 0 0 0 0 0 0 
_1.ptx 1795 : 875211 8825792 0 0 0 0 0 0 0 
_1.ptx 1796 : 875211 7025016 0 0 0 0 0 0 0 
_1.ptx 1797 : 875211 5120866 0 0 0 0 0 0 51 
_1.ptx 1800 : 26112 161344 0 0 0 0 0 0 0 
_1.ptx 1802 : 26112 185280 0 0 0 0 0 0 0 
_1.ptx 1803 : 26112 79200 0 0 0 0 0 0 0 
_1.ptx 1804 : 26112 209984 0 0 0 0 0 0 0 
_1.ptx 1805 : 26112 0 0 0 0 0 0 0 0 
_1.ptx 1806 : 26112 288736 0 0 0 0 0 0 0 
_1.ptx 1807 : 26112 262784 0 0 0 0 0 0 0 
_1.ptx 1808 : 26112 186560 0 0 0 0 0 0 0 
_1.ptx 1809 : 26112 161216 0 0 0 0 0 0 0 
_1.ptx 1810 : 26112 210304 0 0 0 0 0 0 0 
_1.ptx 1811 : 26112 288352 0 0 0 0 0 0 0 
_1.ptx 1812 : 26112 184480 0 0 0 0 0 0 0 
_1.ptx 1813 : 26112 185376 0 0 0 0 0 0 0 
_1.ptx 72 : 52224 1457888 128 0 0 0 0 0 0 
_1.ptx 1814 : 26112 276256 0 0 0 0 0 0 0 
_1.ptx 73 : 52224 315200 0 0 0 0 0 0 0 
_1.ptx 1815 : 26112 110592 0 0 0 0 0 0 0 
_1.ptx 74 : 52224 421088 0 0 0 0 0 0 0 
_1.ptx 1816 : 26112 108192 0 0 0 0 0 0 0 
_1.ptx 75 : 52224 158336 0 0 0 0 0 0 0 
_1.ptx 1817 : 26112 288160 0 0 0 0 0 0 0 
_1.ptx 1818 : 26112 288256 0 0 0 0 0 0 0 
_1.ptx 77 : 26112 156960 0 0 0 0 0 0 0 
_1.ptx 1819 : 26112 78912 0 0 0 0 0 0 0 
_1.ptx 78 : 26112 157120 0 0 0 0 0 0 0 
_1.ptx 1820 : 26112 78816 0 0 0 0 0 0 0 
_1.ptx 79 : 26112 183936 0 0 0 0 0 0 0 
_1.ptx 1821 : 26112 407264 256 0 0 0 0 0 0 
_1.ptx 80 : 26112 271392 0 0 0 0 0 0 0 
_1.ptx 1822 : 26112 78624 0 0 0 0 0 0 0 
_1.ptx 81 : 26112 287872 0 0 0 0 0 0 0 
_1.ptx 1823 : 26112 183712 0 0 0 0 0 0 0 
_1.ptx 82 : 26112 1218912 6528 0 0 0 0 0 0 
_1.ptx 83 : 26112 1215712 0 0 0 0 0 0 0 
_1.ptx 84 : 26112 184096 0 0 0 0 0 0 0 
_1.ptx 85 : 26112 268864 0 0 0 0 0 0 0 
_1.ptx 1827 : 875211 8784078 0 0 0 0 0 0 0 
_1.ptx 86 : 26112 287712 0 0 0 0 0 0 0 
_1.ptx 1828 : 875211 7031196 0 0 0 0 0 0 0 
_1.ptx 87 : 26112 185824 0 0 0 0 0 0 0 
_1.ptx 1829 : 875211 6194975 0 0 0 0 0 0 0 
_1.ptx 88 : 26112 160608 0 0 0 0 0 0 0 
_1.ptx 89 : 26112 157664 0 0 0 0 0 0 0 
_1.ptx 1831 : 875211 133471450 0 0 0 0 0 0 0 
_1.ptx 90 : 26112 210048 0 0 0 0 0 0 0 
_1.ptx 1832 : 875211 8915552 0 0 0 0 0 0 0 
_1.ptx 91 : 26112 156590 0 0 0 0 0 0 51 
_1.ptx 1833 : 875211 5383182 0 0 0 0 0 0 0 
_1.ptx 1834 : 875211 7079745 0 0 0 0 0 0 0 
_1.ptx 93 : 51 212 0 0 0 0 0 0 0 
_1.ptx 1835 : 875211 5262330 0 0 0 0 0 0 6681 
_1.ptx 94 : 51 4835 128 0 0 0 0 0 0 
_1.ptx 95 : 51 561 0 0 0 0 0 0 0 
_1.ptx 1837 : 6681 47617 0 0 0 0 0 0 0 
_1.ptx 96 : 51 360 0 0 0 0 0 0 0 
_1.ptx 97 : 51 563 0 0 0 0 0 0 0 
_1.ptx 1839 : 6681 47417 0 0 0 0 0 0 0 
_1.ptx 98 : 51 514 0 0 0 0 0 0 0 
_1.ptx 99 : 51 359 0 0 0 0 0 0 0 
_1.ptx 100 : 51 516 0 0 0 0 0 0 0 
_1.ptx 1842 : 875211 9661835 0 0 0 0 0 0 0 
_1.ptx 101 : 51 5264 1536 0 0 0 0 0 0 
_1.ptx 1843 : 875211 8857033 0 0 0 0 0 0 0 
_1.ptx 102 : 51 563 0 0 0 0 0 0 0 
_1.ptx 1844 : 875211 9708075 0 0 0 0 0 0 0 
_1.ptx 103 : 51 6326 256 0 0 51 51 0 0 
_1.ptx 1845 : 875211 7056417 0 0 0 0 0 0 0 
_1.ptx 104 : 51 210 0 0 0 0 0 0 0 
_1.ptx 1846 : 875211 8981933 0 0 0 0 0 0 0 
_1.ptx 105 : 51 562 0 0 0 0 0 0 0 
_1.ptx 1847 : 875211 5400650 0 0 0 0 0 0 0 
_1.ptx 106 : 51 303 1632 0 0 51 51 0 0 
_1.ptx 1848 : 875211 7995486 0 0 0 0 0 0 0 
_1.ptx 1849 : 875211 6265082 0 0 0 0 0 0 0 
_1.ptx 108 : 51 207 0 0 0 0 0 0 0 
_1.ptx 1850 : 875211 7059667 0 0 0 0 0 0 0 
_1.ptx 109 : 51 561 0 0 0 0 0 0 0 
_1.ptx 1851 : 875211 7933699 0 0 0 0 0 0 0 
_1.ptx 110 : 51 6509 128 0 0 51 51 0 0 
_1.ptx 1852 : 875211 7124577 0 0 0 0 0 0 0 
_1.ptx 111 : 51 205 0 0 0 0 0 0 0 
_1.ptx 1853 : 875211 0 0 0 0 0 0 0 0 
_1.ptx 112 : 51 561 0 0 0 0 0 0 0 
_1.ptx 1854 : 875211 2663328 0 0 0 0 0 0 0 
_1.ptx 113 : 51 256 1632 0 0 51 51 0 0 
_1.ptx 1855 : 875211 9732770 0 0 0 0 0 0 0 
_1.ptx 1856 : 875211 2656097 0 0 0 0 0 0 0 
_1.ptx 1857 : 875211 7081208 0 0 0 0 0 0 0 
_1.ptx 116 : 26112 184576 0 0 0 0 0 0 0 
_1.ptx 1858 : 875211 7975024 0 0 0 0 0 0 0 
_1.ptx 117 : 26112 433888 128 0 0 0 0 0 0 
_1.ptx 1859 : 875211 10517372 0 0 0 0 0 0 0 
_1.ptx 118 : 26112 209824 0 0 0 0 0 0 0 
_1.ptx 1860 : 875211 8868114 0 0 0 0 0 0 0 
_1.ptx 119 : 26112 0 0 0 0 0 0 0 0 
_1.ptx 1861 : 875211 8871168 0 0 0 0 0 0 0 
_1.ptx 120 : 26112 288000 0 0 0 0 0 0 0 
_1.ptx 1862 : 875211 2645121 0 0 0 0 0 0 0 
_1.ptx 121 : 26112 261792 0 0 0 0 0 0 0 
_1.ptx 1863 : 875211 9688889 0 0 0 0 0 0 0 
_1.ptx 122 : 26112 184448 0 0 0 0 0 0 0 
_1.ptx 1864 : 875211 7092376 0 0 0 0 0 0 0 
_1.ptx 123 : 26112 159872 0 0 0 0 0 0 0 
_1.ptx 1865 : 875211 8869742 0 0 0 0 0 0 0 
_1.ptx 124 : 26112 209952 0 0 0 0 0 0 0 
_1.ptx 1866 : 875211 8998490 0 0 0 0 0 0 0 
_1.ptx 125 : 26112 287744 0 0 0 0 0 0 0 
_1.ptx 1867 : 875211 5501867 0 0 0 0 0 0 0 
_1.ptx 126 : 26112 183648 0 0 0 0 0 0 0 
_1.ptx 1868 : 875211 7958133 0 0 0 0 0 0 0 
_1.ptx 127 : 26112 108512 0 0 0 0 0 0 0 
_1.ptx 1869 : 875211 7132773 0 0 0 0 0 0 0 
_1.ptx 128 : 26112 286688 0 0 0 0 0 0 0 
_1.ptx 1870 : 875211 5577039 0 0 0 0 0 0 0 
_1.ptx 129 : 26112 288608 0 0 0 0 0 0 0 
_1.ptx 1871 : 875211 6229622 0 0 0 0 0 0 0 
_1.ptx 130 : 26112 183616 0 0 0 0 0 0 0 
_1.ptx 131 : 26112 269088 0 0 0 0 0 0 0 
_1.ptx 132 : 26112 287872 0 0 0 0 0 0 0 
_1.ptx 1874 : 8585085 0 0 0 0 0 0 0 0 
_1.ptx 133 : 26112 288672 0 0 0 0 0 0 0 
_1.ptx 1875 : 8585085 94792073 0 0 0 0 0 0 0 
_1.ptx 134 : 26112 79424 0 0 0 0 0 0 0 
_1.ptx 1876 : 8585085 86616853 0 0 0 0 0 0 0 
_1.ptx 135 : 26112 80224 0 0 0 0 0 0 0 
_1.ptx 1877 : 8585085 95135504 0 0 0 0 0 0 0 
_1.ptx 136 : 26112 79616 0 0 0 0 0 0 0 
_1.ptx 1878 : 8585085 63547101 0 0 0 0 0 0 0 
_1.ptx 137 : 26112 183616 0 0 0 0 0 0 0 
_1.ptx 1879 : 8585085 95182725 0 0 0 0 0 0 0 
_1.ptx 1880 : 8585085 94837897 0 0 0 0 0 0 0 
_1.ptx 1881 : 8585085 34723702 0 0 0 0 0 0 0 
_1.ptx 1882 : 8585085 86795617 0 0 0 0 0 0 0 
_1.ptx 141 : 132651 1329975 0 0 0 0 0 0 0 
_1.ptx 1883 : 8585085 95159699 0 0 0 0 0 0 0 
_1.ptx 142 : 132651 1064577 0 0 0 0 0 0 0 
_1.ptx 1884 : 8585085 61342712 0 0 0 0 0 0 0 
_1.ptx 143 : 132651 1332283 0 0 0 0 0 0 0 
_1.ptx 1885 : 8585085 87952736 0 0 0 0 0 0 0 
_1.ptx 1886 : 8585085 94983631 0 0 0 0 0 0 0 
_1.ptx 145 : 132651 20268182 0 0 0 0 0 0 0 
_1.ptx 1887 : 8585085 68022700 0 0 0 0 0 0 0 
_1.ptx 146 : 132651 799549 0 0 0 0 0 0 0 
_1.ptx 147 : 132651 1064106 0 0 0 0 0 0 0 
_1.ptx 148 : 132651 782277 0 0 0 0 0 0 2601 
_1.ptx 1891 : 84212475 1320615750 11587712 0 0 5283702 2686017 0 0 
_1.ptx 150 : 2601 26062 0 0 0 0 0 0 0 
_1.ptx 1892 : 84212475 928494142 0 0 0 0 0 0 0 
_1.ptx 1893 : 84212475 848851453 0 0 0 0 0 0 0 
_1.ptx 152 : 2601 26069 0 0 0 0 0 0 0 
_1.ptx 1894 : 84212475 849167819 0 0 0 0 0 0 0 
_1.ptx 1895 : 84212475 680493310 0 0 0 0 0 0 0 
_1.ptx 1896 : 84212475 463233147 0 0 0 0 0 0 369954 
_1.ptx 155 : 132651 569630 0 0 0 4182 4182 0 0 
_1.ptx 156 : 132651 1466790 0 0 0 0 0 0 0 
_1.ptx 1898 : 8585085 86132298 0 0 0 0 0 0 0 
_1.ptx 157 : 132651 697762 128 0 0 4182 4182 0 0 
_1.ptx 1899 : 8585085 69003300 0 0 0 0 0 0 0 
_1.ptx 158 : 132651 1462018 0 0 0 0 0 0 0 
_1.ptx 1900 : 8585085 46807857 0 0 0 0 0 0 408 
_1.ptx 159 : 132651 1330391 0 0 0 0 0 0 0 
_1.ptx 1901 : 875211 5313634 0 0 0 0 0 0 0 
_1.ptx 160 : 132651 1487997 0 0 0 0 0 0 0 
_1.ptx 161 : 132651 1461826 0 0 0 0 0 0 0 
_1.ptx 162 : 132651 1330839 0 0 0 0 0 0 0 
_1.ptx 163 : 132651 934920 0 0 0 0 0 0 0 
_1.ptx 164 : 132651 1355601 0 0 0 0 0 0 0 
_1.ptx 1906 : 875211 242347557 3494144 0 0 27387 27387 0 0 
_1.ptx 165 : 132651 1461817 0 0 0 0 0 0 0 
_1.ptx 1907 : 875211 9646777 0 0 0 0 0 0 0 
_1.ptx 166 : 132651 30058357 409472 0 0 10569 4182 0 0 
_1.ptx 1908 : 875211 4450313 3502272 0 0 27387 27387 0 0 
_1.ptx 167 : 132651 1490022 0 0 0 0 0 0 0 
_1.ptx 1909 : 875211 8790350 0 0 0 0 0 0 0 
_1.ptx 168 : 132651 1461309 0 0 0 0 0 0 0 
_1.ptx 1910 : 875211 8801902 0 0 0 0 0 0 0 
_1.ptx 169 : 132651 932446 0 0 0 0 0 0 0 
_1.ptx 1911 : 875211 8793614 0 0 0 0 0 0 0 
_1.ptx 170 : 132651 1358936 0 0 0 0 0 0 0 
_1.ptx 1912 : 875211 7056385 0 0 0 0 0 0 0 
_1.ptx 171 : 132651 1460866 0 0 0 0 0 0 0 
_1.ptx 1913 : 875211 5134388 0 0 0 0 0 0 51 
_1.ptx 172 : 132651 802484 482848 0 0 8164 4182 0 0 
_1.ptx 1914 : 26112 157536 0 0 0 0 0 0 0 
_1.ptx 173 : 132651 1329769 0 0 0 0 0 0 0 
_1.ptx 174 : 132651 1065002 0 0 0 0 0 0 0 
_1.ptx 175 : 132651 640523 0 0 0 0 0 0 51 
_1.ptx 1919 : 26112 157664 0 0 0 0 0 0 0 
_1.ptx 178 : 52224 316672 0 0 0 0 0 0 0 
_1.ptx 179 : 52224 317312 0 0 0 0 0 0 0 
_1.ptx 1921 : 26112 185888 0 0 0 0 0 0 0 
_1.ptx 180 : 52224 420160 0 0 0 0 0 0 0 
_1.ptx 1922 : 26112 209920 0 0 0 0 0 0 0 
_1.ptx 181 : 52224 156864 0 0 0 0 0 0 0 
_1.ptx 1923 : 26112 117162 0 0 0 0 0 0 51 
_1.ptx 1924 : 6681 40086 0 0 0 0 0 0 0 
_1.ptx 183 : 26112 159328 0 0 0 0 0 0 0 
_1.ptx 1925 : 6681 40092 0 0 0 0 0 0 0 
_1.ptx 184 : 26112 185472 0 0 0 0 0 0 0 
_1.ptx 1926 : 6681 77337 0 0 0 0 0 0 0 
_1.ptx 185 : 26112 268384 0 0 0 0 0 0 0 
_1.ptx 1927 : 6681 66822 0 0 0 0 0 0 0 
_1.ptx 186 : 26112 288128 0 0 0 0 0 0 0 
_1.ptx 1928 : 6681 47167 0 0 0 0 0 0 0 
_1.ptx 187 : 26112 1328096 5120 0 0 0 0 0 0 
_1.ptx 1929 : 6681 40456 0 0 0 0 0 0 0 
_1.ptx 188 : 26112 1353568 1280 0 0 0 0 0 0 
_1.ptx 1930 : 6681 53841 0 0 0 0 0 0 0 
_1.ptx 189 : 26112 185408 0 0 0 0 0 0 0 
_1.ptx 1931 : 6681 73532 0 0 0 0 0 0 0 
_1.ptx 190 : 26112 269920 0 0 0 0 0 0 0 
_1.ptx 1932 : 6681 46901 0 0 0 0 0 0 0 
_1.ptx 191 : 26112 287936 0 0 0 0 0 0 0 
_1.ptx 1933 : 6681 47262 0 0 0 0 0 0 0 
_1.ptx 192 : 26112 324928 0 0 0 0 0 0 0 
_1.ptx 1934 : 6681 21309 0 0 0 0 0 0 0 
_1.ptx 193 : 26112 1846496 1280 0 0 816 816 0 0 
_1.ptx 1935 : 6681 40281 0 0 0 0 0 0 0 
_1.ptx 194 : 26112 289056 0 0 0 0 0 0 0 
_1.ptx 1936 : 6681 54155 0 0 0 0 0 0 0 
_1.ptx 1937 : 6681 73633 0 0 0 0 0 0 0 
_1.ptx 196 : 26112 431424 0 0 0 0 0 0 0 
_1.ptx 1938 : 6681 73491 0 0 0 0 0 0 0 
_1.ptx 197 : 26112 288480 0 0 0 0 0 0 0 
_1.ptx 1939 : 6681 73491 0 0 0 0 0 0 0 
_1.ptx 198 : 26112 1683872 1152 0 0 816 816 0 0 
_1.ptx 1940 : 6681 40098 0 0 0 0 0 0 0 
_1.ptx 199 : 26112 289216 0 0 0 0 0 0 0 
_1.ptx 1941 : 6681 40110 0 0 0 0 0 0 0 
_1.ptx 1942 : 6681 47728 0 0 0 0 0 0 0 
_1.ptx 201 : 26112 160288 0 0 0 0 0 0 0 
_1.ptx 202 : 26112 185408 0 0 0 0 0 0 0 
_1.ptx 203 : 26112 527104 0 0 0 0 0 0 0 
_1.ptx 1945 : 6681 0 0 0 0 0 0 0 0 
_1.ptx 204 : 26112 210912 0 0 0 0 0 0 0 
_1.ptx 1946 : 6681 46767 0 0 0 0 0 0 0 
_1.ptx 205 : 26112 0 0 0 0 0 0 0 0 
_1.ptx 1947 : 6681 86486 0 0 0 0 0 0 0 
_1.ptx 206 : 26112 288512 0 0 0 0 0 0 0 
_1.ptx 1948 : 6681 46767 0 0 0 0 0 0 0 
_1.ptx 207 : 26112 262048 0 0 0 0 0 0 0 
_1.ptx 1949 : 6681 73910 0 0 0 0 0 0 0 
_1.ptx 208 : 26112 186080 0 0 0 0 0 0 0 
_1.ptx 1950 : 6681 27867 0 0 0 0 0 0 0 
_1.ptx 209 : 26112 160992 0 0 0 0 0 0 0 
_1.ptx 1951 : 6681 49240 0 0 0 0 0 0 0 
_1.ptx 210 : 26112 210816 0 0 0 0 0 0 0 
_1.ptx 1952 : 6681 70170 0 0 0 0 0 0 0 
_1.ptx 211 : 26112 288224 0 0 0 0 0 0 0 
_1.ptx 1953 : 6681 73529 0 0 0 0 0 0 0 
_1.ptx 212 : 26112 185152 0 0 0 0 0 0 0 
_1.ptx 1954 : 6681 46770 0 0 0 0 0 0 0 
_1.ptx 213 : 26112 185056 0 0 0 0 0 0 0 
_1.ptx 214 : 26112 268416 0 0 0 0 0 0 0 
_1.ptx 215 : 26112 612672 0 0 0 0 0 0 0 
_1.ptx 216 : 26112 287968 0 0 0 0 0 0 0 
_1.ptx 1958 : 875211 306072319 3664640 0 0 875211 33405 0 0 
_1.ptx 217 : 26112 228928 0 0 0 0 0 0 0 
_1.ptx 1959 : 875211 6130669 0 0 0 0 0 0 0 
_1.ptx 218 : 26112 230496 0 0 0 0 0 0 0 
_1.ptx 1960 : 875211 7008205 0 0 0 0 0 0 0 
_1.ptx 219 : 26112 232544 0 0 0 0 0 0 0 
_1.ptx 1961 : 875211 5252683 0 0 0 0 0 0 102 
_1.ptx 220 : 26112 184800 0 0 0 0 0 0 0 
_1.ptx 1963 : 510 3570 0 0 0 0 0 0 0 
_1.ptx 1965 : 510 3570 0 0 0 0 0 0 0 
_1.ptx 224 : 334611 3362527 0 0 0 0 0 0 0 
_1.ptx 225 : 334611 2702840 0 0 0 0 0 0 0 
_1.ptx 1967 : 875211 8759251 0 0 0 0 0 0 0 
_1.ptx 226 : 334611 3367776 0 0 0 0 0 0 0 
_1.ptx 1968 : 875211 8760678 0 0 0 0 0 0 0 
_1.ptx 1969 : 875211 7003875 0 0 0 0 0 0 0 
_1.ptx 228 : 334611 50993743 0 0 0 0 0 0 0 
_1.ptx 1970 : 875211 5213695 0 0 0 0 0 0 0 
_1.ptx 229 : 334611 2056759 0 0 0 0 0 0 0 
_1.ptx 230 : 334611 2702040 0 0 0 0 0 0 0 
_1.ptx 231 : 334611 2007689 0 0 0 0 0 0 4080 
_1.ptx 1973 : 6681 93859 0 255 255 0 0 0 0 
_1.ptx 233 : 4131 41524 0 0 0 0 0 0 0 
_1.ptx 1975 : 6681 93894 0 255 255 0 0 0 0 
_1.ptx 1976 : 6681 67037 0 0 0 0 0 0 0 
_1.ptx 235 : 4131 41519 0 0 0 0 0 0 0 
_1.ptx 1977 : 6681 66909 0 0 0 0 0 0 0 
_1.ptx 1978 : 6681 67352 0 0 0 0 0 0 0 
_1.ptx 1979 : 6681 53515 0 0 0 0 0 0 0 
_1.ptx 238 : 334611 3694833 0 0 0 0 0 0 0 
_1.ptx 1980 : 6681 0 0 0 0 0 0 0 0 
_1.ptx 239 : 334611 3692754 0 0 0 0 0 0 0 
_1.ptx 240 : 334611 3363077 0 0 0 0 0 0 0 
_1.ptx 1982 : 26112 158368 0 0 0 0 0 0 0 
_1.ptx 241 : 334611 3742684 0 0 0 0 0 0 0 
_1.ptx 1983 : 26112 158400 0 0 0 0 0 0 0 
_1.ptx 242 : 334611 3692785 0 0 0 0 0 0 0 
_1.ptx 243 : 334611 2369990 0 0 0 0 0 0 0 
_1.ptx 1985 : 26112 158368 0 0 0 0 0 0 0 
_1.ptx 244 : 334611 3411236 0 0 0 0 0 0 0 
_1.ptx 1986 : 26112 160469 0 0 0 0 0 0 51 
_1.ptx 245 : 334611 3689073 0 0 0 0 0 0 0 
_1.ptx 1987 : 51 331 0 0 0 0 0 0 0 
_1.ptx 246 : 334611 93602382 1024000 0 0 24502 10506 0 0 
_1.ptx 1988 : 51 410 0 0 0 0 0 0 0 
_1.ptx 247 : 334611 13424369 1339872 0 0 10506 10506 0 0 
_1.ptx 1989 : 51 0 0 0 0 0 0 0 0 
_1.ptx 248 : 334611 3363841 0 0 0 0 0 0 0 
_1.ptx 1990 : 51 357 0 0 0 0 0 0 0 
_1.ptx 249 : 334611 3362783 0 0 0 0 0 0 0 
_1.ptx 1991 : 51 306 0 0 0 0 0 0 0 
_1.ptx 250 : 334611 2704314 0 0 0 0 0 0 0 
_1.ptx 1992 : 51 357 0 0 0 0 0 0 0 
_1.ptx 251 : 334611 1880052 0 0 0 0 0 0 51 
_1.ptx 1993 : 51 306 0 0 0 0 0 0 0 
_1.ptx 1994 : 51 306 0 0 0 0 0 0 0 
_1.ptx 1995 : 51 306 0 0 0 0 0 0 0 
_1.ptx 254 : 26112 159040 0 0 0 0 0 0 0 
_1.ptx 1996 : 51 357 0 0 0 0 0 0 0 
_1.ptx 256 : 26112 1726688 0 0 0 0 0 0 0 
_1.ptx 257 : 26112 1323872 0 0 0 0 0 0 0 
_1.ptx 1999 : 6681 54825 0 6681 6681 0 0 0 0 
_1.ptx 258 : 26112 183808 0 0 0 0 0 0 0 
_1.ptx 2000 : 6681 54438 0 0 0 0 0 0 0 
_1.ptx 259 : 26112 267680 0 0 0 0 0 0 0 
_1.ptx 2001 : 6681 40538 0 0 0 0 0 0 0 
_1.ptx 260 : 26112 287744 0 0 0 0 0 0 0 
_1.ptx 2002 : 51 415 0 51 51 0 0 0 0 
_1.ptx 261 : 26112 183584 0 0 0 0 0 0 0 
_1.ptx 2004 : 51 361 0 0 0 0 0 0 0 
_1.ptx 263 : 26112 184128 0 0 0 0 0 0 0 
_1.ptx 264 : 26112 872928 0 0 0 0 0 0 0 
_1.ptx 2006 : 51 562 0 0 0 0 0 0 0 
_1.ptx 265 : 26112 209888 0 0 0 0 0 0 0 
_1.ptx 2007 : 51 421 0 51 51 0 0 0 0 
_1.ptx 266 : 26112 0 0 0 0 0 0 0 0 
_1.ptx 267 : 26112 157728 0 0 0 0 0 0 0 
_1.ptx 2009 : 6681 67248 0 0 0 0 0 0 0 
_1.ptx 268 : 26112 288320 0 0 0 0 0 0 0 
_1.ptx 2010 : 6681 67274 0 0 0 0 0 0 0 
_1.ptx 269 : 26112 262144 0 0 0 0 0 0 0 
_1.ptx 2011 : 6681 67971 0 0 0 0 0 0 0 
_1.ptx 270 : 26112 185312 0 0 0 0 0 0 0 
_1.ptx 2012 : 6681 54238 0 0 0 0 0 0 0 
_1.ptx 271 : 26112 159648 0 0 0 0 0 0 0 
_1.ptx 2013 : 6681 40585 0 0 0 0 0 0 0 
_1.ptx 272 : 26112 210272 0 0 0 0 0 0 0 
_1.ptx 2014 : 51 314 0 0 0 0 0 0 0 
_1.ptx 273 : 26112 287808 0 0 0 0 0 0 0 
_1.ptx 274 : 26112 184480 0 0 0 0 0 0 0 
_1.ptx 275 : 26112 185152 0 0 0 0 0 0 0 
_1.ptx 276 : 26112 266080 0 0 0 0 0 0 0 
_1.ptx 277 : 26112 287744 0 0 0 0 0 0 0 
_1.ptx 2019 : 51 513 0 0 0 0 0 0 0 
_1.ptx 278 : 26112 903744 0 0 0 0 0 0 0 
_1.ptx 2020 : 51 410 0 0 0 0 0 0 0 
_1.ptx 279 : 26112 184864 0 0 0 0 0 0 0 
_1.ptx 2021 : 51 519 0 0 0 0 0 0 0 
_1.ptx 2023 : 51 7754 0 0 0 0 0 0 0 
_1.ptx 2024 : 51 318 0 0 0 0 0 0 0 
_1.ptx 283 : 132651 1331977 0 0 0 0 0 0 0 
_1.ptx 2025 : 51 413 0 0 0 0 0 0 0 
_1.ptx 284 : 132651 1066977 0 0 0 0 0 0 0 
_1.ptx 2026 : 51 315 0 0 0 0 0 0 0 
_1.ptx 285 : 132651 1334441 0 0 0 0 0 0 0 
_1.ptx 287 : 132651 20291006 0 0 0 0 0 0 0 
_1.ptx 288 : 132651 802694 0 0 0 0 0 0 0 
_1.ptx 289 : 132651 1066241 0 0 0 0 0 0 0 
_1.ptx 290 : 132651 783825 0 0 0 0 0 0 2601 
_1.ptx 2033 : 51 563 0 0 0 0 0 0 0 
_1.ptx 292 : 2601 26082 0 0 0 0 0 0 0 
_1.ptx 2034 : 51 8902 640 0 0 51 51 0 0 
_1.ptx 2035 : 51 165 0 0 0 0 0 0 0 
_1.ptx 294 : 2601 26076 0 0 0 0 0 0 0 
_1.ptx 2036 : 51 561 0 0 0 0 0 0 0 
_1.ptx 2037 : 51 564 0 0 0 0 0 0 0 
_1.ptx 2038 : 51 561 0 0 0 0 0 0 0 
_1.ptx 297 : 132651 1462155 0 0 0 0 0 0 0 
_1.ptx 2039 : 51 510 0 0 0 0 0 0 0 
_1.ptx 298 : 132651 1334926 0 0 0 0 0 0 0 
_1.ptx 2040 : 51 262 1632 0 0 51 51 0 0 
_1.ptx 299 : 132651 1478707 0 0 0 0 0 0 0 
_1.ptx 300 : 132651 1464025 0 0 0 0 0 0 0 
_1.ptx 2042 : 51 9409 768 0 0 51 51 0 0 
_1.ptx 301 : 132651 1465081 0 0 0 0 0 0 0 
_1.ptx 2043 : 51 562 0 0 0 0 0 0 0 
_1.ptx 302 : 132651 934358 0 0 0 0 0 0 0 
_1.ptx 2044 : 51 562 0 0 0 0 0 0 0 
_1.ptx 303 : 132651 1346185 0 0 0 0 0 0 0 
_1.ptx 2045 : 51 561 0 0 0 0 0 0 0 
_1.ptx 304 : 132651 1460633 0 0 0 0 0 0 0 
_1.ptx 2046 : 51 512 0 0 0 0 0 0 0 
_1.ptx 305 : 132651 48285993 527232 0 0 8326 4182 0 0 
_1.ptx 2047 : 51 256 1632 0 0 51 51 0 0 
_1.ptx 306 : 132651 10716974 0 4182 4182 0 0 0 0 
_1.ptx 307 : 132651 1330601 0 0 0 0 0 0 0 
_1.ptx 308 : 132651 1329156 0 0 0 0 0 0 0 
_1.ptx 2050 : 26112 157632 0 0 0 0 0 0 0 
_1.ptx 309 : 132651 1066579 0 0 0 0 0 0 0 
_1.ptx 310 : 132651 643293 0 0 0 0 0 0 51 
_1.ptx 2052 : 52224 372960 0 0 0 0 0 0 0 
_1.ptx 2053 : 52224 324544 0 0 0 0 0 0 0 
_1.ptx 312 : 26112 157920 0 0 0 0 0 0 0 
_1.ptx 2054 : 52224 321952 0 0 0 0 0 0 0 
_1.ptx 2055 : 52224 422784 0 0 0 0 0 0 0 
_1.ptx 314 : 26112 157568 0 0 0 0 0 0 0 
_1.ptx 2056 : 52224 380128 0 0 0 0 0 0 0 
_1.ptx 2057 : 52224 602496 0 0 0 0 0 0 0 
_1.ptx 316 : 26112 185952 0 0 0 0 0 0 0 
_1.ptx 2058 : 52224 367072 0 0 0 0 0 0 0 
_1.ptx 317 : 26112 296384 0 0 0 0 0 0 0 
_1.ptx 2059 : 52224 0 0 0 0 0 0 0 0 
_1.ptx 318 : 26112 213184 0 0 0 0 0 0 0 
_1.ptx 2060 : 52224 366432 0 0 0 0 0 0 0 
_1.ptx 319 : 26112 0 0 0 0 0 0 0 0 
_1.ptx 2061 : 52224 529184 0 0 0 0 0 0 0 
_1.ptx 320 : 26112 289888 0 0 0 0 0 0 0 
_1.ptx 2062 : 52224 576672 0 0 0 0 0 0 0 
_1.ptx 321 : 26112 263840 0 0 0 0 0 0 0 
_1.ptx 2063 : 52224 313728 0 0 0 0 0 0 0 
_1.ptx 322 : 26112 188896 0 0 0 0 0 0 0 
_1.ptx 2064 : 52224 420800 0 0 0 0 0 0 0 
_1.ptx 323 : 26112 165088 0 0 0 0 0 0 0 
_1.ptx 2065 : 52224 370560 0 0 0 0 0 0 0 
_1.ptx 324 : 26112 214240 0 0 0 0 0 0 0 
_1.ptx 2066 : 52224 419616 0 0 0 0 0 0 0 
_1.ptx 325 : 26112 290432 0 0 0 0 0 0 0 
_1.ptx 2067 : 52224 314080 0 0 0 0 0 0 0 
_1.ptx 326 : 26112 188416 0 0 0 0 0 0 0 
_1.ptx 2068 : 52224 420576 0 0 0 0 0 0 0 
_1.ptx 327 : 26112 189984 0 0 0 0 0 0 0 
_1.ptx 2069 : 52224 314752 0 0 0 0 0 0 0 
_1.ptx 328 : 26112 267104 0 0 0 0 0 0 0 
_1.ptx 329 : 26112 261344 0 0 0 0 0 0 0 
_1.ptx 330 : 26112 288352 0 0 0 0 0 0 0 
_1.ptx 331 : 26112 451360 128 0 0 0 0 0 0 
_1.ptx 332 : 26112 142368 0 0 0 0 0 0 0 
_1.ptx 333 : 26112 124576 0 0 0 0 0 0 0 
_1.ptx 334 : 26112 93728 0 0 0 0 0 0 0 
_1.ptx 335 : 26112 186368 0 0 0 0 0 0 0 
_1.ptx 339 : 875211 8864873 0 0 0 0 0 0 0 
_1.ptx 340 : 875211 7151794 0 0 0 0 0 0 0 
_1.ptx 341 : 875211 6328794 0 0 0 0 0 0 0 
_1.ptx 343 : 875211 133111029 0 0 0 0 0 0 0 
_1.ptx 344 : 875211 8896351 0 0 0 0 0 0 0 
_1.ptx 345 : 875211 5624383 0 0 0 0 0 0 0 
_1.ptx 346 : 875211 7140435 0 0 0 0 0 0 0 
_1.ptx 347 : 875211 5439545 0 0 0 0 0 0 6681 
_1.ptx 349 : 6681 47678 0 0 0 0 0 0 0 
_1.ptx 351 : 6681 48230 0 0 0 0 0 0 0 
_1.ptx 354 : 875211 9710036 0 0 0 0 0 0 0 
_1.ptx 355 : 875211 8927945 0 0 0 0 0 0 0 
_1.ptx 356 : 875211 9731709 0 0 0 0 0 0 0 
_1.ptx 357 : 875211 7165165 0 0 0 0 0 0 0 
_1.ptx 358 : 875211 9026645 0 0 0 0 0 0 0 
_1.ptx 359 : 875211 5560319 0 0 0 0 0 0 0 
_1.ptx 360 : 875211 8001972 0 0 0 0 0 0 0 
_1.ptx 361 : 875211 6443507 0 0 0 0 0 0 0 
_1.ptx 362 : 875211 7220183 0 0 0 0 0 0 0 
_1.ptx 363 : 875211 7987051 0 0 0 0 0 0 0 
_1.ptx 364 : 875211 7160307 0 0 0 0 0 0 0 
_1.ptx 365 : 875211 0 0 0 0 0 0 0 0 
_1.ptx 366 : 875211 3741819 0 0 0 0 0 0 0 
_1.ptx 367 : 875211 9703773 0 0 0 0 0 0 0 
_1.ptx 368 : 875211 8834857 0 0 0 0 0 0 0 
_1.ptx 369 : 875211 3492420 0 0 0 0 0 0 0 
_1.ptx 370 : 875211 7130743 0 0 0 0 0 0 0 
_1.ptx 371 : 875211 8009597 0 0 0 0 0 0 0 
_1.ptx 372 : 875211 9727686 0 0 0 0 0 0 0 
_1.ptx 373 : 875211 8871945 0 0 0 0 0 0 0 
_1.ptx 374 : 875211 3093339 0 0 0 0 0 0 0 
_1.ptx 375 : 875211 9699814 0 0 0 0 0 0 0 
_1.ptx 376 : 875211 7321351 0 0 0 0 0 0 0 
_1.ptx 377 : 875211 8846487 0 0 0 0 0 0 0 
_1.ptx 378 : 875211 8969803 0 0 0 0 0 0 0 
_1.ptx 379 : 875211 5694011 0 0 0 0 0 0 0 
_1.ptx 380 : 875211 7994932 0 0 0 0 0 0 0 
_1.ptx 381 : 875211 7258866 0 0 0 0 0 0 0 
_1.ptx 382 : 875211 5780395 0 0 0 0 0 0 0 
_1.ptx 383 : 875211 6461893 0 0 0 0 0 0 0 
_1.ptx 386 : 27599211 0 0 0 0 0 0 0 0 
_1.ptx 387 : 27599211 307522491 0 0 0 0 0 0 0 
_1.ptx 388 : 27599211 282825386 0 0 0 0 0 0 0 
_1.ptx 389 : 27599211 310921396 0 0 0 0 0 0 0 
_1.ptx 390 : 27599211 318490048 0 0 0 0 0 0 0 
_1.ptx 391 : 27599211 350904101 0 0 0 0 0 0 0 
_1.ptx 392 : 27599211 352406404 0 0 0 0 0 0 0 
_1.ptx 393 : 27599211 276858479 0 0 0 0 0 0 0 
_1.ptx 394 : 27599211 311684579 0 0 0 0 0 0 0 
_1.ptx 395 : 27599211 306708954 0 0 0 0 0 0 0 
_1.ptx 396 : 27599211 305120324 0 0 0 0 0 0 0 
_1.ptx 397 : 27599211 131968172 0 0 0 0 0 0 0 
_1.ptx 398 : 27599211 278693811 0 0 0 0 0 0 0 
_1.ptx 399 : 27599211 305141306 0 0 0 0 0 0 0 
_1.ptx 400 : 27599211 305551831 0 0 0 0 0 0 0 
_1.ptx 401 : 27599211 305014594 0 0 0 0 0 0 0 
_1.ptx 402 : 27599211 304951261 0 0 0 0 0 0 0 
_1.ptx 403 : 27599211 313894592 0 0 0 0 0 0 0 
_1.ptx 404 : 27599211 200684475 0 0 0 0 0 0 0 
_1.ptx 405 : 27599211 285047742 0 0 0 0 0 0 0 
_1.ptx 406 : 27599211 308345096 0 0 0 0 0 0 0 
_1.ptx 407 : 27599211 200572109 0 0 0 0 0 0 0 
_1.ptx 408 : 27599211 278875015 0 0 0 0 0 0 0 
_1.ptx 409 : 27599211 308148540 0 0 0 0 0 0 0 
_1.ptx 410 : 27599211 201003967 0 0 0 0 0 0 0 
_1.ptx 414 : 870323211 5393711003 2796928 0 0 54557046 35941740 0 0 
_1.ptx 415 : 870323211 7839665419 0 36316794 35941740 0 0 0 0 
_1.ptx 416 : 870323211 11404125769 0 0 0 0 0 0 0 
_1.ptx 417 : 870323211 8782658097 0 0 0 0 0 0 0 
_1.ptx 418 : 870323211 8791686762 0 0 0 0 0 0 0 
_1.ptx 419 : 870323211 8861439615 0 0 0 0 0 0 0 
_1.ptx 420 : 870323211 7099692968 0 0 0 0 0 0 0 
_1.ptx 421 : 870323211 5276382065 0 0 0 0 0 0 18944970 
_1.ptx 2164 : 52224 315040 0 0 0 0 0 0 0 
_1.ptx 423 : 27599211 280007378 0 0 0 0 0 0 0 
_1.ptx 424 : 27599211 230416613 0 0 0 0 0 0 0 
_1.ptx 425 : 27599211 163082519 0 0 0 0 0 0 4947 
_1.ptx 426 : 875211 5448868 0 0 0 0 0 0 0 
_1.ptx 431 : 875211 5127355 3502272 0 0 27387 27387 0 0 
_1.ptx 432 : 875211 8854221 0 0 0 0 0 0 0 
_1.ptx 433 : 875211 8845216 0 0 0 0 0 0 0 
_1.ptx 434 : 875211 7143977 0 0 0 0 0 0 0 
_1.ptx 435 : 875211 5404516 0 0 0 0 0 0 51 
_1.ptx 436 : 26112 168096 0 0 0 0 0 0 0 
_1.ptx 441 : 26112 161504 0 0 0 0 0 0 0 
_1.ptx 443 : 26112 184512 0 0 0 0 0 0 0 
_1.ptx 444 : 26112 78368 0 0 0 0 0 0 0 
_1.ptx 445 : 26112 209408 0 0 0 0 0 0 0 
_1.ptx 446 : 26112 0 0 0 0 0 0 0 0 
_1.ptx 447 : 26112 287968 0 0 0 0 0 0 0 
_1.ptx 448 : 26112 262272 0 0 0 0 0 0 0 
_1.ptx 449 : 26112 184864 0 0 0 0 0 0 0 
_1.ptx 450 : 26112 157280 0 0 0 0 0 0 0 
_1.ptx 451 : 26112 209984 0 0 0 0 0 0 0 
_1.ptx 452 : 26112 287616 0 0 0 0 0 0 0 
_1.ptx 453 : 26112 184960 0 0 0 0 0 0 0 
_1.ptx 454 : 26112 184032 0 0 0 0 0 0 0 
_1.ptx 455 : 26112 78368 0 0 0 0 0 0 0 
_1.ptx 456 : 26112 263680 0 0 0 0 0 0 0 
_1.ptx 457 : 26112 280992 0 0 0 0 0 0 0 
_1.ptx 458 : 26112 1032960 3328 0 0 0 0 0 0 
_1.ptx 459 : 26112 288640 0 0 0 0 0 0 0 
_1.ptx 460 : 26112 78368 0 0 0 0 0 0 0 
_1.ptx 461 : 26112 185088 0 0 0 0 0 0 0 
_1.ptx 465 : 1707939 17150944 0 0 0 0 0 0 0 
_1.ptx 466 : 1707939 13712762 0 0 0 0 0 0 0 
_1.ptx 467 : 1707939 17141551 0 0 0 0 0 0 0 
_1.ptx 469 : 1707939 260618945 0 0 0 0 0 0 0 
_1.ptx 470 : 1707939 10302712 0 0 0 0 0 0 0 
_1.ptx 471 : 1707939 13697515 0 0 0 0 0 0 0 
_1.ptx 472 : 1707939 10215003 0 0 0 0 0 0 9333 
_1.ptx 474 : 9333 93616 0 0 0 0 0 0 0 
_1.ptx 476 : 9333 93759 0 0 0 0 0 0 0 
_1.ptx 479 : 1707939 13713257 0 0 0 0 0 0 0 
_1.ptx 480 : 1707939 2864362 0 0 0 0 0 0 18105 
_1.ptx 481 : 1231956 3701042 0 0 0 0 0 0 0 
_1.ptx 482 : 1231956 13577147 0 0 0 0 0 0 0 
_1.ptx 483 : 1231956 9887790 0 0 0 0 0 0 0 
_1.ptx 484 : 1231956 2861238 0 0 0 0 0 0 9027 
_1.ptx 485 : 755973 2271676 0 0 0 0 0 0 0 
_1.ptx 486 : 755973 7585779 0 0 0 0 0 0 0 
_1.ptx 487 : 755973 6073096 0 0 0 0 0 0 0 
_1.ptx 488 : 755973 1266822 0 0 0 0 0 0 0 
_1.ptx 489 : 545292 1638057 0 0 0 0 0 0 0 
_1.ptx 490 : 545292 6012384 0 0 0 0 0 0 0 
_1.ptx 491 : 545292 4378579 0 0 0 0 0 0 0 
_1.ptx 492 : 545292 1267496 0 0 0 0 0 0 0 
_1.ptx 494 : 334611 1353924 0 0 0 0 0 0 0 
_1.ptx 495 : 334611 3687479 0 0 0 0 0 0 0 
_1.ptx 496 : 334611 3808776 0 0 0 0 0 0 0 
_1.ptx 497 : 334611 3688815 0 0 0 0 0 0 0 
_1.ptx 498 : 334611 3688434 0 0 0 0 0 0 0 
_1.ptx 499 : 334611 2357161 0 0 0 0 0 0 0 
_1.ptx 500 : 334611 3440086 0 0 0 0 0 0 0 
_1.ptx 501 : 334611 3693965 0 0 0 0 0 0 0 
_1.ptx 502 : 334611 76747898 1157760 0 0 24174 14433 0 0 
_1.ptx 503 : 334611 1685786 826560 0 0 14433 14433 0 0 
_1.ptx 504 : 334611 2011645 0 0 0 0 0 0 0 
_1.ptx 508 : 1373328 8258600 0 0 0 0 0 0 0 
_1.ptx 509 : 1373328 6920074 6178784 0 0 66096 66096 0 0 
_1.ptx 511 : 1707939 17141026 0 0 0 0 0 0 0 
_1.ptx 512 : 1707939 17124990 0 0 0 0 0 0 0 
_1.ptx 513 : 1707939 13712220 0 0 0 0 0 0 0 
_1.ptx 514 : 1707939 10118674 0 0 0 0 0 0 51 
_1.ptx 517 : 26112 156992 0 0 0 0 0 0 0 
_1.ptx 519 : 26112 184224 0 0 0 0 0 0 0 
_1.ptx 520 : 26112 6343168 0 0 0 0 0 0 0 
_1.ptx 521 : 26112 209280 0 0 0 0 0 0 0 
_1.ptx 522 : 26112 100834 0 0 0 0 0 0 51 
_1.ptx 523 : 9333 102718 0 0 0 0 0 0 0 
_1.ptx 524 : 9333 93330 0 0 0 0 0 0 0 
_1.ptx 525 : 9333 65363 0 0 0 0 0 0 0 
_1.ptx 526 : 9333 55998 0 0 0 0 0 0 0 
_1.ptx 527 : 9333 74696 0 0 0 0 0 0 0 
_1.ptx 528 : 9333 102778 0 0 0 0 0 0 0 
_1.ptx 529 : 9333 65395 0 0 0 0 0 0 0 
_1.ptx 530 : 9333 1405102 0 0 0 0 0 0 0 
_1.ptx 531 : 9333 119816 0 0 0 0 0 0 0 
_1.ptx 532 : 9333 128612 0 0 0 0 0 0 0 
_1.ptx 533 : 9333 65647 0 0 0 0 0 0 0 
_1.ptx 537 : 9333 65400 0 0 0 0 0 0 0 
_1.ptx 538 : 9333 65377 0 0 0 0 0 0 0 
_1.ptx 539 : 9333 103221 0 0 0 0 0 0 0 
_1.ptx 540 : 9333 74783 0 0 0 0 0 0 0 
_1.ptx 541 : 9333 0 0 0 0 0 0 0 0 
_1.ptx 542 : 9333 65331 0 0 0 0 0 0 0 
_1.ptx 543 : 9333 839523 0 0 0 0 0 0 0 
_1.ptx 544 : 9333 65491 0 0 0 0 0 0 0 
_1.ptx 545 : 9333 96622 0 0 0 0 0 0 0 
_1.ptx 546 : 9333 103015 0 0 0 0 0 0 0 
_1.ptx 547 : 9333 56062 0 0 0 0 0 0 0 
_1.ptx 548 : 9333 70534 0 0 0 0 0 0 0 
_1.ptx 552 : 1707939 2558546678 6921856 0 0 1707939 55998 0 0 
_1.ptx 553 : 1707939 18789070 0 0 0 0 0 0 0 
_1.ptx 554 : 1707939 1688851503 0 0 0 1707939 55998 0 0 
_1.ptx 556 : 1707939 12141796 0 0 0 0 0 0 0 
_1.ptx 557 : 1707939 17103503 0 0 0 0 0 0 0 
_1.ptx 558 : 1707939 17087407 0 0 0 0 0 0 0 
_1.ptx 559 : 1707939 13701349 0 0 0 0 0 0 0 
_1.ptx 560 : 1707939 10193416 0 0 0 0 0 0 0 
_1.ptx 562 : 9333 93449 0 0 0 0 0 0 0 
_1.ptx 563 : 9333 102727 0 0 0 0 0 0 0 
_1.ptx 564 : 9333 74824 0 0 0 0 0 0 0 
_1.ptx 565 : 9333 0 0 0 0 0 0 0 0 
_1.ptx 568 : 26112 157024 0 0 0 0 0 0 0 
_1.ptx 570 : 26112 185312 0 0 0 0 0 0 0 
_1.ptx 571 : 26112 136128 0 0 0 0 0 0 0 
_1.ptx 572 : 26112 210272 0 0 0 0 0 0 0 
_1.ptx 573 : 26112 0 0 0 0 0 0 0 0 
_1.ptx 574 : 26112 288128 0 0 0 0 0 0 0 
_1.ptx 575 : 26112 262880 0 0 0 0 0 0 0 
_1.ptx 576 : 26112 185088 0 0 0 0 0 0 0 
_1.ptx 577 : 26112 157280 0 0 0 0 0 0 0 
_1.ptx 578 : 26112 210816 0 0 0 0 0 0 0 
_1.ptx 579 : 26112 287968 0 0 0 0 0 0 0 
_1.ptx 580 : 26112 185632 0 0 0 0 0 0 0 
_1.ptx 581 : 26112 186304 0 0 0 0 0 0 0 
_1.ptx 582 : 26112 276896 0 0 0 0 0 0 0 
_1.ptx 583 : 26112 130048 0 0 0 0 0 0 0 
_1.ptx 584 : 26112 127072 0 0 0 0 0 0 0 
_1.ptx 585 : 26112 288896 0 0 0 0 0 0 0 
_1.ptx 586 : 26112 86624 0 0 0 0 0 0 0 
_1.ptx 587 : 26112 85792 0 0 0 0 0 0 0 
_1.ptx 588 : 26112 86048 0 0 0 0 0 0 0 
_1.ptx 589 : 26112 83552 0 0 0 0 0 0 0 
_1.ptx 590 : 26112 183552 0 0 0 0 0 0 0 
_1.ptx 594 : 1222623 12268037 0 0 0 0 0 0 0 
_1.ptx 595 : 1222623 9810567 0 0 0 0 0 0 0 
_1.ptx 596 : 1222623 12284507 0 0 0 0 0 0 0 
_1.ptx 598 : 1222623 187409434 0 0 0 0 0 0 0 
_1.ptx 599 : 1222623 7377050 0 0 0 0 0 0 0 
_1.ptx 600 : 1222623 9830397 0 0 0 0 0 0 0 
_1.ptx 601 : 1222623 7307184 0 0 0 0 0 0 9333 
_1.ptx 603 : 9333 93684 0 0 0 0 0 0 0 
_1.ptx 605 : 9333 93561 0 0 0 0 0 0 0 
_1.ptx 608 : 1222623 13470325 0 0 0 0 0 0 0 
_1.ptx 609 : 1222623 13467908 0 0 0 0 0 0 0 
_1.ptx 610 : 1222623 12319094 0 0 0 0 0 0 0 
_1.ptx 611 : 1222623 13665727 0 0 0 0 0 0 0 
_1.ptx 612 : 1222623 13481141 0 0 0 0 0 0 0 
_1.ptx 613 : 1222623 8609977 0 0 0 0 0 0 0 
_1.ptx 614 : 1222623 12474713 0 0 0 0 0 0 0 
_1.ptx 615 : 1222623 13471317 0 0 0 0 0 0 0 
_1.ptx 616 : 1222623 358770809 6380800 0 0 85221 38250 0 0 
_1.ptx 617 : 1222623 6146368 4891104 0 0 38250 38250 0 0 
_1.ptx 618 : 1222623 12247190 0 0 0 0 0 0 0 
_1.ptx 619 : 1222623 12290890 0 0 0 0 0 0 0 
_1.ptx 620 : 1222623 9842395 0 0 0 0 0 0 0 
_1.ptx 621 : 1222623 7226589 0 0 0 0 0 0 51 
_1.ptx 624 : 26112 157568 0 0 0 0 0 0 0 
_1.ptx 626 : 26112 184960 0 0 0 0 0 0 0 
_1.ptx 627 : 26112 371520 128 0 0 0 0 0 0 
_1.ptx 628 : 26112 209856 0 0 0 0 0 0 0 
_1.ptx 629 : 26112 0 0 0 0 0 0 0 0 
_1.ptx 630 : 26112 288672 0 0 0 0 0 0 0 
_1.ptx 631 : 26112 263040 0 0 0 0 0 0 0 
_1.ptx 632 : 26112 186368 0 0 0 0 0 0 0 
_1.ptx 633 : 26112 159328 0 0 0 0 0 0 0 
_1.ptx 634 : 26112 211104 0 0 0 0 0 0 0 
_1.ptx 635 : 26112 288160 0 0 0 0 0 0 0 
_1.ptx 636 : 26112 185664 0 0 0 0 0 0 0 
_1.ptx 637 : 26112 184864 0 0 0 0 0 0 0 
_1.ptx 638 : 26112 275616 0 0 0 0 0 0 0 
_1.ptx 639 : 26112 112192 0 0 0 0 0 0 0 
_1.ptx 640 : 26112 108096 0 0 0 0 0 0 0 
_1.ptx 641 : 26112 287904 0 0 0 0 0 0 0 
_1.ptx 642 : 26112 79168 0 0 0 0 0 0 0 
_1.ptx 643 : 26112 79296 0 0 0 0 0 0 0 
_1.ptx 644 : 26112 79840 0 0 0 0 0 0 0 
_1.ptx 645 : 26112 79712 0 0 0 0 0 0 0 
_1.ptx 646 : 26112 184384 0 0 0 0 0 0 0 
_1.ptx 650 : 1222623 12273723 0 0 0 0 0 0 0 
_1.ptx 651 : 1222623 9818013 0 0 0 0 0 0 0 
_1.ptx 652 : 1222623 12328325 0 0 0 0 0 0 0 
_1.ptx 654 : 1222623 187149180 0 0 0 0 0 0 0 
_1.ptx 655 : 1222623 7376959 0 0 0 0 0 0 0 
_1.ptx 656 : 1222623 9822269 0 0 0 0 0 0 0 
_1.ptx 657 : 1222623 7308630 0 0 0 0 0 0 9333 
_1.ptx 659 : 9333 93882 0 0 0 0 0 0 0 
_1.ptx 661 : 9333 93428 0 0 0 0 0 0 0 
_1.ptx 664 : 1222623 13473690 0 0 0 0 0 0 0 
_1.ptx 665 : 1222623 13453141 0 0 0 0 0 0 0 
_1.ptx 666 : 1222623 12318742 0 0 0 0 0 0 0 
_1.ptx 667 : 1222623 13737850 0 0 0 0 0 0 0 
_1.ptx 668 : 1222623 13472085 0 0 0 0 0 0 0 
_1.ptx 669 : 1222623 8670105 0 0 0 0 0 0 0 
_1.ptx 670 : 1222623 12482634 0 0 0 0 0 0 0 
_1.ptx 671 : 1222623 13473621 0 0 0 0 0 0 0 
_1.ptx 672 : 1222623 343880942 6599936 0 0 80478 38250 0 0 
_1.ptx 673 : 1222623 6134651 4891104 0 0 38250 38250 0 0 
_1.ptx 674 : 1222623 12478661 0 0 0 0 0 0 0 
_1.ptx 675 : 1222623 12241600 0 0 0 0 0 0 0 
_1.ptx 676 : 1222623 9815084 0 0 0 0 0 0 0 
_1.ptx 677 : 1222623 7223364 0 0 0 0 0 0 51 
_1.ptx 678 : 26112 158080 0 0 0 0 0 0 0 
_1.ptx 683 : 26112 157248 0 0 0 0 0 0 0 
_1.ptx 685 : 26112 186048 0 0 0 0 0 0 0 
_1.ptx 686 : 26112 0 0 0 0 0 0 0 0 
_1.ptx 687 : 26112 287712 0 0 0 0 0 0 0 
_1.ptx 688 : 26112 262016 0 0 0 0 0 0 0 
_1.ptx 689 : 26112 187456 0 0 0 0 0 0 0 
_1.ptx 690 : 26112 157152 0 0 0 0 0 0 0 
_1.ptx 691 : 26112 209664 0 0 0 0 0 0 0 
_1.ptx 692 : 26112 287648 0 0 0 0 0 0 0 
_1.ptx 693 : 26112 184800 0 0 0 0 0 0 0 
_1.ptx 694 : 26112 190240 0 0 0 0 0 0 0 
_1.ptx 695 : 26112 273856 0 0 0 0 0 0 0 
_1.ptx 696 : 26112 105632 0 0 0 0 0 0 0 
_1.ptx 697 : 26112 106048 0 0 0 0 0 0 0 
_1.ptx 698 : 26112 287424 0 0 0 0 0 0 0 
_1.ptx 699 : 26112 289504 0 0 0 0 0 0 0 
_1.ptx 700 : 26112 186880 0 0 0 0 0 0 0 
_1.ptx 704 : 1222623 349382994 4896000 0 0 38250 38250 0 0 
_1.ptx 705 : 1222623 349800803 4864896 0 0 38250 38250 0 0 
_1.ptx 706 : 1222623 13461109 0 0 0 0 0 0 0 
_1.ptx 707 : 1222623 6296397 0 0 0 38250 38250 0 0 
_1.ptx 708 : 1222623 12334526 0 0 0 0 0 0 0 
_1.ptx 709 : 1222623 12236694 0 0 0 0 0 0 0 
_1.ptx 710 : 1222623 12261083 0 0 0 0 0 0 0 
_1.ptx 711 : 1222623 9789400 0 0 0 0 0 0 0 
_1.ptx 712 : 1222623 7186175 0 0 0 0 0 0 51 
_1.ptx 715 : 26112 157568 0 0 0 0 0 0 0 
_1.ptx 717 : 26112 185280 0 0 0 0 0 0 0 
_1.ptx 718 : 26112 211360 0 0 0 0 0 0 0 
_1.ptx 719 : 26112 117354 0 0 0 0 0 0 51 
_1.ptx 720 : 6681 73491 0 0 0 0 0 0 0 
_1.ptx 721 : 6681 66813 0 0 0 0 0 0 0 
_1.ptx 722 : 6681 47087 0 0 0 0 0 0 0 
_1.ptx 723 : 6681 40086 0 0 0 0 0 0 0 
_1.ptx 724 : 6681 53480 0 0 0 0 0 0 0 
_1.ptx 725 : 6681 73491 0 0 0 0 0 0 0 
_1.ptx 726 : 6681 47058 0 0 0 0 0 0 0 
_1.ptx 727 : 6681 48335 0 0 0 0 0 0 0 
_1.ptx 731 : 6681 47471 0 0 0 0 0 0 0 
_1.ptx 732 : 6681 73491 0 0 0 0 0 0 0 
_1.ptx 733 : 6681 53448 0 0 0 0 0 0 0 
_1.ptx 734 : 6681 0 0 0 0 0 0 0 0 
_1.ptx 735 : 6681 46767 0 0 0 0 0 0 0 
_1.ptx 736 : 6681 69437 0 0 0 0 0 0 0 
_1.ptx 737 : 6681 26791 0 0 0 0 0 0 0 
_1.ptx 738 : 6681 46788 0 0 0 0 0 0 0 
_1.ptx 739 : 6681 76602 0 0 0 0 0 0 0 
_1.ptx 740 : 6681 73500 0 0 0 0 0 0 0 
_1.ptx 741 : 6681 40086 0 0 0 0 0 0 0 
_1.ptx 745 : 1222623 332800173 5077248 0 0 83385 46665 0 0 
_1.ptx 746 : 1222623 13478103 0 0 0 0 0 0 0 
_1.ptx 747 : 1222623 7450233 0 0 0 83385 46665 0 0 
_1.ptx 749 : 1222623 9215154 0 0 0 0 0 0 0 
_1.ptx 750 : 1222623 13483914 0 0 0 0 0 0 0 
_1.ptx 751 : 1222623 13511535 0 0 0 0 0 0 0 
_1.ptx 752 : 1222623 9815355 0 0 0 0 0 0 0 
_1.ptx 753 : 1222623 7313939 0 0 0 0 0 0 0 
_1.ptx 755 : 6681 67113 0 0 0 0 0 0 0 
_1.ptx 756 : 6681 53623 0 0 0 0 0 0 0 
_1.ptx 757 : 6681 0 0 0 0 0 0 0 0 
_1.ptx 760 : 26112 157728 0 0 0 0 0 0 0 
_1.ptx 762 : 26112 186144 0 0 0 0 0 0 0 
_1.ptx 763 : 26112 78944 0 0 0 0 0 0 0 
_1.ptx 764 : 26112 209760 0 0 0 0 0 0 0 
_1.ptx 765 : 26112 0 0 0 0 0 0 0 0 
_1.ptx 766 : 26112 287904 0 0 0 0 0 0 0 
_1.ptx 767 : 26112 262592 0 0 0 0 0 0 0 
_1.ptx 768 : 26112 184640 0 0 0 0 0 0 0 
_1.ptx 769 : 26112 157856 0 0 0 0 0 0 0 
_1.ptx 770 : 26112 209952 0 0 0 0 0 0 0 
_1.ptx 771 : 26112 287808 0 0 0 0 0 0 0 
_1.ptx 772 : 26112 185952 0 0 0 0 0 0 0 
_1.ptx 773 : 26112 184096 0 0 0 0 0 0 0 
_1.ptx 774 : 26112 271392 0 0 0 0 0 0 0 
_1.ptx 775 : 26112 1004896 3200 0 0 0 0 0 0 
_1.ptx 776 : 26112 108768 0 0 0 0 0 0 0 
_1.ptx 777 : 26112 288000 0 0 0 0 0 0 0 
_1.ptx 778 : 26112 79904 0 0 0 0 0 0 0 
_1.ptx 779 : 26112 79136 0 0 0 0 0 0 0 
_1.ptx 780 : 26112 79776 0 0 0 0 0 0 0 
_1.ptx 781 : 26112 184416 0 0 0 0 0 0 0 
_1.ptx 785 : 875211 8781751 0 0 0 0 0 0 0 
_1.ptx 786 : 875211 7021450 0 0 0 0 0 0 0 
_1.ptx 787 : 875211 8798231 0 0 0 0 0 0 0 
_1.ptx 789 : 875211 134306449 0 0 0 0 0 0 0 
_1.ptx 790 : 875211 5275371 0 0 0 0 0 0 0 
_1.ptx 791 : 875211 7034049 0 0 0 0 0 0 0 
_1.ptx 792 : 875211 5228644 0 0 0 0 0 0 6681 
_1.ptx 794 : 6681 67102 0 0 0 0 0 0 0 
_1.ptx 796 : 6681 66945 0 0 0 0 0 0 0 
_1.ptx 799 : 875211 9639321 0 0 0 0 0 0 0 
_1.ptx 800 : 875211 9644468 0 0 0 0 0 0 0 
_1.ptx 801 : 875211 8818094 0 0 0 0 0 0 0 
_1.ptx 802 : 875211 9815451 0 0 0 0 0 0 0 
_1.ptx 803 : 875211 9636505 0 0 0 0 0 0 0 
_1.ptx 804 : 875211 6141933 0 0 0 0 0 0 0 
_1.ptx 805 : 875211 8918842 0 0 0 0 0 0 0 
_1.ptx 806 : 875211 9640857 0 0 0 0 0 0 0 
_1.ptx 807 : 875211 235782921 3169024 0 0 54774 27387 0 0 
_1.ptx 808 : 875211 4389984 3502272 0 0 27387 27387 0 0 
_1.ptx 809 : 875211 8904233 0 0 0 0 0 0 0 
_1.ptx 810 : 875211 8785655 0 0 0 0 0 0 0 
_1.ptx 811 : 875211 7033665 0 0 0 0 0 0 0 
_1.ptx 812 : 875211 5124843 0 0 0 0 0 0 51 
_1.ptx 815 : 26112 157632 0 0 0 0 0 0 0 
_1.ptx 817 : 26112 184416 0 0 0 0 0 0 0 
_1.ptx 818 : 26112 369632 128 0 0 0 0 0 0 
_1.ptx 819 : 26112 209024 0 0 0 0 0 0 0 
_1.ptx 820 : 26112 0 0 0 0 0 0 0 0 
_1.ptx 821 : 26112 287584 0 0 0 0 0 0 0 
_1.ptx 822 : 26112 262016 0 0 0 0 0 0 0 
_1.ptx 823 : 26112 183840 0 0 0 0 0 0 0 
_1.ptx 824 : 26112 157824 0 0 0 0 0 0 0 
_1.ptx 825 : 26112 209792 0 0 0 0 0 0 0 
_1.ptx 826 : 26112 287616 0 0 0 0 0 0 0 
_1.ptx 827 : 26112 183520 0 0 0 0 0 0 0 
_1.ptx 828 : 26112 184000 0 0 0 0 0 0 0 
_1.ptx 829 : 26112 268608 0 0 0 0 0 0 0 
_1.ptx 830 : 26112 105504 0 0 0 0 0 0 0 
_1.ptx 831 : 26112 105824 0 0 0 0 0 0 0 
_1.ptx 832 : 26112 287968 0 0 0 0 0 0 0 
_1.ptx 833 : 26112 79744 0 0 0 0 0 0 0 
_1.ptx 834 : 26112 79136 0 0 0 0 0 0 0 
_1.ptx 835 : 26112 79456 0 0 0 0 0 0 0 
_1.ptx 836 : 26112 183680 0 0 0 0 0 0 0 
_1.ptx 840 : 875211 8763150 0 0 0 0 0 0 0 
_1.ptx 841 : 875211 7012472 0 0 0 0 0 0 0 
_1.ptx 842 : 875211 8786638 0 0 0 0 0 0 0 
_1.ptx 844 : 875211 133867797 0 0 0 0 0 0 0 
_1.ptx 845 : 875211 5260363 0 0 0 0 0 0 0 
_1.ptx 846 : 875211 7026113 0 0 0 0 0 0 0 
_1.ptx 847 : 875211 5224522 0 0 0 0 0 0 6681 
_1.ptx 849 : 6681 66935 0 0 0 0 0 0 0 
_1.ptx 851 : 6681 66875 0 0 0 0 0 0 0 
_1.ptx 854 : 875211 9635577 0 0 0 0 0 0 0 
_1.ptx 855 : 875211 9631385 0 0 0 0 0 0 0 
_1.ptx 856 : 875211 8868576 0 0 0 0 0 0 0 
_1.ptx 857 : 875211 9776073 0 0 0 0 0 0 0 
_1.ptx 858 : 875211 9639801 0 0 0 0 0 0 0 
_1.ptx 859 : 875211 6145741 0 0 0 0 0 0 0 
_1.ptx 860 : 875211 8899097 0 0 0 0 0 0 0 
_1.ptx 861 : 875211 9634873 0 0 0 0 0 0 0 
_1.ptx 862 : 875211 240852006 3367168 0 0 27387 27387 0 0 
_1.ptx 863 : 875211 4387232 3502272 0 0 27387 27387 0 0 
_1.ptx 864 : 875211 8758542 0 0 0 0 0 0 0 
_1.ptx 865 : 875211 8762318 0 0 0 0 0 0 0 
_1.ptx 866 : 875211 7013368 0 0 0 0 0 0 0 
_1.ptx 867 : 875211 5113250 0 0 0 0 0 0 51 
_1.ptx 870 : 26112 157216 0 0 0 0 0 0 0 
_1.ptx 872 : 26112 188352 0 0 0 0 0 0 0 
_1.ptx 873 : 26112 0 0 0 0 0 0 0 0 
_1.ptx 874 : 26112 288096 0 0 0 0 0 0 0 
_1.ptx 875 : 26112 262592 0 0 0 0 0 0 0 
_1.ptx 876 : 26112 186784 0 0 0 0 0 0 0 
_1.ptx 877 : 26112 157888 0 0 0 0 0 0 0 
_1.ptx 878 : 26112 209760 0 0 0 0 0 0 0 
_1.ptx 879 : 26112 287584 0 0 0 0 0 0 0 
_1.ptx 880 : 26112 184256 0 0 0 0 0 0 0 
_1.ptx 881 : 26112 186848 0 0 0 0 0 0 0 
_1.ptx 882 : 26112 273184 0 0 0 0 0 0 0 
_1.ptx 883 : 26112 105632 0 0 0 0 0 0 0 
_1.ptx 884 : 26112 106656 0 0 0 0 0 0 0 
_1.ptx 885 : 26112 288704 0 0 0 0 0 0 0 
_1.ptx 886 : 26112 288256 0 0 0 0 0 0 0 
_1.ptx 887 : 26112 184672 0 0 0 0 0 0 0 
_1.ptx 891 : 875211 249781900 3504512 0 0 27387 27387 0 0 
_1.ptx 892 : 875211 243267885 3277312 0 0 27387 27387 0 0 
_1.ptx 893 : 875211 9631449 0 0 0 0 0 0 0 
_1.ptx 894 : 875211 4387191 0 0 0 27387 27387 0 0 
_1.ptx 895 : 875211 8753006 0 0 0 0 0 0 0 
_1.ptx 896 : 875211 8752974 0 0 0 0 0 0 0 
_1.ptx 897 : 875211 8794912 0 0 0 0 0 0 0 
_1.ptx 898 : 875211 7007288 0 0 0 0 0 0 0 
_1.ptx 899 : 875211 5098589 0 0 0 0 0 0 51 
_1.ptx 902 : 26112 157888 0 0 0 0 0 0 0 
_1.ptx 904 : 26112 184608 0 0 0 0 0 0 0 
_1.ptx 905 : 26112 78912 0 0 0 0 0 0 0 
_1.ptx 906 : 26112 209728 0 0 0 0 0 0 0 
_1.ptx 907 : 26112 0 0 0 0 0 0 0 0 
_1.ptx 908 : 26112 287776 0 0 0 0 0 0 0 
_1.ptx 909 : 26112 262944 0 0 0 0 0 0 0 
_1.ptx 910 : 26112 185888 0 0 0 0 0 0 0 
_1.ptx 911 : 26112 158944 0 0 0 0 0 0 0 
_1.ptx 912 : 26112 210656 0 0 0 0 0 0 0 
_1.ptx 913 : 26112 288352 0 0 0 0 0 0 0 
_1.ptx 914 : 26112 185312 0 0 0 0 0 0 0 
_1.ptx 915 : 26112 186336 0 0 0 0 0 0 0 
_1.ptx 916 : 26112 267488 0 0 0 0 0 0 0 
_1.ptx 917 : 26112 109216 0 0 0 0 0 0 0 
_1.ptx 918 : 26112 108192 0 0 0 0 0 0 0 
_1.ptx 919 : 26112 288320 0 0 0 0 0 0 0 
_1.ptx 920 : 26112 291456 0 0 0 0 0 0 0 
_1.ptx 921 : 26112 192512 0 0 0 0 0 0 0 
_1.ptx 925 : 334611 96071083 1344768 0 0 10506 10506 0 0 
_1.ptx 927 : 334611 3712831 0 0 0 0 0 0 0 
_1.ptx 928 : 334611 1682976 1339872 0 0 10506 10506 0 0 
_1.ptx 929 : 334611 3347966 0 0 0 0 0 0 0 
_1.ptx 930 : 334611 3350400 0 0 0 0 0 0 0 
_1.ptx 931 : 334611 3420481 0 0 0 0 0 0 0 
_1.ptx 932 : 334611 2682395 0 0 0 0 0 0 0 
_1.ptx 933 : 334611 1856851 0 0 0 0 0 0 51 
_1.ptx 936 : 26112 157760 0 0 0 0 0 0 0 
_1.ptx 938 : 26112 187424 0 0 0 0 0 0 0 
_1.ptx 939 : 26112 0 0 0 0 0 0 0 0 
_1.ptx 940 : 26112 288512 0 0 0 0 0 0 0 
_1.ptx 941 : 26112 261888 0 0 0 0 0 0 0 
_1.ptx 942 : 26112 183712 0 0 0 0 0 0 0 
_1.ptx 943 : 26112 157312 0 0 0 0 0 0 0 
_1.ptx 944 : 26112 209920 0 0 0 0 0 0 0 
_1.ptx 945 : 26112 287744 0 0 0 0 0 0 0 
_1.ptx 946 : 26112 184032 0 0 0 0 0 0 0 
_1.ptx 947 : 26112 183744 0 0 0 0 0 0 0 
_1.ptx 948 : 26112 78432 0 0 0 0 0 0 0 
_1.ptx 949 : 26112 264928 0 0 0 0 0 0 0 
_1.ptx 950 : 26112 278368 0 0 0 0 0 0 0 
_1.ptx 951 : 26112 111616 0 0 0 0 0 0 0 
_1.ptx 952 : 26112 288320 0 0 0 0 0 0 0 
_1.ptx 953 : 26112 79520 0 0 0 0 0 0 0 
_1.ptx 954 : 26112 189312 0 0 0 0 0 0 0 
_1.ptx 958 : 1707939 17157071 0 0 0 0 0 0 0 
_1.ptx 959 : 1707939 13707226 0 0 0 0 0 0 0 
_1.ptx 960 : 1707939 17126865 0 0 0 0 0 0 0 
_1.ptx 962 : 1707939 260604803 0 0 0 0 0 0 0 
_1.ptx 963 : 1707939 10303700 0 0 0 0 0 0 0 
_1.ptx 964 : 1707939 13697978 0 0 0 0 0 0 0 
_1.ptx 965 : 1707939 10218221 0 0 0 0 0 0 9333 
_1.ptx 967 : 9333 93637 0 0 0 0 0 0 0 
_1.ptx 969 : 9333 93756 0 0 0 0 0 0 0 
_1.ptx 972 : 1707939 13706872 0 0 0 0 0 0 0 
_1.ptx 973 : 1707939 2863067 0 0 0 0 0 0 18105 
_1.ptx 974 : 1231956 3701700 0 0 0 0 0 0 0 
_1.ptx 975 : 1231956 13576303 0 0 0 0 0 0 0 
_1.ptx 976 : 1231956 9890262 0 0 0 0 0 0 0 
_1.ptx 977 : 1231956 2862990 0 0 0 0 0 0 9027 
_1.ptx 978 : 755973 2271154 0 0 0 0 0 0 0 
_1.ptx 979 : 755973 7592794 0 0 0 0 0 0 0 
_1.ptx 980 : 755973 6075069 0 0 0 0 0 0 0 
_1.ptx 981 : 755973 1266617 0 0 0 0 0 0 0 
_1.ptx 982 : 545292 1637767 0 0 0 0 0 0 0 
_1.ptx 983 : 545292 6013248 0 0 0 0 0 0 0 
_1.ptx 984 : 545292 4379823 0 0 0 0 0 0 0 
_1.ptx 985 : 545292 1267864 0 0 0 0 0 0 0 
_1.ptx 987 : 334611 1353991 0 0 0 0 0 0 0 
_1.ptx 988 : 334611 3688124 0 0 0 0 0 0 0 
_1.ptx 989 : 334611 3795938 0 0 0 0 0 0 0 
_1.ptx 990 : 334611 3697620 0 0 0 0 0 0 0 
_1.ptx 991 : 334611 3689272 0 0 0 0 0 0 0 
_1.ptx 992 : 334611 2357565 0 0 0 0 0 0 0 
_1.ptx 993 : 334611 3445978 0 0 0 0 0 0 0 
_1.ptx 994 : 334611 3695610 0 0 0 0 0 0 0 
_1.ptx 995 : 334611 79663673 1096320 0 0 24174 14433 0 0 
_1.ptx 996 : 334611 1685884 825600 0 0 14433 14433 0 0 
_1.ptx 997 : 334611 2012144 0 0 0 0 0 0 0 
_1.ptx 1001 : 1373328 8259934 0 0 0 0 0 0 0 
_1.ptx 1002 : 1373328 6915588 6202400 0 0 66096 66096 0 0 
_1.ptx 1004 : 1707939 17146690 0 0 0 0 0 0 0 
_1.ptx 1005 : 1707939 17107102 0 0 0 0 0 0 0 
_1.ptx 1006 : 1707939 13719516 0 0 0 0 0 0 0 
_1.ptx 1007 : 1707939 10118610 0 0 0 0 0 0 51 
_1.ptx 1010 : 26112 157184 0 0 0 0 0 0 0 
_1.ptx 1012 : 26112 186624 0 0 0 0 0 0 0 
_1.ptx 1013 : 26112 100770 0 0 0 0 0 0 51 
_1.ptx 1014 : 9333 104295 0 0 0 0 0 0 0 
_1.ptx 1015 : 9333 93330 0 0 0 0 0 0 0 
_1.ptx 1016 : 9333 65459 0 0 0 0 0 0 0 
_1.ptx 1017 : 9333 56126 0 0 0 0 0 0 0 
_1.ptx 1018 : 9333 74728 0 0 0 0 0 0 0 
_1.ptx 1019 : 9333 102663 0 0 0 0 0 0 0 
_1.ptx 1020 : 9333 65331 0 0 0 0 0 0 0 
_1.ptx 1021 : 9333 2365918 0 0 0 0 0 0 0 
_1.ptx 1022 : 9333 115774 0 0 0 0 0 0 0 
_1.ptx 1023 : 9333 132103 0 0 0 0 0 0 0 
_1.ptx 1024 : 9333 65459 0 0 0 0 0 0 0 
_1.ptx 1028 : 9333 66849 0 0 0 0 0 0 0 
_1.ptx 1029 : 9333 66835 0 0 0 0 0 0 0 
_1.ptx 1030 : 9333 102695 0 0 0 0 0 0 0 
_1.ptx 1031 : 9333 74774 0 0 0 0 0 0 0 
_1.ptx 1032 : 9333 0 0 0 0 0 0 0 0 
_1.ptx 1033 : 9333 65395 0 0 0 0 0 0 0 
_1.ptx 1034 : 9333 1527436 0 0 0 0 0 0 0 
_1.ptx 1035 : 9333 65395 0 0 0 0 0 0 0 
_1.ptx 1036 : 9333 93513 0 0 0 0 0 0 0 
_1.ptx 1037 : 9333 102915 0 0 0 0 0 0 0 
_1.ptx 1038 : 9333 57534 0 0 0 0 0 0 0 
_1.ptx 1039 : 9333 72856 0 0 0 0 0 0 0 
_1.ptx 1043 : 1707939 2539419371 6913280 0 0 1707939 55998 0 0 
_1.ptx 1044 : 1707939 18789567 0 0 0 0 0 0 0 
_1.ptx 1045 : 1707939 1670057090 0 0 0 1707939 55998 0 0 
_1.ptx 1047 : 1707939 12254504 0 0 0 0 0 0 0 
_1.ptx 1048 : 1707939 17105354 0 0 0 0 0 0 0 
_1.ptx 1049 : 1707939 17089228 0 0 0 0 0 0 0 
_1.ptx 1050 : 1707939 13730169 0 0 0 0 0 0 0 
_1.ptx 1051 : 1707939 10194543 0 0 0 0 0 0 0 
_1.ptx 1053 : 9333 93705 0 0 0 0 0 0 0 
_1.ptx 1054 : 9333 102663 0 0 0 0 0 0 0 
_1.ptx 1055 : 9333 75030 0 0 0 0 0 0 0 
_1.ptx 1056 : 9333 0 0 0 0 0 0 0 0 
_1.ptx 1059 : 26112 156928 0 0 0 0 0 0 0 
_1.ptx 1061 : 26112 185856 0 0 0 0 0 0 0 
_1.ptx 1062 : 26112 0 0 0 0 0 0 0 0 
_1.ptx 1063 : 26112 290208 0 0 0 0 0 0 0 
_1.ptx 1064 : 26112 263008 0 0 0 0 0 0 0 
_1.ptx 1065 : 26112 185184 0 0 0 0 0 0 0 
_1.ptx 1066 : 26112 157952 0 0 0 0 0 0 0 
_1.ptx 1067 : 26112 210752 0 0 0 0 0 0 0 
_1.ptx 1068 : 26112 287936 0 0 0 0 0 0 0 
_1.ptx 1069 : 26112 184736 0 0 0 0 0 0 0 
_1.ptx 1070 : 26112 183680 0 0 0 0 0 0 0 
_1.ptx 1071 : 26112 277312 0 0 0 0 0 0 0 
_1.ptx 1072 : 26112 110304 0 0 0 0 0 0 0 
_1.ptx 1073 : 26112 108096 0 0 0 0 0 0 0 
_1.ptx 1074 : 26112 287744 0 0 0 0 0 0 0 
_1.ptx 1075 : 26112 83072 0 0 0 0 0 0 0 
_1.ptx 1076 : 26112 82624 0 0 0 0 0 0 0 
_1.ptx 1077 : 26112 83328 0 0 0 0 0 0 0 
_1.ptx 1078 : 26112 82528 0 0 0 0 0 0 0 
_1.ptx 1079 : 26112 183712 0 0 0 0 0 0 0 
_1.ptx 1083 : 1222623 12266149 0 0 0 0 0 0 0 
_1.ptx 1084 : 1222623 9795042 0 0 0 0 0 0 0 
_1.ptx 1085 : 1222623 12277120 0 0 0 0 0 0 0 
_1.ptx 1087 : 1222623 187341525 0 0 0 0 0 0 0 
_1.ptx 1088 : 1222623 7375428 0 0 0 0 0 0 0 
_1.ptx 1089 : 1222623 9826178 0 0 0 0 0 0 0 
_1.ptx 1090 : 1222623 7306739 0 0 0 0 0 0 9333 
_1.ptx 1092 : 9333 93596 0 0 0 0 0 0 0 
_1.ptx 1094 : 9333 93382 0 0 0 0 0 0 0 
_1.ptx 1097 : 1222623 13461749 0 0 0 0 0 0 0 
_1.ptx 1098 : 1222623 13502261 0 0 0 0 0 0 0 
_1.ptx 1099 : 1222623 12325792 0 0 0 0 0 0 0 
_1.ptx 1100 : 1222623 13660996 0 0 0 0 0 0 0 
_1.ptx 1101 : 1222623 13472213 0 0 0 0 0 0 0 
_1.ptx 1102 : 1222623 8586841 0 0 0 0 0 0 0 
_1.ptx 1103 : 1222623 12437460 0 0 0 0 0 0 0 
_1.ptx 1104 : 1222623 13469173 0 0 0 0 0 0 0 
_1.ptx 1105 : 1222623 361021045 6304000 0 0 85221 38250 0 0 
_1.ptx 1106 : 1222623 6129344 4891104 0 0 38250 38250 0 0 
_1.ptx 1107 : 1222623 12259350 0 0 0 0 0 0 0 
_1.ptx 1108 : 1222623 12251446 0 0 0 0 0 0 0 
_1.ptx 1109 : 1222623 9836736 0 0 0 0 0 0 0 
_1.ptx 1110 : 1222623 7227364 0 0 0 0 0 0 51 
_1.ptx 1113 : 26112 157664 0 0 0 0 0 0 0 
_1.ptx 1115 : 26112 186816 0 0 0 0 0 0 0 
_1.ptx 1116 : 26112 0 0 0 0 0 0 0 0 
_1.ptx 1117 : 26112 289344 0 0 0 0 0 0 0 
_1.ptx 1118 : 26112 262944 0 0 0 0 0 0 0 
_1.ptx 1119 : 26112 186432 0 0 0 0 0 0 0 
_1.ptx 1120 : 26112 158720 0 0 0 0 0 0 0 
_1.ptx 1121 : 26112 210432 0 0 0 0 0 0 0 
_1.ptx 1122 : 26112 287872 0 0 0 0 0 0 0 
_1.ptx 1123 : 26112 184608 0 0 0 0 0 0 0 
_1.ptx 1124 : 26112 183808 0 0 0 0 0 0 0 
_1.ptx 1125 : 26112 272064 0 0 0 0 0 0 0 
_1.ptx 1126 : 26112 109120 0 0 0 0 0 0 0 
_1.ptx 1127 : 26112 108032 0 0 0 0 0 0 0 
_1.ptx 1128 : 26112 289984 0 0 0 0 0 0 0 
_1.ptx 1129 : 26112 84032 0 0 0 0 0 0 0 
_1.ptx 1130 : 26112 81344 0 0 0 0 0 0 0 
_1.ptx 1131 : 26112 80384 0 0 0 0 0 0 0 
_1.ptx 1132 : 26112 185216 0 0 0 0 0 0 0 
_1.ptx 1136 : 1222623 12262294 0 0 0 0 0 0 0 
_1.ptx 1137 : 1222623 9801740 0 0 0 0 0 0 0 
_1.ptx 1138 : 1222623 12280384 0 0 0 0 0 0 0 
_1.ptx 1140 : 1222623 187069441 0 0 0 0 0 0 0 
_1.ptx 1141 : 1222623 7371647 0 0 0 0 0 0 0 
_1.ptx 1142 : 1222623 9821528 0 0 0 0 0 0 0 
_1.ptx 1143 : 1222623 7306177 0 0 0 0 0 0 9333 
_1.ptx 1145 : 9333 93810 0 0 0 0 0 0 0 
_1.ptx 1147 : 9333 93388 0 0 0 0 0 0 0 
_1.ptx 1150 : 1222623 13469685 0 0 0 0 0 0 0 
_1.ptx 1151 : 1222623 13458357 0 0 0 0 0 0 0 
_1.ptx 1152 : 1222623 12303862 0 0 0 0 0 0 0 
_1.ptx 1153 : 1222623 13668725 0 0 0 0 0 0 0 
_1.ptx 1154 : 1222623 13465503 0 0 0 0 0 0 0 
_1.ptx 1155 : 1222623 8608478 0 0 0 0 0 0 0 
_1.ptx 1156 : 1222623 12481884 0 0 0 0 0 0 0 
_1.ptx 1157 : 1222623 13461877 0 0 0 0 0 0 0 
_1.ptx 1158 : 1222623 343909221 6503296 0 0 80478 38250 0 0 
_1.ptx 1159 : 1222623 6142779 4891104 0 0 38250 38250 0 0 
_1.ptx 1160 : 1222623 12240315 0 0 0 0 0 0 0 
_1.ptx 1161 : 1222623 12255584 0 0 0 0 0 0 0 
_1.ptx 1162 : 1222623 9819158 0 0 0 0 0 0 0 
_1.ptx 1163 : 1222623 7218505 0 0 0 0 0 0 51 
_1.ptx 1166 : 26112 157728 0 0 0 0 0 0 0 
_1.ptx 1168 : 26112 188128 0 0 0 0 0 0 0 
_1.ptx 1169 : 26112 0 0 0 0 0 0 0 0 
_1.ptx 1170 : 26112 289504 0 0 0 0 0 0 0 
_1.ptx 1171 : 26112 261664 0 0 0 0 0 0 0 
_1.ptx 1172 : 26112 185152 0 0 0 0 0 0 0 
_1.ptx 1173 : 26112 158240 0 0 0 0 0 0 0 
_1.ptx 1174 : 26112 209824 0 0 0 0 0 0 0 
_1.ptx 1175 : 26112 287584 0 0 0 0 0 0 0 
_1.ptx 1176 : 26112 184288 0 0 0 0 0 0 0 
_1.ptx 1177 : 26112 184288 0 0 0 0 0 0 0 
_1.ptx 1178 : 26112 264320 0 0 0 0 0 0 0 
_1.ptx 1179 : 26112 107520 0 0 0 0 0 0 0 
_1.ptx 1180 : 26112 107040 0 0 0 0 0 0 0 
_1.ptx 1181 : 26112 288032 0 0 0 0 0 0 0 
_1.ptx 1182 : 26112 289792 0 0 0 0 0 0 0 
_1.ptx 1183 : 26112 203680 0 0 0 0 0 0 0 
_1.ptx 1187 : 1222623 349581545 4896000 0 0 38250 38250 0 0 
_1.ptx 1188 : 1222623 326402121 4173056 0 0 38250 38250 0 0 
_1.ptx 1189 : 1222623 13462645 0 0 0 0 0 0 0 
_1.ptx 1190 : 1222623 6146720 0 0 0 38250 38250 0 0 
_1.ptx 1191 : 1222623 12245413 0 0 0 0 0 0 0 
_1.ptx 1192 : 1222623 12242149 0 0 0 0 0 0 0 
_1.ptx 1193 : 1222623 12272192 0 0 0 0 0 0 0 
_1.ptx 1194 : 1222623 9799229 0 0 0 0 0 0 0 
_1.ptx 1195 : 1222623 7202559 0 0 0 0 0 0 51 
_1.ptx 1198 : 26112 183680 0 0 0 0 0 0 0 
_1.ptx 1199 : 26112 117374 0 0 0 0 0 0 51 
_1.ptx 1200 : 6681 73561 0 0 0 0 0 0 0 
_1.ptx 1201 : 6681 67215 0 0 0 0 0 0 0 
_1.ptx 1202 : 6681 47637 0 0 0 0 0 0 0 
_1.ptx 1203 : 6681 40098 0 0 0 0 0 0 0 
_1.ptx 1204 : 6681 53835 0 0 0 0 0 0 0 
_1.ptx 1205 : 6681 73590 0 0 0 0 0 0 0 
_1.ptx 1206 : 6681 46933 0 0 0 0 0 0 0 
_1.ptx 1207 : 6681 46936 0 0 0 0 0 0 0 
_1.ptx 1211 : 6681 48085 0 0 0 0 0 0 0 
_1.ptx 1212 : 6681 73727 0 0 0 0 0 0 0 
_1.ptx 1213 : 6681 53483 0 0 0 0 0 0 0 
_1.ptx 1214 : 6681 0 0 0 0 0 0 0 0 
_1.ptx 1215 : 6681 47288 0 0 0 0 0 0 0 
_1.ptx 1216 : 6681 72093 0 0 0 0 0 0 0 
_1.ptx 1217 : 6681 26852 0 0 0 0 0 0 0 
_1.ptx 1218 : 6681 47105 0 0 0 0 0 0 0 
_1.ptx 1219 : 6681 84672 0 0 0 0 0 0 0 
_1.ptx 1220 : 6681 73654 0 0 0 0 0 0 0 
_1.ptx 1221 : 6681 40150 0 0 0 0 0 0 0 
_1.ptx 1225 : 1222623 332168222 5137664 0 0 83385 46665 0 0 
_1.ptx 1226 : 1222623 13479271 0 0 0 0 0 0 0 
_1.ptx 1227 : 1222623 7438491 0 0 0 83385 46665 0 0 
_1.ptx 1229 : 1222623 9351911 0 0 0 0 0 0 0 
_1.ptx 1230 : 1222623 13480926 0 0 0 0 0 0 0 
_1.ptx 1231 : 1222623 13502722 0 0 0 0 0 0 0 
_1.ptx 1232 : 1222623 9800735 0 0 0 0 0 0 0 
_1.ptx 1233 : 1222623 7309323 0 0 0 0 0 0 0 
_1.ptx 1235 : 6681 66927 0 0 0 0 0 0 0 
_1.ptx 1236 : 6681 53675 0 0 0 0 0 0 0 
_1.ptx 1237 : 6681 0 0 0 0 0 0 0 0 
_1.ptx 1240 : 26112 157664 0 0 0 0 0 0 0 
_1.ptx 1242 : 26112 188160 0 0 0 0 0 0 0 
_1.ptx 1243 : 26112 0 0 0 0 0 0 0 0 
_1.ptx 1244 : 26112 288512 0 0 0 0 0 0 0 
_1.ptx 1245 : 26112 263264 0 0 0 0 0 0 0 
_1.ptx 1246 : 26112 186176 0 0 0 0 0 0 0 
_1.ptx 1247 : 26112 158496 0 0 0 0 0 0 0 
_1.ptx 1248 : 26112 209920 0 0 0 0 0 0 0 
_1.ptx 1249 : 26112 288864 0 0 0 0 0 0 0 
_1.ptx 1250 : 26112 187200 0 0 0 0 0 0 0 
_1.ptx 1251 : 26112 185056 0 0 0 0 0 0 0 
_1.ptx 1252 : 26112 272512 0 0 0 0 0 0 0 
_1.ptx 1253 : 26112 107680 0 0 0 0 0 0 0 
_1.ptx 1254 : 26112 109120 0 0 0 0 0 0 0 
_1.ptx 1255 : 26112 288320 0 0 0 0 0 0 0 
_1.ptx 1256 : 26112 80672 0 0 0 0 0 0 0 
_1.ptx 1257 : 26112 80480 0 0 0 0 0 0 0 
_1.ptx 1258 : 26112 79904 0 0 0 0 0 0 0 
_1.ptx 1259 : 26112 186272 0 0 0 0 0 0 0 
_1.ptx 1263 : 875211 8792087 0 0 0 0 0 0 0 
_1.ptx 1264 : 875211 7033290 0 0 0 0 0 0 0 
_1.ptx 1265 : 875211 8829842 0 0 0 0 0 0 0 
_1.ptx 1267 : 875211 134523898 0 0 0 0 0 0 0 
_1.ptx 1268 : 875211 5281794 0 0 0 0 0 0 0 
_1.ptx 1269 : 875211 7029331 0 0 0 0 0 0 0 
_1.ptx 1270 : 875211 5230309 0 0 0 0 0 0 6681 
_1.ptx 1272 : 6681 67258 0 0 0 0 0 0 0 
_1.ptx 1274 : 6681 66909 0 0 0 0 0 0 0 
_1.ptx 1277 : 875211 9642850 0 0 0 0 0 0 0 
_1.ptx 1278 : 875211 9643156 0 0 0 0 0 0 0 
_1.ptx 1279 : 875211 8830418 0 0 0 0 0 0 0 
_1.ptx 1280 : 875211 9766143 0 0 0 0 0 0 0 
_1.ptx 1281 : 875211 9637410 0 0 0 0 0 0 0 
_1.ptx 1282 : 875211 6144383 0 0 0 0 0 0 0 
_1.ptx 1283 : 875211 8914179 0 0 0 0 0 0 0 
_1.ptx 1284 : 875211 9644139 0 0 0 0 0 0 0 
_1.ptx 1285 : 875211 246637060 3639040 0 0 54774 27387 0 0 
_1.ptx 1286 : 875211 4387968 3502272 0 0 27387 27387 0 0 
_1.ptx 1287 : 875211 8878863 0 0 0 0 0 0 0 
_1.ptx 1288 : 875211 8791424 0 0 0 0 0 0 0 
_1.ptx 1289 : 875211 7041089 0 0 0 0 0 0 0 
_1.ptx 1290 : 875211 5133195 0 0 0 0 0 0 51 
_1.ptx 1293 : 26112 157600 0 0 0 0 0 0 0 
_1.ptx 1295 : 26112 185440 0 0 0 0 0 0 0 
_1.ptx 1296 : 26112 0 0 0 0 0 0 0 0 
_1.ptx 1297 : 26112 287680 0 0 0 0 0 0 0 
_1.ptx 1298 : 26112 261696 0 0 0 0 0 0 0 
_1.ptx 1299 : 26112 184704 0 0 0 0 0 0 0 
_1.ptx 1300 : 26112 157504 0 0 0 0 0 0 0 
_1.ptx 1301 : 26112 209472 0 0 0 0 0 0 0 
_1.ptx 1302 : 26112 287584 0 0 0 0 0 0 0 
_1.ptx 1303 : 26112 184288 0 0 0 0 0 0 0 
_1.ptx 1304 : 26112 183552 0 0 0 0 0 0 0 
_1.ptx 1305 : 26112 271232 0 0 0 0 0 0 0 
_1.ptx 1306 : 26112 105056 0 0 0 0 0 0 0 
_1.ptx 1307 : 26112 106592 0 0 0 0 0 0 0 
_1.ptx 1308 : 26112 287584 0 0 0 0 0 0 0 
_1.ptx 1309 : 26112 79136 0 0 0 0 0 0 0 
_1.ptx 1310 : 26112 78848 0 0 0 0 0 0 0 
_1.ptx 1311 : 26112 79392 0 0 0 0 0 0 0 
_1.ptx 1312 : 26112 184032 0 0 0 0 0 0 0 
_1.ptx 1316 : 875211 8777303 0 0 0 0 0 0 0 
_1.ptx 1317 : 875211 7012248 0 0 0 0 0 0 0 
_1.ptx 1318 : 875211 8794126 0 0 0 0 0 0 0 
_1.ptx 1320 : 875211 133929891 0 0 0 0 0 0 0 
_1.ptx 1321 : 875211 5263275 0 0 0 0 0 0 0 
_1.ptx 1322 : 875211 7019978 0 0 0 0 0 0 0 
_1.ptx 1323 : 875211 5221050 0 0 0 0 0 0 6681 
_1.ptx 1325 : 6681 66955 0 0 0 0 0 0 0 
_1.ptx 1327 : 6681 66885 0 0 0 0 0 0 0 
_1.ptx 1330 : 875211 9672953 0 0 0 0 0 0 0 
_1.ptx 1331 : 875211 9635106 0 0 0 0 0 0 0 
_1.ptx 1332 : 875211 8861216 0 0 0 0 0 0 0 
_1.ptx 1333 : 875211 9789644 0 0 0 0 0 0 0 
_1.ptx 1334 : 875211 9636249 0 0 0 0 0 0 0 
_1.ptx 1335 : 875211 6160013 0 0 0 0 0 0 0 
_1.ptx 1336 : 875211 8932331 0 0 0 0 0 0 0 
_1.ptx 1337 : 875211 9636377 0 0 0 0 0 0 0 
_1.ptx 1338 : 875211 242156580 3413504 0 0 27387 27387 0 0 
_1.ptx 1339 : 875211 4389495 3502272 0 0 27387 27387 0 0 
_1.ptx 1340 : 875211 8767982 0 0 0 0 0 0 0 
_1.ptx 1341 : 875211 8759296 0 0 0 0 0 0 0 
_1.ptx 1342 : 875211 7014936 0 0 0 0 0 0 0 
_1.ptx 1343 : 875211 5112363 0 0 0 0 0 0 51 
_1.ptx 1346 : 26112 157568 0 0 0 0 0 0 0 
_1.ptx 1348 : 26112 188800 0 0 0 0 0 0 0 
_1.ptx 1349 : 26112 0 0 0 0 0 0 0 0 
_1.ptx 1350 : 26112 288896 0 0 0 0 0 0 0 
_1.ptx 1351 : 26112 262432 0 0 0 0 0 0 0 
_1.ptx 1352 : 26112 186560 0 0 0 0 0 0 0 
_1.ptx 1353 : 26112 158112 0 0 0 0 0 0 0 
_1.ptx 1354 : 26112 209792 0 0 0 0 0 0 0 
_1.ptx 1355 : 26112 288064 0 0 0 0 0 0 0 
_1.ptx 1356 : 26112 184384 0 0 0 0 0 0 0 
_1.ptx 1357 : 26112 187392 0 0 0 0 0 0 0 
_1.ptx 1358 : 26112 268928 0 0 0 0 0 0 0 
_1.ptx 1359 : 26112 106912 0 0 0 0 0 0 0 
_1.ptx 1360 : 26112 108960 0 0 0 0 0 0 0 
_1.ptx 1361 : 26112 287648 0 0 0 0 0 0 0 
_1.ptx 1362 : 26112 288544 0 0 0 0 0 0 0 
_1.ptx 1363 : 26112 184672 0 0 0 0 0 0 0 
_1.ptx 1367 : 875211 249477355 3505280 0 0 27387 27387 0 0 
_1.ptx 1368 : 875211 243636540 3291904 0 0 27387 27387 0 0 
_1.ptx 1369 : 875211 9629689 0 0 0 0 0 0 0 
_1.ptx 1370 : 875211 4386295 0 0 0 27387 27387 0 0 
_1.ptx 1371 : 875211 8754583 0 0 0 0 0 0 0 
_1.ptx 1372 : 875211 8754903 0 0 0 0 0 0 0 
_1.ptx 1373 : 875211 8767008 0 0 0 0 0 0 0 
_1.ptx 1374 : 875211 7007128 0 0 0 0 0 0 0 
_1.ptx 1375 : 875211 5099371 0 0 0 0 0 0 51 
_1.ptx 1378 : 26112 158048 0 0 0 0 0 0 0 
_1.ptx 1380 : 26112 186848 0 0 0 0 0 0 0 
_1.ptx 1381 : 26112 0 0 0 0 0 0 0 0 
_1.ptx 1382 : 26112 288032 0 0 0 0 0 0 0 
_1.ptx 1383 : 26112 264608 0 0 0 0 0 0 0 
_1.ptx 1384 : 26112 185056 0 0 0 0 0 0 0 
_1.ptx 1385 : 26112 159488 0 0 0 0 0 0 0 
_1.ptx 1386 : 26112 210112 0 0 0 0 0 0 0 
_1.ptx 1387 : 26112 288224 0 0 0 0 0 0 0 
_1.ptx 1388 : 26112 185536 0 0 0 0 0 0 0 
_1.ptx 1389 : 26112 188000 0 0 0 0 0 0 0 
_1.ptx 1390 : 26112 184160 0 0 0 0 0 0 0 
_1.ptx 1391 : 26112 277504 0 0 0 0 0 0 0 
_1.ptx 1392 : 26112 106624 0 0 0 0 0 0 0 
_1.ptx 1393 : 26112 106528 0 0 0 0 0 0 0 
_1.ptx 1394 : 26112 290816 0 0 0 0 0 0 0 
_1.ptx 1395 : 26112 293984 0 0 0 0 0 0 0 
_1.ptx 1396 : 26112 191040 0 0 0 0 0 0 0 
_1.ptx 1400 : 875211 250360588 3505536 0 0 27387 27387 0 0 
_1.ptx 1402 : 875211 242824760 3173632 0 0 27387 27387 0 0 
_1.ptx 1403 : 875211 9634818 0 0 0 0 0 0 0 
_1.ptx 1404 : 875211 40494014 0 0 0 0 0 0 0 
_1.ptx 1405 : 875211 9648601 0 0 0 0 0 0 0 
_1.ptx 1407 : 875211 5257282 0 0 0 0 0 0 0 
_1.ptx 1408 : 875211 5256066 0 0 0 0 0 0 0 
_1.ptx 1409 : 875211 7033249 0 0 0 0 0 0 0 
_1.ptx 1410 : 875211 7901260 0 0 0 0 0 0 0 
_1.ptx 1411 : 875211 12911915 0 0 0 0 0 0 0 
_1.ptx 1412 : 875211 4408823 0 0 0 27387 27387 0 0 
_1.ptx 1413 : 875211 8776023 0 0 0 0 0 0 0 
_1.ptx 1414 : 875211 8760750 0 0 0 0 0 0 0 
_1.ptx 1415 : 875211 8954377 0 0 0 0 0 0 0 
_1.ptx 1416 : 875211 7013688 0 0 0 0 0 0 0 
_1.ptx 1417 : 875211 5109090 0 0 0 0 0 0 51 
_1.ptx 1420 : 26112 157888 0 0 0 0 0 0 0 
_1.ptx 1422 : 26112 184480 0 0 0 0 0 0 0 
_1.ptx 1423 : 26112 388512 256 0 0 0 0 0 0 
_1.ptx 1424 : 26112 209536 0 0 0 0 0 0 0 
_1.ptx 1425 : 26112 0 0 0 0 0 0 0 0 
_1.ptx 1426 : 26112 288512 0 0 0 0 0 0 0 
_1.ptx 1427 : 26112 262144 0 0 0 0 0 0 0 
_1.ptx 1428 : 26112 185440 0 0 0 0 0 0 0 
_1.ptx 1429 : 26112 156960 0 0 0 0 0 0 0 
_1.ptx 1430 : 26112 209312 0 0 0 0 0 0 0 
_1.ptx 1431 : 26112 287680 0 0 0 0 0 0 0 
_1.ptx 1432 : 26112 183232 0 0 0 0 0 0 0 
_1.ptx 1433 : 26112 185184 0 0 0 0 0 0 0 
_1.ptx 1434 : 26112 264992 0 0 0 0 0 0 0 
_1.ptx 1435 : 26112 287488 0 0 0 0 0 0 0 
_1.ptx 1436 : 26112 969792 3072 0 0 0 0 0 0 
_1.ptx 1437 : 26112 288032 0 0 0 0 0 0 0 
_1.ptx 1438 : 26112 184864 0 0 0 0 0 0 0 
_1.ptx 1442 : 132651 37987294 532608 0 0 8164 4182 0 0 
_1.ptx 1444 : 132651 1461977 0 0 0 0 0 0 0 
_1.ptx 1445 : 132651 666199 532032 0 0 4182 4182 0 0 
_1.ptx 1446 : 132651 1328014 0 0 0 0 0 0 0 
_1.ptx 1447 : 132651 1330958 0 0 0 0 0 0 0 
_1.ptx 1448 : 132651 1335854 0 0 0 0 0 0 0 
_1.ptx 1449 : 132651 1065880 0 0 0 0 0 0 0 
_1.ptx 1450 : 132651 642922 0 0 0 0 0 0 51 
_1.ptx 1453 : 26112 157728 0 0 0 0 0 0 0 
_1.ptx 1455 : 26112 187840 0 0 0 0 0 0 0 
_1.ptx 1456 : 26112 210368 0 0 0 0 0 0 0 
_1.ptx 1457 : 26112 142538 0 0 0 0 0 0 51 
_1.ptx 1458 : 2601 15606 0 0 0 0 0 0 0 
_1.ptx 1459 : 2601 28611 0 0 0 0 0 0 0 
_1.ptx 1460 : 2601 26010 0 0 0 0 0 0 0 
_1.ptx 1461 : 2601 18207 0 0 0 0 0 0 0 
_1.ptx 1462 : 2601 15606 0 0 0 0 0 0 0 
_1.ptx 1463 : 2601 20979 0 0 0 0 0 0 0 
_1.ptx 1464 : 2601 28662 0 0 0 0 0 0 0 
_1.ptx 1465 : 2601 18546 0 0 0 0 0 0 0 
_1.ptx 1466 : 2601 18661 0 0 0 0 0 0 0 
_1.ptx 1467 : 2601 7841 0 0 0 0 0 0 0 
_1.ptx 1468 : 2601 15606 0 0 0 0 0 0 0 
_1.ptx 1469 : 2601 21582 0 0 0 0 0 0 0 
_1.ptx 1470 : 2601 27039 0 0 0 0 0 0 0 
_1.ptx 1471 : 2601 30685 0 0 0 0 0 0 0 
_1.ptx 1472 : 2601 20054 0 0 0 0 0 0 0 
_1.ptx 1475 : 2601 0 0 0 0 0 0 0 0 
_1.ptx 1476 : 2601 18616 0 0 0 0 0 0 0 
_1.ptx 1477 : 2601 29334 0 0 0 0 0 0 0 
_1.ptx 1478 : 2601 18597 0 0 0 0 0 0 0 
_1.ptx 1479 : 2601 28694 0 0 0 0 0 0 0 
_1.ptx 1480 : 2601 18841 0 0 0 0 0 0 0 
_1.ptx 1481 : 2601 27884 0 0 0 0 0 0 0 
_1.ptx 1482 : 2601 28840 0 0 0 0 0 0 0 
_1.ptx 1483 : 2601 15861 0 0 0 0 0 0 0 
_1.ptx 1484 : 2601 18914 0 0 0 0 0 0 0 
_1.ptx 1488 : 132651 4744739 0 0 0 132651 5202 0 0 
_1.ptx 1489 : 132651 1460808 0 0 0 0 0 0 0 
_1.ptx 1490 : 132651 1329057 0 0 0 0 0 0 0 
_1.ptx 1491 : 132651 1326765 0 0 0 0 0 0 0 
_1.ptx 1492 : 132651 1093881 0 0 0 0 0 0 0 
_1.ptx 1493 : 132651 781014 0 0 0 0 0 0 0 
_1.ptx 1494 : 2601 16271 0 0 0 0 0 0 0 
_1.ptx 1499 : 2601 15057 0 102 102 0 0 0 0 
_1.ptx 1500 : 2601 26252 0 0 0 0 0 0 0 
_1.ptx 1501 : 2601 26048 0 0 0 0 0 0 0 
_1.ptx 1502 : 2601 20846 0 0 0 0 0 0 0 
_1.ptx 1503 : 2601 0 0 0 0 0 0 0 0 
_1.ptx 1505 : 26112 158944 0 0 0 0 0 0 0 
_1.ptx 1507 : 26112 159936 0 0 0 0 0 0 0 
_1.ptx 1509 : 26112 186880 0 0 0 0 0 0 0 
_1.ptx 1510 : 26112 78688 0 0 0 0 0 0 0 
_1.ptx 1511 : 26112 210304 0 0 0 0 0 0 0 
_1.ptx 1512 : 26112 142058 0 0 0 0 0 0 51 
_1.ptx 1513 : 2601 15606 0 0 0 0 0 0 0 
_1.ptx 1514 : 2601 28611 0 0 0 0 0 0 0 
_1.ptx 1515 : 2601 26010 0 0 0 0 0 0 0 
_1.ptx 1516 : 2601 18207 0 0 0 0 0 0 0 
_1.ptx 1517 : 2601 15606 0 0 0 0 0 0 0 
_1.ptx 1518 : 2601 20846 0 0 0 0 0 0 0 
_1.ptx 1519 : 2601 28611 0 0 0 0 0 0 0 
_1.ptx 1520 : 2601 18207 0 0 0 0 0 0 0 
_1.ptx 1521 : 2601 18207 0 0 0 0 0 0 0 
_1.ptx 1522 : 2601 18207 0 0 0 0 0 0 0 
_1.ptx 1523 : 2601 7803 0 0 0 0 0 0 0 
_1.ptx 1524 : 2601 15606 0 0 0 0 0 0 0 
_1.ptx 1525 : 2601 20878 0 0 0 0 0 0 0 
_1.ptx 1526 : 2601 29746 0 0 0 0 0 0 0 
_1.ptx 1527 : 2601 28867 0 0 0 0 0 0 0 
_1.ptx 1528 : 2601 18887 0 0 0 0 0 0 0 
_1.ptx 1531 : 2601 0 0 0 0 0 0 0 0 
_1.ptx 1532 : 2601 18940 0 0 0 0 0 0 0 
_1.ptx 1533 : 2601 19258 0 0 0 0 0 0 0 
_1.ptx 1534 : 2601 10830 0 0 0 0 0 0 0 
_1.ptx 1535 : 2601 18277 0 0 0 0 0 0 0 
_1.ptx 1536 : 2601 26803 0 0 0 0 0 0 0 
_1.ptx 1537 : 2601 29512 0 0 0 0 0 0 0 
_1.ptx 1538 : 2601 28694 0 0 0 0 0 0 0 
_1.ptx 1539 : 2601 15848 0 0 0 0 0 0 0 
_1.ptx 1540 : 2601 16628 0 0 0 0 0 0 0 
_1.ptx 1541 : 2601 18628 0 0 0 0 0 0 0 
_1.ptx 1545 : 132651 20047890 4992 0 0 9180 5202 0 0 
_1.ptx 1546 : 132651 1464650 0 0 0 0 0 0 0 
_1.ptx 1547 : 132651 1364549 0 0 0 0 0 0 0 
_1.ptx 1548 : 132651 1464509 0 0 0 0 0 0 0 
_1.ptx 1549 : 132651 1077635 0 0 0 0 0 0 0 
_1.ptx 1550 : 132651 792036 0 0 0 0 0 0 0 
_1.ptx 1551 : 2601 15900 0 0 0 0 0 0 0 
_1.ptx 1556 : 2601 13203 0 102 102 0 0 0 0 
_1.ptx 1557 : 2601 26010 0 0 0 0 0 0 0 
_1.ptx 1558 : 2601 26093 0 0 0 0 0 0 0 
_1.ptx 1559 : 2601 26213 0 0 0 0 0 0 0 
_1.ptx 1560 : 2601 20903 0 0 0 0 0 0 0 
_1.ptx 1561 : 2601 0 0 0 0 0 0 0 0 
_1.ptx 1563 : 26112 158592 0 0 0 0 0 0 0 
_1.ptx 1565 : 26112 157728 0 0 0 0 0 0 0 
_1.ptx 1566 : 26112 161536 0 0 0 0 0 0 0 
_1.ptx 1567 : 26112 210016 0 0 0 0 0 0 0 
_1.ptx 1568 : 26112 157582 0 0 0 0 0 0 51 
_1.ptx 1570 : 51 319 0 0 0 0 0 0 0 
_1.ptx 1571 : 51 317 0 0 0 0 0 0 0 
_1.ptx 1572 : 51 415 0 0 0 0 0 0 0 
_1.ptx 1573 : 51 0 0 0 0 0 0 0 0 
_1.ptx 1574 : 51 360 0 0 0 0 0 0 0 
_1.ptx 1575 : 51 364 0 0 0 0 0 0 0 
_1.ptx 1576 : 51 311 0 0 0 0 0 0 0 
_1.ptx 1577 : 51 366 0 0 0 0 0 0 0 
_1.ptx 1581 : 2601 21174 0 2601 2601 0 0 0 0 
_1.ptx 1582 : 2601 28716 0 0 0 0 0 0 0 
_1.ptx 1583 : 2601 26332 0 0 0 0 0 0 0 
_1.ptx 1584 : 2601 26189 0 0 0 0 0 0 0 
_1.ptx 1585 : 2601 21213 0 0 0 0 0 0 0 
_1.ptx 1586 : 2601 15547 0 0 0 0 0 0 0 
_1.ptx 1587 : 51 211 0 51 51 0 0 0 0 
_1.ptx 1588 : 51 310 0 0 0 0 0 0 0 
_1.ptx 1593 : 26061 157902 0 0 0 0 0 0 0 
_1.ptx 1594 : 26061 208680 0 0 0 0 0 0 0 
_1.ptx 1595 : 26061 157436 0 0 0 0 0 0 51 
_1.ptx 1597 : 51 306 0 0 0 0 0 0 0 
_1.ptx 1598 : 51 153 0 0 0 0 0 0 0 
_1.ptx 1599 : 51 306 0 0 0 0 0 0 0 
_1.ptx 1600 : 51 408 0 0 0 0 0 0 0 
_1.ptx 1601 : 51 0 0 0 0 0 0 0 0 
_1.ptx 1602 : 51 357 0 0 0 0 0 0 0 
_1.ptx 1603 : 51 357 0 0 0 0 0 0 0 
_1.ptx 1604 : 51 306 0 0 0 0 0 0 0 
_1.ptx 1605 : 51 357 0 0 0 0 0 0 0 
_1.ptx 1609 : 2601 21104 0 2601 2601 0 0 0 0 
_1.ptx 1610 : 2601 28678 0 0 0 0 0 0 0 
_1.ptx 1611 : 2601 26308 0 0 0 0 0 0 0 
_1.ptx 1612 : 2601 26214 0 0 0 0 0 0 0 
_1.ptx 1613 : 2601 21237 0 0 0 0 0 0 0 
_1.ptx 1614 : 2601 15517 0 0 0 0 0 0 0 
_1.ptx 1615 : 51 210 0 51 51 0 0 0 0 
_1.ptx 1616 : 51 310 0 0 0 0 0 0 0 
_1.ptx 1623 : 26112 157664 0 0 0 0 0 0 0 
_1.ptx 1624 : 26112 161704 0 0 0 0 0 0 51 
_1.ptx 1626 : 51 368 0 0 0 0 0 0 0 
_1.ptx 1627 : 51 361 0 51 51 0 0 0 0 
_1.ptx 1628 : 51 2346 0 0 0 0 0 0 0 
_1.ptx 1629 : 51 510 0 0 0 0 0 0 0 
_1.ptx 1630 : 51 357 0 0 0 0 0 0 0 
_1.ptx 1631 : 51 714 0 0 0 0 0 0 0 
_1.ptx 1632 : 51 357 0 51 51 0 0 0 0 
_1.ptx 1633 : 51 2346 0 0 0 0 0 0 0 
_1.ptx 1634 : 51 566 0 0 0 0 0 0 0 
_1.ptx 1635 : 51 563 0 0 0 0 0 0 0 
_1.ptx 1636 : 51 721 0 0 0 0 0 0 0 
_1.ptx 1637 : 51 562 0 0 0 0 0 0 0 
_1.ptx 1638 : 51 211 0 51 51 0 0 0 0 
_1.ptx 1641 : 26112 158016 0 0 0 0 0 0 0 
_1.ptx 1643 : 26112 186240 0 0 0 0 0 0 0 
_1.ptx 1644 : 26112 0 0 0 0 0 0 0 0 
_1.ptx 1645 : 26112 288352 0 0 0 0 0 0 0 
_1.ptx 1646 : 26112 262880 0 0 0 0 0 0 0 
_1.ptx 1647 : 26112 186176 0 0 0 0 0 0 0 
_1.ptx 1648 : 26112 156960 0 0 0 0 0 0 0 
_1.ptx 1649 : 26112 209536 0 0 0 0 0 0 0 
_1.ptx 1650 : 26112 287552 0 0 0 0 0 0 0 
_1.ptx 1651 : 26112 183488 0 0 0 0 0 0 0 
_1.ptx 1652 : 26112 185120 0 0 0 0 0 0 0 
_1.ptx 1653 : 26112 264736 0 0 0 0 0 0 0 
_1.ptx 1654 : 26112 106432 0 0 0 0 0 0 0 
_1.ptx 1655 : 26112 288800 0 0 0 0 0 0 0 
_1.ptx 1656 : 26112 184512 0 816 816 0 0 0 0 
_1.ptx 1657 : 26112 183488 0 0 0 0 0 0 0 
_1.ptx 1661 : 875211 239539358 3295488 0 0 27387 27387 0 0 
_1.ptx 1663 : 875211 6191126 0 27387 27387 0 0 0 0 
_1.ptx 1665 : 875211 9634489 0 0 0 0 0 0 0 
_1.ptx 1666 : 875211 4406711 0 0 0 27387 27387 0 0 
_1.ptx 1667 : 875211 8755502 0 0 0 0 0 0 0 
_1.ptx 1668 : 875211 8760718 0 0 0 0 0 0 0 
_1.ptx 1669 : 875211 7008600 0 0 0 0 0 0 0 
_1.ptx 1670 : 875211 5106475 0 0 0 0 0 0 51 
_1.ptx 1673 : 26112 157408 0 0 0 0 0 0 0 
_1.ptx 1675 : 26112 185984 0 0 0 0 0 0 0 
_1.ptx 1676 : 26112 0 0 0 0 0 0 0 0 
_1.ptx 1677 : 26112 288448 0 0 0 0 0 0 0 
_1.ptx 1678 : 26112 261792 0 0 0 0 0 0 0 
_1.ptx 1679 : 26112 185504 0 0 0 0 0 0 0 
_1.ptx 1680 : 26112 156896 0 0 0 0 0 0 0 
_1.ptx 1681 : 26112 209536 0 0 0 0 0 0 0 
_1.ptx 1682 : 26112 287328 0 0 0 0 0 0 0 
_1.ptx 1683 : 26112 184864 0 0 0 0 0 0 0 
_1.ptx 1684 : 26112 184096 0 0 0 0 0 0 0 
_1.ptx 1685 : 26112 184960 0 0 0 0 0 0 0 
_1.ptx 1686 : 26112 266368 0 0 0 0 0 0 0 
_1.ptx 1687 : 26112 105248 0 0 0 0 0 0 0 
_1.ptx 1688 : 26112 108128 0 0 0 0 0 0 0 
_1.ptx 1689 : 26112 287360 0 0 0 0 0 0 0 
_1.ptx 1690 : 26112 288384 0 0 0 0 0 0 0 
_1.ptx 1691 : 26112 186976 0 816 816 0 0 0 0 
_1.ptx 1692 : 26112 186720 0 0 0 0 0 0 0 
_1.ptx 1696 : 875211 251495812 3505536 0 0 27387 27387 0 0 
_1.ptx 1697 : 875211 260264080 3500672 0 0 27387 27387 0 0 
_1.ptx 1699 : 875211 6172863 0 27387 27387 0 0 0 0 
_1.ptx 1701 : 875211 9635609 0 0 0 0 0 0 0 
_1.ptx 1702 : 875211 40275066 0 0 0 0 0 0 0 
_1.ptx 1703 : 875211 9636633 0 0 0 0 0 0 0 
_1.ptx 1704 : 875211 4388535 0 0 0 27387 27387 0 0 
_1.ptx 1705 : 875211 8757239 0 0 0 0 0 0 0 
_1.ptx 1706 : 875211 8758894 0 0 0 0 0 0 0 
_1.ptx 1707 : 875211 8776014 0 0 0 0 0 0 0 
_1.ptx 1708 : 875211 7012266 0 0 0 0 0 0 0 
_1.ptx 1709 : 875211 5106772 0 0 0 0 0 0 51 
_1.ptx 1712 : 26112 157472 0 0 0 0 0 0 0 
_1.ptx 1714 : 26112 185568 0 0 0 0 0 0 0 
_1.ptx 1715 : 26112 0 0 0 0 0 0 0 0 
_1.ptx 1716 : 26112 287584 0 0 0 0 0 0 0 
_1.ptx 1717 : 26112 261856 0 0 0 0 0 0 0 
_1.ptx 1718 : 26112 186368 0 0 0 0 0 0 0 
_1.ptx 1719 : 26112 157088 0 0 0 0 0 0 0 
_1.ptx 1720 : 26112 209728 0 0 0 0 0 0 0 
_1.ptx 1721 : 26112 287520 0 0 0 0 0 0 0 
_1.ptx 1722 : 26112 184512 0 0 0 0 0 0 0 
_1.ptx 1723 : 26112 186880 0 0 0 0 0 0 0 
_1.ptx 1724 : 26112 271616 0 0 0 0 0 0 0 
_1.ptx 1725 : 26112 108224 0 0 0 0 0 0 0 
_1.ptx 1726 : 26112 108640 0 0 0 0 0 0 0 
_1.ptx 1727 : 26112 287584 0 0 0 0 0 0 0 
_1.ptx 1728 : 26112 288672 0 0 0 0 0 0 0 
_1.ptx 1729 : 26112 183616 0 0 0 0 0 0 0 
_1.ptx 1733 : 875211 248077094 3339520 0 0 27387 27387 0 0 
_1.ptx 1734 : 875211 259968637 3505536 0 0 27387 27387 0 0 
_1.ptx 1735 : 875211 40262906 0 0 0 0 0 0 0 
_1.ptx 1736 : 875211 4390528 0 0 0 27387 27387 0 0 
_1.ptx 1737 : 875211 8756302 0 0 0 0 0 0 0 
_1.ptx 1738 : 875211 8753358 0 0 0 0 0 0 0 
_1.ptx 1739 : 875211 8773047 0 0 0 0 0 0 0 
_1.ptx 1740 : 875211 7004440 0 0 0 0 0 0 0 
