kernel line : count latency dram_traffic smem_bk_conflicts smem_warp gmem_access_generated gmem_warp exposed_latency warp_divergence
_1.ptx 62 : 580608 3495456 0 0 0 0 0 0 0 
_1.ptx 63 : 580608 3505280 0 0 0 0 0 0 0 
_1.ptx 64 : 580608 6519168 0 0 0 0 0 0 0 
_1.ptx 65 : 580608 3493888 0 0 0 0 0 0 0 
_1.ptx 66 : 580608 6402560 0 0 0 0 0 0 0 
_1.ptx 67 : 580608 25659104 128 0 0 0 0 0 0 
_1.ptx 68 : 580608 19039456 128 0 0 0 0 0 0 
_1.ptx 69 : 580608 4096864 0 0 0 0 0 0 0 
_1.ptx 70 : 580608 5912768 0 0 0 0 0 0 0 
_1.ptx 71 : 580608 6397088 0 0 0 0 0 0 0 
_1.ptx 72 : 580608 31383680 2322432 0 0 18144 18144 0 0 
_1.ptx 73 : 580608 18366112 0 0 0 0 0 0 0 
_1.ptx 74 : 580608 22546432 0 0 0 0 0 0 0 
_1.ptx 75 : 580608 6407616 0 0 0 0 0 0 0 
_1.ptx 76 : 580608 4103520 0 0 0 0 0 0 0 
_1.ptx 77 : 580608 5946848 0 0 0 0 0 0 0 
_1.ptx 78 : 580608 6397088 0 0 0 0 0 0 0 
_1.ptx 79 : 580608 33462880 2322432 0 0 18144 18144 0 0 
_1.ptx 80 : 580608 22639680 0 0 0 0 0 0 0 
_1.ptx 81 : 580608 5892352 0 0 0 0 0 0 0 
_1.ptx 82 : 580608 6402912 0 0 0 0 0 0 0 
_1.ptx 83 : 580608 4104992 0 0 0 0 0 0 0 
_1.ptx 84 : 580608 5880832 0 0 0 0 0 0 0 
_1.ptx 85 : 580608 6399488 0 0 0 0 0 0 0 
_1.ptx 86 : 580608 38905632 2322432 0 0 18144 18144 0 0 
_1.ptx 87 : 580608 25370048 0 0 0 0 0 0 0 
_1.ptx 88 : 580608 5883264 0 0 0 0 0 0 0 
_1.ptx 89 : 580608 6403264 0 0 0 0 0 0 0 
_1.ptx 90 : 580608 4103488 0 0 0 0 0 0 0 
_1.ptx 91 : 580608 5919616 0 0 0 0 0 0 0 
_1.ptx 92 : 580608 6396896 0 0 0 0 0 0 0 
_1.ptx 93 : 580608 38021408 2322432 0 0 18144 18144 0 0 
_1.ptx 94 : 580608 26146912 0 0 0 0 0 0 0 
_1.ptx 95 : 580608 5882240 0 0 0 0 0 0 0 
_1.ptx 96 : 580608 6400608 0 0 0 0 0 0 0 
_1.ptx 97 : 580608 4106432 0 0 0 0 0 0 0 
_1.ptx 98 : 580608 5880640 0 0 0 0 0 0 0 
_1.ptx 99 : 580608 6395680 0 0 0 0 0 0 0 
_1.ptx 100 : 580608 35047968 2322432 0 0 18144 18144 0 0 
_1.ptx 102 : 580608 3493248 0 0 0 0 0 0 0 
_1.ptx 118 : 193536 1162528 0 0 0 0 0 0 0 
_1.ptx 119 : 193536 1162496 0 0 0 0 0 0 0 
_1.ptx 120 : 193536 1162336 0 0 0 0 0 0 0 
_1.ptx 121 : 193536 2182048 0 0 0 0 0 0 0 
_1.ptx 122 : 193536 2133856 0 0 0 0 0 0 0 
_1.ptx 123 : 193536 1366208 0 0 0 0 0 0 0 
_1.ptx 124 : 193536 1996096 0 0 0 0 0 0 0 
_1.ptx 125 : 193536 580672 0 0 0 0 0 0 0 
_1.ptx 126 : 193536 2132160 0 0 0 0 0 0 0 
_1.ptx 127 : 193536 56004704 774144 0 0 6048 6048 0 0 
_1.ptx 129 : 193536 586304 0 0 0 0 0 0 0 
_1.ptx 130 : 193536 2135104 0 0 0 0 0 0 0 
_1.ptx 131 : 193536 1364160 0 0 0 0 0 0 0 
_1.ptx 132 : 193536 2024736 0 0 0 0 0 0 0 
_1.ptx 133 : 193536 2133440 0 0 0 0 0 0 0 
_1.ptx 134 : 193536 58604192 774144 0 0 6048 6048 0 0 
_1.ptx 136 : 193536 1996704 0 0 0 0 0 0 0 
_1.ptx 137 : 193536 2133312 0 0 0 0 0 0 0 
_1.ptx 138 : 193536 1365728 0 0 0 0 0 0 0 
_1.ptx 139 : 193536 2009600 0 0 0 0 0 0 0 
_1.ptx 140 : 193536 2132224 0 0 0 0 0 0 0 
_1.ptx 141 : 193536 59666848 774144 0 0 6048 6048 0 0 
_1.ptx 143 : 193536 1989536 0 0 0 0 0 0 0 
_1.ptx 144 : 193536 2131360 0 0 0 0 0 0 0 
_1.ptx 145 : 193536 1389248 0 0 0 0 0 0 0 
_1.ptx 146 : 193536 2053568 0 0 0 0 0 0 0 
_1.ptx 147 : 193536 2131264 0 0 0 0 0 0 0 
_1.ptx 148 : 193536 58146464 774144 0 0 6048 6048 0 0 
_1.ptx 150 : 193536 8971424 0 0 0 0 0 0 0 
_1.ptx 151 : 193536 9019776 0 0 0 0 0 0 0 
_1.ptx 152 : 193536 9038240 0 0 0 0 0 0 0 
_1.ptx 153 : 193536 2157344 0 0 0 0 0 0 0 
_1.ptx 154 : 193536 1745440 0 0 0 0 0 0 0 
_1.ptx 155 : 193536 1749472 0 0 0 0 0 0 0 
_1.ptx 156 : 193536 1162528 0 0 0 0 0 0 0 
_1.ptx 157 : 193536 3117376 0 0 0 0 0 0 0 
_1.ptx 158 : 193536 3059872 0 0 0 0 0 0 0 
_1.ptx 159 : 193536 2130464 0 0 0 0 0 0 0 
_1.ptx 160 : 193536 1363200 0 0 0 0 0 0 0 
_1.ptx 161 : 193536 2061056 0 0 0 0 0 0 0 
_1.ptx 162 : 193536 2130944 0 0 0 0 0 0 0 
_1.ptx 163 : 193536 53102976 774144 0 0 6048 6048 0 0 
_1.ptx 164 : 193536 1161568 0 0 0 0 0 0 0 
_1.ptx 165 : 193536 2133728 0 0 0 0 0 0 0 
_1.ptx 166 : 193536 2131392 0 0 0 0 0 0 0 
_1.ptx 167 : 193536 2133472 0 0 0 0 0 0 0 
_1.ptx 168 : 193536 1162560 0 0 0 0 0 0 0 
_1.ptx 169 : 193536 2147584 0 0 0 0 0 0 0 
_1.ptx 170 : 193536 1162784 0 0 0 0 0 0 0 
_1.ptx 171 : 193536 2134304 0 0 0 0 0 0 0 
_1.ptx 172 : 193536 8974464 0 0 0 0 0 0 0 
_1.ptx 173 : 193536 2921216 0 0 0 0 0 0 0 
_1.ptx 174 : 193536 2150624 0 0 0 0 0 0 0 
_1.ptx 175 : 193536 580864 0 0 0 0 0 0 0 
_1.ptx 176 : 193536 2157184 0 0 0 0 0 0 0 
_1.ptx 177 : 193536 53305600 774144 0 0 6048 6048 0 0 
_1.ptx 178 : 193536 2871104 0 0 0 0 0 0 0 
_1.ptx 179 : 193536 2134240 0 0 0 0 0 0 0 
_1.ptx 180 : 193536 8989888 0 0 0 0 0 0 0 
_1.ptx 182 : 193536 580608 0 0 0 0 0 0 0 
_1.ptx 183 : 193536 2131744 0 0 0 0 0 0 0 
_1.ptx 184 : 193536 972448 774144 0 0 6048 6048 0 0 
_1.ptx 186 : 193536 1162016 0 0 0 0 0 0 0 
_1.ptx 208 : 193536 1165472 0 0 0 0 0 0 0 
_1.ptx 209 : 193536 1166496 0 0 0 0 0 0 0 
_1.ptx 210 : 193536 1161216 0 0 0 0 0 0 0 
_1.ptx 211 : 193536 2407424 0 0 0 0 0 0 0 
_1.ptx 212 : 193536 2129088 0 0 0 0 0 0 0 
_1.ptx 213 : 193536 1361888 0 0 0 0 0 0 0 
_1.ptx 214 : 193536 1978752 0 0 0 0 0 0 0 
_1.ptx 215 : 193536 635552 0 0 0 0 0 0 0 
_1.ptx 216 : 193536 2149056 0 0 0 0 0 0 0 
_1.ptx 217 : 193536 43809408 27136 0 0 6048 6048 0 0 
_1.ptx 219 : 193536 616224 0 0 0 0 0 0 0 
_1.ptx 220 : 193536 2128992 0 0 0 0 0 0 0 
_1.ptx 221 : 193536 1366464 0 0 0 0 0 0 0 
_1.ptx 222 : 193536 2190016 0 0 0 0 0 0 0 
_1.ptx 223 : 193536 2129664 0 0 0 0 0 0 0 
_1.ptx 224 : 193536 41498464 27264 0 0 6048 6048 0 0 
_1.ptx 226 : 193536 1965536 0 0 0 0 0 0 0 
_1.ptx 227 : 193536 2128992 0 0 0 0 0 0 0 
_1.ptx 228 : 193536 1362368 0 0 0 0 0 0 0 
_1.ptx 229 : 193536 1949120 0 0 0 0 0 0 0 
_1.ptx 230 : 193536 2130432 0 0 0 0 0 0 0 
_1.ptx 231 : 193536 37461856 29312 0 0 6048 6048 0 0 
_1.ptx 233 : 193536 1939328 0 0 0 0 0 0 0 
_1.ptx 234 : 193536 2129792 0 0 0 0 0 0 0 
_1.ptx 235 : 193536 1357056 0 0 0 0 0 0 0 
_1.ptx 236 : 193536 1946208 0 0 0 0 0 0 0 
_1.ptx 237 : 193536 2129472 0 0 0 0 0 0 0 
_1.ptx 238 : 193536 35285600 31104 0 0 6048 6048 0 0 
_1.ptx 240 : 193536 2168768 0 0 0 0 0 0 0 
_1.ptx 241 : 193536 2128896 0 0 0 0 0 0 0 
_1.ptx 242 : 193536 1359968 0 0 0 0 0 0 0 
_1.ptx 243 : 193536 1978208 0 0 0 0 0 0 0 
_1.ptx 244 : 193536 2129440 0 0 0 0 0 0 0 
_1.ptx 245 : 193536 35246912 32512 0 0 6048 6048 0 0 
_1.ptx 247 : 193536 660864 0 0 0 0 0 0 0 
_1.ptx 248 : 193536 2152416 0 0 0 0 0 0 0 
_1.ptx 249 : 193536 72886176 774144 0 0 6048 6048 0 0 
_1.ptx 251 : 193536 670016 0 0 0 0 0 0 0 
_1.ptx 252 : 193536 2148640 0 0 0 0 0 0 0 
_1.ptx 253 : 193536 74541376 774144 0 0 6048 6048 0 0 
_1.ptx 255 : 193536 2135904 0 0 0 0 0 0 0 
_1.ptx 256 : 193536 76201408 774144 0 0 6048 6048 0 0 
_1.ptx 258 : 193536 2224320 0 0 0 0 0 0 0 
_1.ptx 259 : 193536 2128992 0 0 0 0 0 0 0 
_1.ptx 260 : 193536 1370880 0 0 0 0 0 0 0 
_1.ptx 261 : 193536 1956032 0 0 0 0 0 0 0 
_1.ptx 262 : 193536 2129280 0 0 0 0 0 0 0 
_1.ptx 263 : 193536 77690624 774144 0 0 6048 6048 0 0 
_1.ptx 264 : 193536 1161216 0 0 0 0 0 0 0 
_1.ptx 265 : 193536 1549856 0 0 0 0 0 0 0 
_1.ptx 266 : 193536 92360 0 0 0 0 0 0 3151 
_1.ptx 268 : 178150 1259996 0 0 0 0 0 0 0 
_1.ptx 269 : 178150 1856860 0 0 0 0 0 0 0 
_1.ptx 270 : 178150 1962846 0 0 0 0 0 0 0 
_1.ptx 271 : 178150 108587360 336000 0 0 114727 6046 0 0 
_1.ptx 273 : 178150 1963457 0 0 0 0 0 0 0 
_1.ptx 274 : 178150 1249124 0 0 0 0 0 0 0 
_1.ptx 275 : 178150 1865952 0 0 0 0 0 0 0 
_1.ptx 276 : 178150 1961514 0 0 0 0 0 0 0 
_1.ptx 277 : 178150 139252264 365056 0 0 114727 6046 0 0 
_1.ptx 279 : 178150 1964472 0 0 0 0 0 0 0 
_1.ptx 280 : 178150 1249196 0 0 0 0 0 0 0 
_1.ptx 281 : 178150 1863023 0 0 0 0 0 0 0 
_1.ptx 282 : 178150 1961304 0 0 0 0 0 0 0 
_1.ptx 283 : 178150 172621226 342272 0 0 114727 6046 0 0 
_1.ptx 285 : 178150 1963005 0 0 0 0 0 0 0 
_1.ptx 286 : 178150 1249047 0 0 0 0 0 0 0 
_1.ptx 287 : 178150 1805228 0 0 0 0 0 0 0 
_1.ptx 288 : 178150 1962305 0 0 0 0 0 0 0 
_1.ptx 289 : 178150 178725077 282240 0 0 114727 6046 0 0 
_1.ptx 291 : 178150 1961714 0 0 0 0 0 0 0 
_1.ptx 292 : 178150 1249316 0 0 0 0 0 0 0 
_1.ptx 293 : 178150 1802894 0 0 0 0 0 0 0 
_1.ptx 294 : 178150 1960909 0 0 0 0 0 0 0 
_1.ptx 295 : 178150 180384212 277888 0 0 114727 6046 0 0 
_1.ptx 297 : 178150 8246777 0 0 0 0 0 0 0 
_1.ptx 298 : 178150 8716438 0 0 0 0 0 0 0 
_1.ptx 299 : 178150 9147358 0 0 0 0 0 0 0 
_1.ptx 300 : 178150 1069055 0 0 0 0 0 0 0 
_1.ptx 301 : 178150 1962626 0 0 0 0 0 0 0 
_1.ptx 302 : 178150 8355426 0 0 0 0 0 0 0 
_1.ptx 303 : 178150 8348941 0 0 0 0 0 0 0 
_1.ptx 304 : 178150 8317108 0 0 0 0 0 0 0 
_1.ptx 305 : 178150 1070047 0 0 0 0 0 0 0 
_1.ptx 306 : 178150 1963093 0 0 0 0 0 0 0 
_1.ptx 307 : 178150 1968375 0 0 0 0 0 0 0 
_1.ptx 308 : 178150 1967981 0 0 0 0 0 0 0 
_1.ptx 309 : 178150 1608759 0 0 0 0 0 0 0 
_1.ptx 310 : 178150 1608069 0 0 0 0 0 0 0 
_1.ptx 311 : 178150 1607656 0 0 0 0 0 0 0 
_1.ptx 312 : 178150 1609852 0 0 0 0 0 0 0 
_1.ptx 313 : 178150 1972425 0 0 0 0 0 0 0 
_1.ptx 314 : 178150 1964537 0 0 0 0 0 0 0 
_1.ptx 315 : 178150 1966212 0 0 0 0 0 0 0 
_1.ptx 316 : 178150 1965629 0 0 0 0 0 0 0 
_1.ptx 317 : 178150 1073525 0 0 0 0 0 0 0 
_1.ptx 318 : 178150 1965470 0 0 0 0 0 0 0 
_1.ptx 319 : 178150 1072969 0 0 0 0 0 0 0 
_1.ptx 320 : 178150 1963939 0 0 0 0 0 0 0 
_1.ptx 321 : 178150 2661699 0 0 0 0 0 0 0 
_1.ptx 322 : 178150 3795390 0 0 0 0 0 0 0 
_1.ptx 323 : 178150 1964885 0 0 0 0 0 0 0 
_1.ptx 324 : 178150 1072750 0 0 0 0 0 0 0 
_1.ptx 325 : 178150 1964565 0 0 0 0 0 0 0 
_1.ptx 326 : 178150 8276656 0 0 0 0 0 0 0 
_1.ptx 327 : 178150 2663522 0 0 0 0 0 0 0 
_1.ptx 328 : 178150 1966497 0 0 0 0 0 0 0 
_1.ptx 329 : 178150 1074217 0 0 0 0 0 0 0 
_1.ptx 330 : 178150 1967085 0 0 0 0 0 0 0 
_1.ptx 331 : 178150 8322057 0 0 0 0 0 0 0 
_1.ptx 332 : 178150 2664997 0 0 0 0 0 0 0 
_1.ptx 333 : 178150 1970329 0 0 0 0 0 0 0 
_1.ptx 334 : 178150 1967414 0 0 0 0 0 0 0 
_1.ptx 335 : 178150 1611977 0 0 0 0 0 0 0 
_1.ptx 336 : 178150 1612906 0 0 0 0 0 0 0 
_1.ptx 337 : 178150 2588387 0 0 0 0 0 0 0 
_1.ptx 338 : 178150 1264520 0 0 0 0 0 0 0 
_1.ptx 339 : 178150 1084108 0 0 0 0 0 0 0 
_1.ptx 340 : 178150 1970859 0 0 0 0 0 0 0 
_1.ptx 341 : 178150 1075634 0 0 0 0 0 0 0 
_1.ptx 342 : 178150 1968003 0 0 0 0 0 0 0 
_1.ptx 343 : 178150 1969663 0 0 0 0 0 0 0 
_1.ptx 345 : 178150 1075033 0 0 0 0 0 0 0 
_1.ptx 346 : 178150 1969729 0 0 0 0 0 0 0 
_1.ptx 347 : 178150 1077849 0 0 0 0 0 0 0 
_1.ptx 348 : 178150 1970169 0 0 0 0 0 0 0 
_1.ptx 349 : 178150 1077445 0 0 0 0 0 0 0 
_1.ptx 350 : 178150 1972348 0 0 0 0 0 0 0 
_1.ptx 351 : 178150 1083100 0 0 0 0 0 0 0 
_1.ptx 352 : 178150 1978826 0 0 0 0 0 0 0 
_1.ptx 353 : 178150 1614235 0 0 0 0 0 0 0 
_1.ptx 354 : 178150 1990467 0 0 0 0 0 0 0 
_1.ptx 355 : 178150 1616057 0 0 0 0 0 0 0 
_1.ptx 356 : 178150 1986274 0 0 0 0 0 0 0 
_1.ptx 357 : 178150 1614467 0 0 0 0 0 0 0 
_1.ptx 358 : 178150 1978394 0 0 0 0 0 0 0 
_1.ptx 359 : 178150 1612332 0 0 0 0 0 0 0 
_1.ptx 361 : 178150 1980407 0 0 0 0 0 0 0 
_1.ptx 362 : 178150 1992277 0 0 0 0 0 0 0 
_1.ptx 363 : 178150 1153435 0 0 0 0 0 0 0 
_1.ptx 364 : 178150 2021186 0 0 0 0 0 0 0 
_1.ptx 365 : 178150 1619465 0 0 0 0 0 0 0 
_1.ptx 366 : 178150 2012061 0 0 0 0 0 0 0 
_1.ptx 367 : 178150 1609050 0 0 0 0 0 0 0 
_1.ptx 368 : 178150 1616002 0 0 0 0 0 0 0 
_1.ptx 369 : 178150 2004490 0 0 0 0 0 0 0 
_1.ptx 370 : 178150 1610146 0 0 0 0 0 0 0 
_1.ptx 371 : 178150 1617024 0 0 0 0 0 0 0 
_1.ptx 372 : 178150 2002782 0 0 0 0 0 0 0 
_1.ptx 373 : 178150 1611152 0 0 0 0 0 0 0 
_1.ptx 374 : 178150 1625583 0 0 0 0 0 0 0 
_1.ptx 376 : 178150 2026809 0 0 0 0 0 0 0 
_1.ptx 377 : 178150 1995236 0 0 0 0 0 0 0 
_1.ptx 378 : 178150 1992467 0 0 0 0 0 0 0 
_1.ptx 379 : 178150 1971123 0 0 0 0 0 0 0 
_1.ptx 380 : 178150 1990158 0 0 0 0 0 0 0 
_1.ptx 381 : 178150 2014817 0 0 0 0 0 0 0 
_1.ptx 382 : 178150 1167597 0 0 0 0 0 0 0 
_1.ptx 383 : 178150 2017818 0 0 0 0 0 0 0 
_1.ptx 384 : 178150 1633276 0 0 0 0 0 0 0 
_1.ptx 385 : 178150 1635988 0 0 0 0 0 0 0 
_1.ptx 386 : 178150 1683135 0 0 0 0 0 0 0 
_1.ptx 387 : 178150 1984016 0 0 0 0 0 0 0 
_1.ptx 388 : 178150 1608786 0 0 0 0 0 0 0 
_1.ptx 389 : 178150 1609215 0 0 0 0 0 0 0 
_1.ptx 390 : 178150 1626739 0 0 0 0 0 0 0 
_1.ptx 392 : 178150 2055565 0 0 0 0 0 0 0 
_1.ptx 393 : 178150 1998696 0 0 0 0 0 0 0 
_1.ptx 394 : 178150 1981118 0 0 0 0 0 0 0 
_1.ptx 395 : 178150 1077174 0 0 0 0 0 0 0 
_1.ptx 396 : 178150 1966153 0 0 0 0 0 0 0 
_1.ptx 397 : 178150 1627239 0 0 0 0 0 0 0 
_1.ptx 398 : 178150 1679125 0 0 0 0 0 0 0 
_1.ptx 399 : 178150 1627888 0 0 0 0 0 0 0 
_1.ptx 400 : 178150 1673104 0 0 0 0 0 0 0 
_1.ptx 401 : 178150 1980169 0 0 0 0 0 0 0 
_1.ptx 402 : 178150 1609455 0 0 0 0 0 0 0 
_1.ptx 403 : 178150 1633279 0 0 0 0 0 0 0 
_1.ptx 405 : 178150 1097951 0 0 0 0 0 0 0 
_1.ptx 406 : 178150 1994987 0 0 0 0 0 0 0 
_1.ptx 407 : 178150 1616139 0 0 0 0 0 0 0 
_1.ptx 408 : 178150 1610880 0 0 0 0 0 0 0 
_1.ptx 409 : 178150 1621318 0 0 0 0 0 0 0 
_1.ptx 410 : 178150 1622956 0 0 0 0 0 0 0 
_1.ptx 411 : 178150 1623343 0 0 0 0 0 0 0 
_1.ptx 412 : 178150 1987849 0 0 0 0 0 0 0 
_1.ptx 413 : 178150 1617339 0 0 0 0 0 0 0 
_1.ptx 414 : 178150 1075708 0 0 0 0 0 0 0 
_1.ptx 416 : 15386 92325 0 0 0 0 0 0 0 
_1.ptx 417 : 15386 123195 0 0 0 0 0 0 0 
_1.ptx 418 : 15386 5256 0 0 0 0 0 0 55 
_1.ptx 420 : 14510 763244 0 0 0 0 0 0 0 
_1.ptx 421 : 14510 898737 0 0 0 0 0 0 0 
_1.ptx 422 : 14510 907146 0 0 0 0 0 0 0 
_1.ptx 423 : 14510 87086 0 0 0 0 0 0 0 
_1.ptx 424 : 14510 159707 0 0 0 0 0 0 0 
_1.ptx 425 : 14510 162016 0 0 0 0 0 0 0 
_1.ptx 426 : 14510 131807 0 0 0 0 0 0 0 
_1.ptx 427 : 14510 132725 0 0 0 0 0 0 0 
_1.ptx 428 : 14510 160450 0 0 0 0 0 0 0 
_1.ptx 429 : 14510 160125 0 0 0 0 0 0 0 
_1.ptx 430 : 14510 87153 0 0 0 0 0 0 0 
_1.ptx 431 : 14510 160131 0 0 0 0 0 0 0 
_1.ptx 432 : 14510 87118 0 0 0 0 0 0 0 
_1.ptx 433 : 14510 134135 0 0 0 0 0 0 0 
_1.ptx 435 : 14510 87991 0 0 0 0 0 0 0 
_1.ptx 436 : 14510 134160 0 0 0 0 0 0 0 
_1.ptx 438 : 14510 87233 0 0 0 0 0 0 0 
_1.ptx 439 : 14510 136609 0 0 0 0 0 0 0 
_1.ptx 440 : 14510 89070 0 0 0 0 0 0 0 
_1.ptx 441 : 14510 94297 0 0 0 0 0 0 0 
_1.ptx 442 : 14510 92529 0 0 0 0 0 0 0 
_1.ptx 444 : 876 5256 0 0 0 0 0 0 0 
_1.ptx 445 : 876 7044 0 0 0 0 0 0 0 
_1.ptx 446 : 876 0 0 0 0 0 0 0 0 
_1.ptx 448 : 876 5269 0 0 0 0 0 0 0 
_1.ptx 449 : 876 9749 0 0 0 0 0 0 0 
_1.ptx 450 : 876 5313 0 0 0 0 0 0 0 
_1.ptx 451 : 876 9638 0 0 0 0 0 0 0 
_1.ptx 452 : 876 5256 0 0 0 0 0 0 0 
_1.ptx 453 : 876 9694 0 0 0 0 0 0 0 
_1.ptx 454 : 876 5280 0 0 0 0 0 0 0 
_1.ptx 455 : 876 80962 0 0 0 0 0 0 0 
_1.ptx 456 : 876 9670 0 0 0 0 0 0 0 
_1.ptx 457 : 876 7885 0 0 0 0 0 0 0 
_1.ptx 458 : 876 45427 0 0 0 0 0 0 0 
_1.ptx 459 : 876 9650 0 0 0 0 0 0 0 
_1.ptx 460 : 876 7890 0 0 0 0 0 0 0 
_1.ptx 461 : 876 9250 0 0 0 0 0 0 0 
_1.ptx 462 : 876 9702 0 0 0 0 0 0 0 
_1.ptx 463 : 876 7902 0 0 0 0 0 0 0 
_1.ptx 465 : 876 45697 0 0 0 0 0 0 0 
_1.ptx 466 : 876 50981 0 0 0 0 0 0 0 
_1.ptx 467 : 876 52492 0 0 0 0 0 0 0 
_1.ptx 468 : 876 5261 0 0 0 0 0 0 0 
_1.ptx 469 : 876 9648 0 0 0 0 0 0 0 
_1.ptx 470 : 876 9649 0 0 0 0 0 0 0 
_1.ptx 471 : 876 7890 0 0 0 0 0 0 0 
_1.ptx 472 : 876 7885 0 0 0 0 0 0 0 
_1.ptx 473 : 876 9639 0 0 0 0 0 0 0 
_1.ptx 474 : 876 9764 0 0 0 0 0 0 0 
_1.ptx 475 : 876 5282 0 0 0 0 0 0 0 
_1.ptx 476 : 876 9646 0 0 0 0 0 0 0 
_1.ptx 477 : 876 9678 0 0 0 0 0 0 0 
_1.ptx 478 : 876 5303 0 0 0 0 0 0 0 
_1.ptx 479 : 876 94745 256 0 0 0 0 0 0 
_1.ptx 480 : 876 7929 0 0 0 0 0 0 0 
_1.ptx 481 : 876 7903 0 0 0 0 0 0 0 
_1.ptx 482 : 876 17482 0 0 0 0 0 0 0 
_1.ptx 483 : 876 7963 0 0 0 0 0 0 0 
_1.ptx 484 : 876 7886 0 0 0 0 0 0 0 
_1.ptx 485 : 876 3153 0 0 0 0 0 0 0 
_1.ptx 486 : 876 8067 0 0 0 0 0 0 0 
_1.ptx 487 : 876 7984 0 0 0 0 0 0 0 
_1.ptx 489 : 876 9864 0 0 0 0 0 0 0 
_1.ptx 490 : 876 9964 0 0 0 0 0 0 0 
_1.ptx 491 : 876 6166 0 0 0 0 0 0 0 
_1.ptx 492 : 876 74675 256 0 0 0 0 0 0 
_1.ptx 493 : 876 8081 0 0 0 0 0 0 0 
_1.ptx 494 : 876 9672 0 0 0 0 0 0 0 
_1.ptx 495 : 876 7888 0 0 0 0 0 0 0 
_1.ptx 496 : 876 2628 0 0 0 0 0 0 0 
_1.ptx 497 : 876 9696 0 0 0 0 0 0 0 
_1.ptx 498 : 876 7889 0 0 0 0 0 0 0 
_1.ptx 499 : 876 2628 0 0 0 0 0 0 0 
_1.ptx 500 : 876 9706 0 0 0 0 0 0 0 
_1.ptx 501 : 876 8337 0 0 0 0 0 0 0 
_1.ptx 503 : 876 10086 0 0 0 0 0 0 0 
_1.ptx 504 : 876 6051 0 0 0 0 0 0 0 
_1.ptx 505 : 876 74960 256 0 0 0 0 0 0 
_1.ptx 506 : 876 9779 0 0 0 0 0 0 0 
_1.ptx 507 : 876 7891 0 0 0 0 0 0 0 
_1.ptx 508 : 876 2628 0 0 0 0 0 0 0 
_1.ptx 509 : 876 7887 0 0 0 0 0 0 0 
_1.ptx 510 : 876 9675 0 0 0 0 0 0 0 
_1.ptx 511 : 876 7904 0 0 0 0 0 0 0 
_1.ptx 512 : 876 2628 0 0 0 0 0 0 0 
_1.ptx 513 : 876 9661 0 0 0 0 0 0 0 
_1.ptx 514 : 876 7973 0 0 0 0 0 0 0 
_1.ptx 516 : 876 5277 0 0 0 0 0 0 0 
_1.ptx 517 : 876 73717 256 0 0 0 0 0 0 
_1.ptx 518 : 876 9941 0 0 0 0 0 0 0 
_1.ptx 519 : 876 7942 0 0 0 0 0 0 0 
_1.ptx 520 : 876 2628 0 0 0 0 0 0 0 
_1.ptx 521 : 876 9681 0 0 0 0 0 0 0 
_1.ptx 522 : 876 7931 0 0 0 0 0 0 0 
_1.ptx 523 : 876 2634 0 0 0 0 0 0 0 
_1.ptx 524 : 876 7910 0 0 0 0 0 0 0 
_1.ptx 525 : 876 9709 0 0 0 0 0 0 0 
_1.ptx 526 : 876 7982 0 0 0 0 0 0 0 
_1.ptx 527 : 876 5370 0 0 0 0 0 0 0 
_1.ptx 538 : 193536 2130272 0 0 0 0 0 0 0 
_1.ptx 539 : 193536 68582368 774144 0 0 6048 6048 0 0 
_1.ptx 541 : 193536 2129568 0 0 0 0 0 0 0 
_1.ptx 542 : 193536 69491776 774144 0 0 6048 6048 0 0 
_1.ptx 544 : 193536 2152160 0 0 0 0 0 0 0 
_1.ptx 545 : 193536 2129280 0 0 0 0 0 0 0 
_1.ptx 546 : 193536 1363200 0 0 0 0 0 0 0 
_1.ptx 547 : 193536 1970048 0 0 0 0 0 0 0 
_1.ptx 548 : 193536 2131488 0 0 0 0 0 0 0 
_1.ptx 549 : 193536 70205920 774144 0 0 6048 6048 0 0 
_1.ptx 551 : 193536 1957344 0 0 0 0 0 0 0 
_1.ptx 552 : 193536 2130176 0 0 0 0 0 0 0 
_1.ptx 553 : 193536 1357792 0 0 0 0 0 0 0 
_1.ptx 554 : 193536 1982464 0 0 0 0 0 0 0 
_1.ptx 555 : 193536 2136128 0 0 0 0 0 0 0 
_1.ptx 556 : 193536 71439904 774144 0 0 6048 6048 0 0 
_1.ptx 557 : 193536 1161408 0 0 0 0 0 0 0 
_1.ptx 558 : 193536 1549824 0 0 0 0 0 0 0 
_1.ptx 559 : 193536 0 0 0 0 0 0 0 0 
_1.ptx 561 : 193536 1367840 0 0 0 0 0 0 0 
_1.ptx 562 : 193536 2185536 0 0 0 0 0 0 0 
_1.ptx 563 : 193536 2129728 0 0 0 0 0 0 0 
_1.ptx 564 : 193536 72838432 26752 0 0 46866 6048 0 0 
_1.ptx 566 : 193536 2130656 0 0 0 0 0 0 0 
_1.ptx 567 : 193536 1364800 0 0 0 0 0 0 0 
_1.ptx 568 : 193536 1955520 0 0 0 0 0 0 0 
_1.ptx 569 : 193536 2130272 0 0 0 0 0 0 0 
_1.ptx 570 : 193536 95174592 28544 0 0 46866 6048 0 0 
_1.ptx 572 : 193536 2130688 0 0 0 0 0 0 0 
_1.ptx 573 : 193536 1355840 0 0 0 0 0 0 0 
_1.ptx 574 : 193536 1978912 0 0 0 0 0 0 0 
_1.ptx 575 : 193536 2131776 0 0 0 0 0 0 0 
_1.ptx 576 : 193536 104019872 28416 0 0 46866 6048 0 0 
_1.ptx 578 : 193536 2140864 0 0 0 0 0 0 0 
_1.ptx 579 : 193536 1355872 0 0 0 0 0 0 0 
_1.ptx 580 : 193536 2099712 0 0 0 0 0 0 0 
_1.ptx 581 : 193536 2132864 0 0 0 0 0 0 0 
_1.ptx 582 : 193536 94016896 23424 0 0 46866 6048 0 0 
_1.ptx 584 : 193536 2137056 0 0 0 0 0 0 0 
_1.ptx 585 : 193536 1356384 0 0 0 0 0 0 0 
_1.ptx 586 : 193536 1972704 0 0 0 0 0 0 0 
_1.ptx 587 : 193536 2132448 0 0 0 0 0 0 0 
_1.ptx 588 : 193536 98887552 23552 0 0 46866 6048 0 0 
_1.ptx 590 : 193536 9459072 0 0 0 0 0 0 0 
_1.ptx 591 : 193536 9912448 0 0 0 0 0 0 0 
_1.ptx 592 : 193536 10866912 0 0 0 0 0 0 0 
_1.ptx 593 : 193536 1161312 0 0 0 0 0 0 0 
_1.ptx 594 : 193536 2131776 0 0 0 0 0 0 0 
_1.ptx 595 : 193536 10222208 0 0 0 0 0 0 0 
_1.ptx 596 : 193536 9633312 0 0 0 0 0 0 0 
_1.ptx 597 : 193536 9183776 0 0 0 0 0 0 0 
_1.ptx 598 : 193536 1163296 0 0 0 0 0 0 0 
_1.ptx 599 : 193536 2139584 0 0 0 0 0 0 0 
_1.ptx 600 : 193536 2216800 0 0 0 0 0 0 0 
_1.ptx 601 : 193536 2146528 0 0 0 0 0 0 0 
_1.ptx 602 : 193536 1753536 0 0 0 0 0 0 0 
_1.ptx 603 : 193536 1749536 0 0 0 0 0 0 0 
_1.ptx 604 : 193536 1751392 0 0 0 0 0 0 0 
_1.ptx 605 : 193536 1755328 0 0 0 0 0 0 0 
_1.ptx 606 : 193536 2158720 0 0 0 0 0 0 0 
_1.ptx 607 : 193536 2134912 0 0 0 0 0 0 0 
_1.ptx 608 : 193536 2135936 0 0 0 0 0 0 0 
_1.ptx 609 : 193536 2143296 0 0 0 0 0 0 0 
_1.ptx 610 : 193536 1165664 0 0 0 0 0 0 0 
_1.ptx 611 : 193536 2142528 0 0 0 0 0 0 0 
_1.ptx 612 : 193536 1162816 0 0 0 0 0 0 0 
_1.ptx 613 : 193536 2136896 0 0 0 0 0 0 0 
_1.ptx 614 : 193536 5070592 0 0 0 0 0 0 0 
_1.ptx 615 : 193536 7447424 0 0 0 0 0 0 0 
_1.ptx 616 : 193536 2147136 0 0 0 0 0 0 0 
_1.ptx 617 : 193536 1164384 0 0 0 0 0 0 0 
_1.ptx 618 : 193536 2134848 0 0 0 0 0 0 0 
_1.ptx 619 : 193536 9281248 0 0 0 0 0 0 0 
_1.ptx 620 : 193536 2846816 0 0 0 0 0 0 0 
_1.ptx 621 : 193536 2132896 0 0 0 0 0 0 0 
_1.ptx 622 : 193536 1162176 0 0 0 0 0 0 0 
_1.ptx 623 : 193536 2136064 0 0 0 0 0 0 0 
_1.ptx 624 : 193536 9044960 0 0 0 0 0 0 0 
_1.ptx 625 : 193536 2791776 0 0 0 0 0 0 0 
_1.ptx 626 : 193536 2140896 0 0 0 0 0 0 0 
_1.ptx 627 : 193536 2131264 0 0 0 0 0 0 0 
_1.ptx 628 : 193536 1744608 0 0 0 0 0 0 0 
_1.ptx 629 : 193536 1747744 0 0 0 0 0 0 0 
_1.ptx 630 : 193536 4569824 0 0 0 0 0 0 0 
_1.ptx 631 : 193536 1411104 0 0 0 0 0 0 0 
_1.ptx 632 : 193536 1193792 0 0 0 0 0 0 0 
_1.ptx 633 : 193536 2132096 0 0 0 0 0 0 0 
_1.ptx 634 : 193536 1163232 0 0 0 0 0 0 0 
_1.ptx 635 : 193536 2172928 0 0 0 0 0 0 0 
_1.ptx 636 : 193536 2170400 0 0 0 0 0 0 0 
_1.ptx 638 : 193536 2139040 0 0 0 0 0 0 0 
_1.ptx 639 : 193536 1774624 0 0 0 0 0 0 0 
_1.ptx 641 : 193536 2157568 0 0 0 0 0 0 0 
_1.ptx 642 : 193536 1777792 0 0 0 0 0 0 0 
_1.ptx 644 : 193536 2168096 0 0 0 0 0 0 0 
_1.ptx 645 : 193536 1758272 0 0 0 0 0 0 0 
_1.ptx 647 : 193536 2154016 0 0 0 0 0 0 0 
_1.ptx 648 : 193536 1751648 0 0 0 0 0 0 0 
_1.ptx 650 : 193536 2129696 0 0 0 0 0 0 0 
_1.ptx 651 : 193536 1742464 0 0 0 0 0 0 0 
_1.ptx 653 : 193536 1162624 0 0 0 0 0 0 0 
_1.ptx 654 : 193536 2181056 0 0 0 0 0 0 0 
_1.ptx 655 : 193536 2164832 0 0 0 0 0 0 0 
_1.ptx 656 : 193536 1771264 0 0 0 0 0 0 0 
_1.ptx 658 : 193536 2259200 0 0 0 0 0 0 0 
_1.ptx 659 : 193536 2250368 0 0 0 0 0 0 0 
_1.ptx 660 : 193536 2134944 0 0 0 0 0 0 0 
_1.ptx 661 : 193536 1745312 0 0 0 0 0 0 0 
_1.ptx 662 : 193536 1765824 0 0 0 0 0 0 0 
_1.ptx 664 : 193536 1786816 0 0 0 0 0 0 0 
_1.ptx 665 : 193536 1786944 0 0 0 0 0 0 0 
_1.ptx 666 : 193536 2153696 0 0 0 0 0 0 0 
_1.ptx 667 : 193536 1759296 0 0 0 0 0 0 0 
_1.ptx 669 : 193536 2224800 0 0 0 0 0 0 0 
_1.ptx 670 : 193536 2129056 0 0 0 0 0 0 0 
_1.ptx 671 : 193536 2129856 0 0 0 0 0 0 0 
_1.ptx 672 : 193536 1781056 0 0 0 0 0 0 0 
_1.ptx 674 : 193536 2369184 0 0 0 0 0 0 0 
_1.ptx 675 : 193536 2323872 0 0 0 0 0 0 0 
_1.ptx 676 : 193536 2133024 0 0 0 0 0 0 0 
_1.ptx 677 : 193536 1774656 0 0 0 0 0 0 0 
_1.ptx 679 : 193536 1165824 0 0 0 0 0 0 0 
_1.ptx 680 : 193536 2189984 0 0 0 0 0 0 0 
_1.ptx 681 : 193536 2148768 0 0 0 0 0 0 0 
_1.ptx 682 : 193536 1772800 0 0 0 0 0 0 0 
_1.ptx 684 : 193536 2170368 0 0 0 0 0 0 0 
_1.ptx 685 : 193536 1743200 0 0 0 0 0 0 0 
_1.ptx 686 : 193536 1747456 0 0 0 0 0 0 0 
_1.ptx 688 : 193536 1743392 0 0 0 0 0 0 0 
_1.ptx 690 : 193536 1764224 0 0 0 0 0 0 0 
_1.ptx 691 : 193536 1742272 0 0 0 0 0 0 0 
_1.ptx 692 : 193536 2143456 0 0 0 0 0 0 0 
_1.ptx 693 : 193536 1780544 0 0 0 0 0 0 0 
_1.ptx 695 : 193536 2215200 0 0 0 0 0 0 0 
_1.ptx 696 : 193536 2215712 0 0 0 0 0 0 0 
_1.ptx 697 : 193536 2152288 0 0 0 0 0 0 0 
_1.ptx 698 : 193536 1783712 0 0 0 0 0 0 0 
_1.ptx 700 : 193536 1195712 0 0 0 0 0 0 0 
_1.ptx 701 : 193536 2159840 0 0 0 0 0 0 0 
_1.ptx 702 : 193536 2161952 0 0 0 0 0 0 0 
_1.ptx 703 : 193536 1768512 0 0 0 0 0 0 0 
_1.ptx 705 : 193536 2196384 0 0 0 0 0 0 0 
_1.ptx 706 : 193536 1750432 0 0 0 0 0 0 0 
_1.ptx 707 : 193536 1751008 0 0 0 0 0 0 0 
_1.ptx 709 : 193536 1756704 0 0 0 0 0 0 0 
_1.ptx 711 : 193536 1808864 0 0 0 0 0 0 0 
_1.ptx 713 : 193536 1780736 0 0 0 0 0 0 0 
_1.ptx 714 : 193536 1820000 0 0 0 0 0 0 0 
_1.ptx 715 : 193536 2144288 0 0 0 0 0 0 0 
_1.ptx 716 : 193536 1749472 0 0 0 0 0 0 0 
_1.ptx 717 : 193536 1161344 0 0 0 0 0 0 0 
_1.ptx 834 : 193536 2128896 0 0 0 0 0 0 0 
_1.ptx 835 : 193536 67600768 774144 0 0 6048 6048 0 0 
_1.ptx 837 : 193536 2128928 0 0 0 0 0 0 0 
_1.ptx 838 : 193536 69549088 774144 0 0 6048 6048 0 0 
_1.ptx 840 : 193536 2153984 0 0 0 0 0 0 0 
_1.ptx 841 : 193536 2128928 0 0 0 0 0 0 0 
_1.ptx 842 : 193536 1358720 0 0 0 0 0 0 0 
_1.ptx 843 : 193536 1940384 0 0 0 0 0 0 0 
_1.ptx 844 : 193536 2133984 0 0 0 0 0 0 0 
_1.ptx 845 : 193536 69756576 774144 0 0 6048 6048 0 0 
_1.ptx 847 : 193536 1961632 0 0 0 0 0 0 0 
_1.ptx 848 : 193536 2131328 0 0 0 0 0 0 0 
_1.ptx 849 : 193536 1358656 0 0 0 0 0 0 0 
_1.ptx 850 : 193536 1975104 0 0 0 0 0 0 0 
_1.ptx 851 : 193536 2129152 0 0 0 0 0 0 0 
_1.ptx 852 : 193536 71580096 774144 0 0 6048 6048 0 0 
_1.ptx 853 : 193536 1161216 0 0 0 0 0 0 0 
_1.ptx 854 : 193536 1553440 0 0 0 0 0 0 0 
_1.ptx 855 : 193536 0 0 0 0 0 0 0 0 
_1.ptx 857 : 193536 1357216 0 0 0 0 0 0 0 
_1.ptx 858 : 193536 1970752 0 0 0 0 0 0 0 
_1.ptx 859 : 193536 2131232 0 0 0 0 0 0 0 
_1.ptx 860 : 193536 32269856 1280 0 0 13843 6048 0 0 
_1.ptx 862 : 193536 2134432 0 0 0 0 0 0 0 
_1.ptx 863 : 193536 1364448 0 0 0 0 0 0 0 
_1.ptx 864 : 193536 1968288 0 0 0 0 0 0 0 
_1.ptx 865 : 193536 2132416 0 0 0 0 0 0 0 
_1.ptx 866 : 193536 30690432 1280 0 0 13843 6048 0 0 
_1.ptx 868 : 193536 2134976 0 0 0 0 0 0 0 
_1.ptx 869 : 193536 1361568 0 0 0 0 0 0 0 
_1.ptx 870 : 193536 2217120 0 0 0 0 0 0 0 
_1.ptx 871 : 193536 2129024 0 0 0 0 0 0 0 
_1.ptx 872 : 193536 25976416 1152 0 0 13843 6048 0 0 
_1.ptx 874 : 193536 2133984 0 0 0 0 0 0 0 
_1.ptx 875 : 193536 1361376 0 0 0 0 0 0 0 
_1.ptx 876 : 193536 1965248 0 0 0 0 0 0 0 
_1.ptx 877 : 193536 2130048 0 0 0 0 0 0 0 
_1.ptx 878 : 193536 17251072 1280 0 0 13843 6048 0 0 
_1.ptx 880 : 193536 2129728 0 0 0 0 0 0 0 
_1.ptx 881 : 193536 1356288 0 0 0 0 0 0 0 
_1.ptx 882 : 193536 1992160 0 0 0 0 0 0 0 
_1.ptx 883 : 193536 2132800 0 0 0 0 0 0 0 
_1.ptx 884 : 193536 15290304 1280 0 0 13843 6048 0 0 
_1.ptx 886 : 193536 10732064 0 0 0 0 0 0 0 
_1.ptx 887 : 193536 11475488 0 0 0 0 0 0 0 
_1.ptx 888 : 193536 13010240 0 0 0 0 0 0 0 
_1.ptx 889 : 193536 1161248 0 0 0 0 0 0 0 
_1.ptx 890 : 193536 2130176 0 0 0 0 0 0 0 
_1.ptx 891 : 193536 10817088 0 0 0 0 0 0 0 
_1.ptx 892 : 193536 11322048 0 0 0 0 0 0 0 
_1.ptx 893 : 193536 12308512 0 0 0 0 0 0 0 
_1.ptx 894 : 193536 1162720 0 0 0 0 0 0 0 
_1.ptx 895 : 193536 2137632 0 0 0 0 0 0 0 
_1.ptx 896 : 193536 2155392 0 0 0 0 0 0 0 
_1.ptx 897 : 193536 2169600 0 0 0 0 0 0 0 
_1.ptx 898 : 193536 1761216 0 0 0 0 0 0 0 
_1.ptx 899 : 193536 1763840 0 0 0 0 0 0 0 
_1.ptx 900 : 193536 1755136 0 0 0 0 0 0 0 
_1.ptx 901 : 193536 1764736 0 0 0 0 0 0 0 
_1.ptx 902 : 193536 2175072 0 0 0 0 0 0 0 
_1.ptx 903 : 193536 2146624 0 0 0 0 0 0 0 
_1.ptx 904 : 193536 2137472 0 0 0 0 0 0 0 
_1.ptx 905 : 193536 2132096 0 0 0 0 0 0 0 
_1.ptx 906 : 193536 1161568 0 0 0 0 0 0 0 
_1.ptx 907 : 193536 2177440 0 0 0 0 0 0 0 
_1.ptx 908 : 193536 1216704 0 0 0 0 0 0 0 
_1.ptx 909 : 193536 2164768 0 0 0 0 0 0 0 
_1.ptx 910 : 193536 6232768 0 0 0 0 0 0 0 
_1.ptx 911 : 193536 8225984 0 0 0 0 0 0 0 
_1.ptx 912 : 193536 2142016 0 0 0 0 0 0 0 
_1.ptx 913 : 193536 1161760 0 0 0 0 0 0 0 
_1.ptx 914 : 193536 2132704 0 0 0 0 0 0 0 
_1.ptx 915 : 193536 9356384 0 0 0 0 0 0 0 
_1.ptx 916 : 193536 2788320 0 0 0 0 0 0 0 
_1.ptx 917 : 193536 2133344 0 0 0 0 0 0 0 
_1.ptx 918 : 193536 1161408 0 0 0 0 0 0 0 
_1.ptx 919 : 193536 2137408 0 0 0 0 0 0 0 
_1.ptx 920 : 193536 8993344 0 0 0 0 0 0 0 
_1.ptx 921 : 193536 4710272 0 0 0 0 0 0 0 
_1.ptx 922 : 193536 2141984 0 0 0 0 0 0 0 
_1.ptx 923 : 193536 2129152 0 0 0 0 0 0 0 
_1.ptx 924 : 193536 1741856 0 0 0 0 0 0 0 
_1.ptx 925 : 193536 1754880 0 0 0 0 0 0 0 
_1.ptx 926 : 193536 2819296 0 0 0 0 0 0 0 
_1.ptx 927 : 193536 1418080 0 0 0 0 0 0 0 
_1.ptx 928 : 193536 1201504 0 0 0 0 0 0 0 
_1.ptx 929 : 193536 2138496 0 0 0 0 0 0 0 
_1.ptx 930 : 193536 1161376 0 0 0 0 0 0 0 
_1.ptx 931 : 193536 2160960 0 0 0 0 0 0 0 
_1.ptx 932 : 193536 2174016 0 0 0 0 0 0 0 
_1.ptx 934 : 193536 2143680 0 0 0 0 0 0 0 
_1.ptx 935 : 193536 1776736 0 0 0 0 0 0 0 
_1.ptx 937 : 193536 2137568 0 0 0 0 0 0 0 
_1.ptx 938 : 193536 1754624 0 0 0 0 0 0 0 
_1.ptx 940 : 193536 2128960 0 0 0 0 0 0 0 
_1.ptx 941 : 193536 1757216 0 0 0 0 0 0 0 
_1.ptx 943 : 193536 2201792 0 0 0 0 0 0 0 
_1.ptx 944 : 193536 1744064 0 0 0 0 0 0 0 
_1.ptx 946 : 193536 2180928 0 0 0 0 0 0 0 
_1.ptx 947 : 193536 1750560 0 0 0 0 0 0 0 
_1.ptx 949 : 193536 1178080 0 0 0 0 0 0 0 
_1.ptx 950 : 193536 2162880 0 0 0 0 0 0 0 
_1.ptx 951 : 193536 2135808 0 0 0 0 0 0 0 
_1.ptx 952 : 193536 1788672 0 0 0 0 0 0 0 
_1.ptx 954 : 193536 2251648 0 0 0 0 0 0 0 
_1.ptx 955 : 193536 2212608 0 0 0 0 0 0 0 
_1.ptx 956 : 193536 2134976 0 0 0 0 0 0 0 
_1.ptx 957 : 193536 1744352 0 0 0 0 0 0 0 
_1.ptx 958 : 193536 1748640 0 0 0 0 0 0 0 
_1.ptx 960 : 193536 1776704 0 0 0 0 0 0 0 
_1.ptx 961 : 193536 1741824 0 0 0 0 0 0 0 
_1.ptx 962 : 193536 2157632 0 0 0 0 0 0 0 
_1.ptx 963 : 193536 1765952 0 0 0 0 0 0 0 
_1.ptx 965 : 193536 2280960 0 0 0 0 0 0 0 
_1.ptx 966 : 193536 2228128 0 0 0 0 0 0 0 
_1.ptx 967 : 193536 2133280 0 0 0 0 0 0 0 
_1.ptx 968 : 193536 1775680 0 0 0 0 0 0 0 
_1.ptx 970 : 193536 2337440 0 0 0 0 0 0 0 
_1.ptx 971 : 193536 2229376 0 0 0 0 0 0 0 
_1.ptx 972 : 193536 2132384 0 0 0 0 0 0 0 
_1.ptx 973 : 193536 1786848 0 0 0 0 0 0 0 
_1.ptx 975 : 193536 1164416 0 0 0 0 0 0 0 
_1.ptx 976 : 193536 2164032 0 0 0 0 0 0 0 
_1.ptx 977 : 193536 2148800 0 0 0 0 0 0 0 
_1.ptx 978 : 193536 1775712 0 0 0 0 0 0 0 
_1.ptx 980 : 193536 2182528 0 0 0 0 0 0 0 
_1.ptx 981 : 193536 1741824 0 0 0 0 0 0 0 
_1.ptx 982 : 193536 1775424 0 0 0 0 0 0 0 
_1.ptx 984 : 193536 1803168 0 0 0 0 0 0 0 
_1.ptx 986 : 193536 1852128 0 0 0 0 0 0 0 
_1.ptx 987 : 193536 1815872 0 0 0 0 0 0 0 
_1.ptx 988 : 193536 2145440 0 0 0 0 0 0 0 
_1.ptx 989 : 193536 1762656 0 0 0 0 0 0 0 
_1.ptx 991 : 193536 2200576 0 0 0 0 0 0 0 
_1.ptx 992 : 193536 2160960 0 0 0 0 0 0 0 
_1.ptx 993 : 193536 2138048 0 0 0 0 0 0 0 
_1.ptx 994 : 193536 1773504 0 0 0 0 0 0 0 
_1.ptx 996 : 193536 1165120 0 0 0 0 0 0 0 
_1.ptx 997 : 193536 2155904 0 0 0 0 0 0 0 
_1.ptx 998 : 193536 2169344 0 0 0 0 0 0 0 
_1.ptx 999 : 193536 1771744 0 0 0 0 0 0 0 
_1.ptx 1001 : 193536 2310784 0 0 0 0 0 0 0 
_1.ptx 1002 : 193536 1741824 0 0 0 0 0 0 0 
_1.ptx 1003 : 193536 1778752 0 0 0 0 0 0 0 
_1.ptx 1005 : 193536 1799776 0 0 0 0 0 0 0 
_1.ptx 1007 : 193536 1811872 0 0 0 0 0 0 0 
_1.ptx 1009 : 193536 1829248 0 0 0 0 0 0 0 
_1.ptx 1010 : 193536 1831008 0 0 0 0 0 0 0 
_1.ptx 1011 : 193536 2161664 0 0 0 0 0 0 0 
_1.ptx 1012 : 193536 1756096 0 0 0 0 0 0 0 
_1.ptx 1013 : 193536 1172288 0 0 0 0 0 0 0 
_1.ptx 1130 : 193536 2128896 0 0 0 0 0 0 0 
_1.ptx 1131 : 193536 68712000 774144 0 0 6048 6048 0 0 
_1.ptx 1133 : 193536 2128928 0 0 0 0 0 0 0 
_1.ptx 1134 : 193536 70590976 774144 0 0 6048 6048 0 0 
_1.ptx 1136 : 193536 2203200 0 0 0 0 0 0 0 
_1.ptx 1137 : 193536 2128896 0 0 0 0 0 0 0 
_1.ptx 1138 : 193536 1367392 0 0 0 0 0 0 0 
_1.ptx 1139 : 193536 1949056 0 0 0 0 0 0 0 
_1.ptx 1140 : 193536 2128896 0 0 0 0 0 0 0 
_1.ptx 1141 : 193536 70884032 774144 0 0 6048 6048 0 0 
_1.ptx 1143 : 193536 1972576 0 0 0 0 0 0 0 
_1.ptx 1144 : 193536 2131232 0 0 0 0 0 0 0 
_1.ptx 1145 : 193536 1354784 0 0 0 0 0 0 0 
_1.ptx 1146 : 193536 2116448 0 0 0 0 0 0 0 
_1.ptx 1147 : 193536 2129600 0 0 0 0 0 0 0 
_1.ptx 1148 : 193536 77008480 774144 0 0 6048 6048 0 0 
_1.ptx 1149 : 193536 1161216 0 0 0 0 0 0 0 
_1.ptx 1150 : 193536 1552672 0 0 0 0 0 0 0 
_1.ptx 1151 : 193536 0 0 0 0 0 0 0 0 
_1.ptx 1153 : 193536 1380320 0 0 0 0 0 0 0 
_1.ptx 1154 : 193536 1957984 0 0 0 0 0 0 0 
_1.ptx 1155 : 193536 2137312 0 0 0 0 0 0 0 
_1.ptx 1156 : 193536 129588704 1028992 0 0 128577 6048 0 0 
_1.ptx 1158 : 193536 2135008 0 0 0 0 0 0 0 
_1.ptx 1159 : 193536 1359520 0 0 0 0 0 0 0 
_1.ptx 1160 : 193536 1948128 0 0 0 0 0 0 0 
_1.ptx 1161 : 193536 2139168 0 0 0 0 0 0 0 
_1.ptx 1162 : 193536 187431392 1025536 0 0 128577 6048 0 0 
_1.ptx 1164 : 193536 2132352 0 0 0 0 0 0 0 
_1.ptx 1165 : 193536 1359936 0 0 0 0 0 0 0 
_1.ptx 1166 : 193536 2088384 0 0 0 0 0 0 0 
_1.ptx 1167 : 193536 2130016 0 0 0 0 0 0 0 
_1.ptx 1168 : 193536 209962976 1014528 0 0 128577 6048 0 0 
_1.ptx 1170 : 193536 2132256 0 0 0 0 0 0 0 
_1.ptx 1171 : 193536 1355072 0 0 0 0 0 0 0 
_1.ptx 1172 : 193536 1953120 0 0 0 0 0 0 0 
_1.ptx 1173 : 193536 2129728 0 0 0 0 0 0 0 
_1.ptx 1174 : 193536 213435872 1022336 0 0 128577 6048 0 0 
_1.ptx 1176 : 193536 2134816 0 0 0 0 0 0 0 
_1.ptx 1177 : 193536 1356000 0 0 0 0 0 0 0 
_1.ptx 1178 : 193536 1968256 0 0 0 0 0 0 0 
_1.ptx 1179 : 193536 2131456 0 0 0 0 0 0 0 
_1.ptx 1180 : 193536 214725152 1049856 0 0 128577 6048 0 0 
_1.ptx 1182 : 193536 8944992 0 0 0 0 0 0 0 
_1.ptx 1183 : 193536 9294880 0 0 0 0 0 0 0 
_1.ptx 1184 : 193536 9864512 0 0 0 0 0 0 0 
_1.ptx 1185 : 193536 1161280 0 0 0 0 0 0 0 
_1.ptx 1186 : 193536 2132736 0 0 0 0 0 0 0 
_1.ptx 1187 : 193536 9111872 0 0 0 0 0 0 0 
_1.ptx 1188 : 193536 9094656 0 0 0 0 0 0 0 
_1.ptx 1189 : 193536 9019776 0 0 0 0 0 0 0 
_1.ptx 1190 : 193536 1163008 0 0 0 0 0 0 0 
_1.ptx 1191 : 193536 2135040 0 0 0 0 0 0 0 
_1.ptx 1192 : 193536 2136864 0 0 0 0 0 0 0 
_1.ptx 1193 : 193536 2142208 0 0 0 0 0 0 0 
_1.ptx 1194 : 193536 1746336 0 0 0 0 0 0 0 
_1.ptx 1195 : 193536 1746976 0 0 0 0 0 0 0 
_1.ptx 1196 : 193536 1746080 0 0 0 0 0 0 0 
_1.ptx 1197 : 193536 1750624 0 0 0 0 0 0 0 
_1.ptx 1198 : 193536 2144640 0 0 0 0 0 0 0 
_1.ptx 1199 : 193536 2136128 0 0 0 0 0 0 0 
_1.ptx 1200 : 193536 2141376 0 0 0 0 0 0 0 
_1.ptx 1201 : 193536 2136736 0 0 0 0 0 0 0 
_1.ptx 1202 : 193536 1164032 0 0 0 0 0 0 0 
_1.ptx 1203 : 193536 2139648 0 0 0 0 0 0 0 
_1.ptx 1204 : 193536 1164992 0 0 0 0 0 0 0 
_1.ptx 1205 : 193536 2134560 0 0 0 0 0 0 0 
_1.ptx 1206 : 193536 2847488 0 0 0 0 0 0 0 
_1.ptx 1207 : 193536 4074560 0 0 0 0 0 0 0 
_1.ptx 1208 : 193536 2138144 0 0 0 0 0 0 0 
_1.ptx 1209 : 193536 1168736 0 0 0 0 0 0 0 
_1.ptx 1210 : 193536 2299520 0 0 0 0 0 0 0 
_1.ptx 1211 : 193536 8946656 0 0 0 0 0 0 0 
_1.ptx 1212 : 193536 2747456 0 0 0 0 0 0 0 
_1.ptx 1213 : 193536 2134528 0 0 0 0 0 0 0 
_1.ptx 1214 : 193536 1164800 0 0 0 0 0 0 0 
_1.ptx 1215 : 193536 2134592 0 0 0 0 0 0 0 
_1.ptx 1216 : 193536 9045440 0 0 0 0 0 0 0 
_1.ptx 1217 : 193536 2892384 0 0 0 0 0 0 0 
_1.ptx 1218 : 193536 2136992 0 0 0 0 0 0 0 
_1.ptx 1219 : 193536 2136000 0 0 0 0 0 0 0 
_1.ptx 1220 : 193536 1749376 0 0 0 0 0 0 0 
_1.ptx 1221 : 193536 1753728 0 0 0 0 0 0 0 
_1.ptx 1222 : 193536 2787296 0 0 0 0 0 0 0 
_1.ptx 1223 : 193536 1373984 0 0 0 0 0 0 0 
_1.ptx 1224 : 193536 1181472 0 0 0 0 0 0 0 
_1.ptx 1225 : 193536 2137696 0 0 0 0 0 0 0 
_1.ptx 1226 : 193536 1166624 0 0 0 0 0 0 0 
_1.ptx 1227 : 193536 2137088 0 0 0 0 0 0 0 
_1.ptx 1228 : 193536 2136832 0 0 0 0 0 0 0 
_1.ptx 1230 : 193536 2135648 0 0 0 0 0 0 0 
_1.ptx 1231 : 193536 1748256 0 0 0 0 0 0 0 
_1.ptx 1233 : 193536 2135968 0 0 0 0 0 0 0 
_1.ptx 1234 : 193536 1756672 0 0 0 0 0 0 0 
_1.ptx 1236 : 193536 2149888 0 0 0 0 0 0 0 
_1.ptx 1237 : 193536 1748736 0 0 0 0 0 0 0 
_1.ptx 1239 : 193536 2149888 0 0 0 0 0 0 0 
_1.ptx 1240 : 193536 1752736 0 0 0 0 0 0 0 
_1.ptx 1242 : 193536 2163968 0 0 0 0 0 0 0 
_1.ptx 1243 : 193536 1752608 0 0 0 0 0 0 0 
_1.ptx 1245 : 193536 1172832 0 0 0 0 0 0 0 
_1.ptx 1246 : 193536 2140928 0 0 0 0 0 0 0 
_1.ptx 1247 : 193536 2137792 0 0 0 0 0 0 0 
_1.ptx 1248 : 193536 1753664 0 0 0 0 0 0 0 
_1.ptx 1250 : 193536 2160608 0 0 0 0 0 0 0 
_1.ptx 1251 : 193536 2151552 0 0 0 0 0 0 0 
_1.ptx 1252 : 193536 2137376 0 0 0 0 0 0 0 
_1.ptx 1253 : 193536 1748960 0 0 0 0 0 0 0 
_1.ptx 1254 : 193536 1756736 0 0 0 0 0 0 0 
_1.ptx 1256 : 193536 1759072 0 0 0 0 0 0 0 
_1.ptx 1257 : 193536 1763936 0 0 0 0 0 0 0 
_1.ptx 1258 : 193536 2137088 0 0 0 0 0 0 0 
_1.ptx 1259 : 193536 1757984 0 0 0 0 0 0 0 
_1.ptx 1261 : 193536 2183872 0 0 0 0 0 0 0 
_1.ptx 1262 : 193536 2168064 0 0 0 0 0 0 0 
_1.ptx 1263 : 193536 2137408 0 0 0 0 0 0 0 
_1.ptx 1264 : 193536 1766752 0 0 0 0 0 0 0 
_1.ptx 1266 : 193536 2326688 0 0 0 0 0 0 0 
_1.ptx 1267 : 193536 2201408 0 0 0 0 0 0 0 
_1.ptx 1268 : 193536 2137824 0 0 0 0 0 0 0 
_1.ptx 1269 : 193536 1758624 0 0 0 0 0 0 0 
_1.ptx 1271 : 193536 1169504 0 0 0 0 0 0 0 
_1.ptx 1272 : 193536 2149504 0 0 0 0 0 0 0 
_1.ptx 1273 : 193536 2149312 0 0 0 0 0 0 0 
_1.ptx 1274 : 193536 1760160 0 0 0 0 0 0 0 
_1.ptx 1276 : 193536 2231904 0 0 0 0 0 0 0 
_1.ptx 1277 : 193536 1747232 0 0 0 0 0 0 0 
_1.ptx 1278 : 193536 1757728 0 0 0 0 0 0 0 
_1.ptx 1280 : 193536 1762208 0 0 0 0 0 0 0 
_1.ptx 1282 : 193536 1797984 0 0 0 0 0 0 0 
_1.ptx 1283 : 193536 1804512 0 0 0 0 0 0 0 
_1.ptx 1284 : 193536 2142432 0 0 0 0 0 0 0 
_1.ptx 1285 : 193536 1763904 0 0 0 0 0 0 0 
_1.ptx 1287 : 193536 2220576 0 0 0 0 0 0 0 
_1.ptx 1288 : 193536 2150720 0 0 0 0 0 0 0 
_1.ptx 1289 : 193536 2141472 0 0 0 0 0 0 0 
_1.ptx 1290 : 193536 1755904 0 0 0 0 0 0 0 
_1.ptx 1292 : 193536 1166496 0 0 0 0 0 0 0 
_1.ptx 1293 : 193536 2150880 0 0 0 0 0 0 0 
_1.ptx 1294 : 193536 2146912 0 0 0 0 0 0 0 
_1.ptx 1295 : 193536 1770080 0 0 0 0 0 0 0 
_1.ptx 1297 : 193536 2232192 0 0 0 0 0 0 0 
_1.ptx 1298 : 193536 1747776 0 0 0 0 0 0 0 
_1.ptx 1299 : 193536 1758688 0 0 0 0 0 0 0 
_1.ptx 1301 : 193536 1770080 0 0 0 0 0 0 0 
_1.ptx 1303 : 193536 1826816 0 0 0 0 0 0 0 
_1.ptx 1305 : 193536 1815328 0 0 0 0 0 0 0 
_1.ptx 1306 : 193536 1797248 0 0 0 0 0 0 0 
_1.ptx 1307 : 193536 2145888 0 0 0 0 0 0 0 
_1.ptx 1308 : 193536 1746848 0 0 0 0 0 0 0 
_1.ptx 1309 : 193536 1167296 0 0 0 0 0 0 0 
_1.ptx 1426 : 193536 616864 0 0 0 0 0 0 0 
_1.ptx 1427 : 193536 2130496 0 0 0 0 0 0 0 
_1.ptx 1428 : 193536 1028672 774144 0 0 6048 6048 0 0 
_1.ptx 1430 : 193536 2129728 0 0 0 0 0 0 0 
_1.ptx 1431 : 193536 1043712 774144 0 0 6048 6048 0 0 
_1.ptx 1433 : 193536 2129920 0 0 0 0 0 0 0 
_1.ptx 1434 : 193536 1026976 774144 0 0 6048 6048 0 0 
_1.ptx 1436 : 193536 2130272 0 0 0 0 0 0 0 
_1.ptx 1437 : 193536 1065344 774144 0 0 6048 6048 0 0 
_1.ptx 1439 : 193536 2130880 0 0 0 0 0 0 0 
_1.ptx 1440 : 193536 1055392 774144 0 0 6048 6048 0 0 
_1.ptx 1442 : 193536 1161952 0 0 0 0 0 0 0 
