kernel line : count latency dram_traffic smem_bk_conflicts smem_warp gmem_access_generated gmem_warp exposed_latency warp_divergence
_1.ptx 134 : 65536 427744 0 0 0 0 0 0 0 
_1.ptx 135 : 65536 433344 0 0 0 0 0 0 0 
_1.ptx 136 : 65536 1054848 0 0 0 0 0 0 0 
_1.ptx 137 : 65536 706592 0 0 0 0 0 0 0 
_1.ptx 138 : 65536 4200096 128 0 0 0 0 0 0 
_1.ptx 139 : 65536 588320 0 0 0 0 0 0 0 
_1.ptx 140 : 65536 505184 0 0 0 0 0 0 0 
_1.ptx 141 : 65536 601280 0 0 0 0 0 0 0 
_1.ptx 142 : 65536 0 0 0 0 0 0 0 0 
_1.ptx 144 : 65536 793664 0 0 0 0 0 0 0 
_1.ptx 145 : 65536 784480 0 0 0 0 0 0 0 
_1.ptx 146 : 65536 750720 0 0 0 0 0 0 0 
_1.ptx 147 : 65536 508864 0 0 0 0 0 0 0 
_1.ptx 151 : 65536 313664 0 0 0 0 0 0 0 
_1.ptx 152 : 65536 738848 0 0 0 0 0 0 0 
_1.ptx 153 : 65536 480928 0 0 0 0 0 0 0 
_1.ptx 154 : 65536 585856 0 0 0 0 0 0 0 
_1.ptx 155 : 65536 493056 0 0 0 0 0 0 0 
_1.ptx 156 : 65536 0 0 0 0 0 0 0 0 
_1.ptx 157 : 65536 484000 0 0 0 0 0 0 0 
_1.ptx 158 : 65536 548800 0 0 0 0 0 0 0 
_1.ptx 159 : 65536 481472 0 0 0 0 0 0 0 
_1.ptx 160 : 65536 948288 0 0 0 0 0 0 0 
_1.ptx 161 : 65536 480352 0 0 0 0 0 0 0 
_1.ptx 162 : 65536 1011232 0 0 0 0 0 0 0 
_1.ptx 163 : 65536 730784 0 0 0 0 0 0 0 
_1.ptx 164 : 65536 783968 0 0 0 0 0 0 0 
_1.ptx 165 : 65536 533696 0 0 0 0 0 0 0 
_1.ptx 166 : 65536 790592 0 0 0 0 0 0 0 
_1.ptx 167 : 65536 918080 0 0 0 0 0 0 0 
_1.ptx 168 : 65536 561600 0 0 0 0 0 0 0 
_1.ptx 169 : 65536 762240 0 0 0 0 0 0 0 
_1.ptx 170 : 65536 1024256 0 0 0 0 0 0 0 
_1.ptx 171 : 65536 769824 0 0 0 0 0 0 0 
_1.ptx 172 : 65536 771168 0 0 0 0 0 0 0 
_1.ptx 173 : 65536 564416 0 0 0 0 0 0 0 
_1.ptx 174 : 65536 577376 0 0 0 0 0 0 0 
_1.ptx 175 : 65536 546496 0 0 0 0 0 0 0 
_1.ptx 176 : 65536 550976 0 0 0 0 0 0 0 
_1.ptx 177 : 65536 941056 0 0 0 0 0 0 0 
_1.ptx 178 : 65536 1000800 0 0 0 0 0 0 0 
_1.ptx 179 : 65536 1034912 0 0 0 0 0 0 0 
_1.ptx 180 : 65536 1074656 0 0 0 0 0 0 0 
_1.ptx 181 : 65536 757312 0 0 0 0 0 0 0 
_1.ptx 182 : 65536 301984 0 0 0 0 0 0 0 
_1.ptx 183 : 65536 765184 0 0 0 0 0 0 0 
_1.ptx 184 : 65536 529280 0 0 0 0 0 0 0 
_1.ptx 188 : 655360 238325728 2232960 0 0 40960 20480 0 0 
_1.ptx 189 : 655360 4857696 0 20480 20480 0 0 0 0 
_1.ptx 190 : 655360 6779808 0 0 0 0 0 0 0 
_1.ptx 191 : 655360 7370368 0 0 0 0 0 0 0 
_1.ptx 192 : 655360 7398816 0 0 0 0 0 0 0 
_1.ptx 193 : 655360 5535232 0 0 0 0 0 0 0 
_1.ptx 194 : 655360 3758528 0 0 0 0 0 0 0 
_1.ptx 196 : 65536 474720 0 0 0 0 0 0 0 
_1.ptx 197 : 65536 457088 0 0 0 0 0 0 0 
_1.ptx 198 : 65536 569760 0 0 0 0 0 0 0 
_1.ptx 199 : 65536 452561 0 0 0 0 0 0 256 
_1.ptx 200 : 256 0 0 0 0 0 0 0 0 
_1.ptx 201 : 256 2007 0 0 0 0 0 0 0 
_1.ptx 202 : 256 1756 0 0 0 0 0 0 0 
_1.ptx 203 : 256 2940 0 0 0 0 0 0 0 
_1.ptx 204 : 256 1749 0 0 0 0 0 0 0 
_1.ptx 205 : 256 2981 0 0 0 0 0 0 0 
_1.ptx 206 : 256 2702 0 0 0 0 0 0 0 
_1.ptx 207 : 256 2923 0 0 0 0 0 0 0 
_1.ptx 208 : 256 1870 0 0 0 0 0 0 0 
_1.ptx 209 : 256 2935 0 0 0 0 0 0 0 
_1.ptx 210 : 256 2921 0 0 0 0 0 0 0 
_1.ptx 211 : 256 2010 0 0 0 0 0 0 0 
_1.ptx 212 : 256 2927 0 0 0 0 0 0 0 
_1.ptx 213 : 256 2964 0 0 0 0 0 0 0 
_1.ptx 214 : 256 2955 0 0 0 0 0 0 0 
_1.ptx 215 : 256 2940 0 0 0 0 0 0 0 
_1.ptx 216 : 256 2035 0 0 0 0 0 0 0 
_1.ptx 217 : 256 2065 0 0 0 0 0 0 0 
_1.ptx 218 : 256 1992 0 0 0 0 0 0 0 
_1.ptx 219 : 256 2029 0 0 0 0 0 0 0 
_1.ptx 220 : 256 2915 0 0 0 0 0 0 0 
_1.ptx 221 : 256 3062 0 0 0 0 0 0 0 
_1.ptx 222 : 256 3235 0 0 0 0 0 0 0 
_1.ptx 223 : 256 3382 0 0 0 0 0 0 0 
_1.ptx 224 : 256 2986 0 0 0 0 0 0 0 
_1.ptx 225 : 256 987 0 0 0 0 0 0 0 
_1.ptx 226 : 256 3002 0 0 0 0 0 0 0 
_1.ptx 227 : 256 2098 0 0 0 0 0 0 0 
_1.ptx 231 : 2560 487754 17920 0 0 2560 2560 0 0 
_1.ptx 232 : 2560 17230 0 2560 2560 0 0 0 0 
_1.ptx 233 : 2560 26718 0 0 0 0 0 0 0 
_1.ptx 234 : 2560 28879 0 0 0 0 0 0 0 
_1.ptx 235 : 2560 29133 0 0 0 0 0 0 0 
_1.ptx 236 : 2560 21742 0 0 0 0 0 0 0 
_1.ptx 237 : 2560 15251 0 0 0 0 0 0 0 
_1.ptx 238 : 256 1779 0 0 0 0 0 0 0 
_1.ptx 240 : 65280 700401 0 0 0 0 0 0 0 
_1.ptx 241 : 65280 568353 0 0 0 0 0 0 0 
_1.ptx 242 : 65280 449820 0 0 0 0 0 0 256 
_1.ptx 243 : 256 0 0 0 0 0 0 0 0 
_1.ptx 244 : 256 2082 0 0 0 0 0 0 0 
_1.ptx 245 : 256 1836 0 0 0 0 0 0 0 
_1.ptx 246 : 256 2978 0 0 0 0 0 0 0 
_1.ptx 247 : 256 1749 0 0 0 0 0 0 0 
_1.ptx 248 : 256 3021 0 0 0 0 0 0 0 
_1.ptx 249 : 256 2745 0 0 0 0 0 0 0 
_1.ptx 250 : 256 3016 0 0 0 0 0 0 0 
_1.ptx 251 : 256 1838 0 0 0 0 0 0 0 
_1.ptx 252 : 256 2939 0 0 0 0 0 0 0 
_1.ptx 253 : 256 3031 0 0 0 0 0 0 0 
_1.ptx 254 : 256 2020 0 0 0 0 0 0 0 
_1.ptx 255 : 256 3004 0 0 0 0 0 0 0 
_1.ptx 256 : 256 3122 0 0 0 0 0 0 0 
_1.ptx 257 : 256 2949 0 0 0 0 0 0 0 
_1.ptx 258 : 256 3018 0 0 0 0 0 0 0 
_1.ptx 259 : 256 2194 0 0 0 0 0 0 0 
_1.ptx 260 : 256 2115 0 0 0 0 0 0 0 
_1.ptx 261 : 256 2089 0 0 0 0 0 0 0 
_1.ptx 262 : 256 2034 0 0 0 0 0 0 0 
_1.ptx 263 : 256 2848 0 0 0 0 0 0 0 
_1.ptx 264 : 256 3038 0 0 0 0 0 0 0 
_1.ptx 265 : 256 3166 0 0 0 0 0 0 0 
_1.ptx 266 : 256 3187 0 0 0 0 0 0 0 
_1.ptx 267 : 256 2990 0 0 0 0 0 0 0 
_1.ptx 268 : 256 1508 0 0 0 0 0 0 0 
_1.ptx 269 : 256 2985 0 0 0 0 0 0 0 
_1.ptx 270 : 256 2083 0 0 0 0 0 0 0 
_1.ptx 274 : 2560 513228 33024 0 0 2560 2560 0 0 
_1.ptx 275 : 2560 15823 0 2560 2560 0 0 0 0 
_1.ptx 276 : 2560 26680 0 0 0 0 0 0 0 
_1.ptx 277 : 2560 28916 0 0 0 0 0 0 0 
_1.ptx 278 : 2560 28933 0 0 0 0 0 0 0 
_1.ptx 279 : 2560 21901 0 0 0 0 0 0 0 
_1.ptx 280 : 2560 14900 0 0 0 0 0 0 0 
_1.ptx 285 : 65536 453344 0 0 0 0 0 0 0 
_1.ptx 286 : 65536 464928 0 0 0 0 0 0 0 
_1.ptx 287 : 65536 573184 0 0 0 0 0 0 0 
_1.ptx 288 : 65536 0 0 0 0 0 0 0 0 
_1.ptx 289 : 65536 551072 0 0 0 0 0 0 0 
_1.ptx 290 : 65536 496000 0 0 0 0 0 0 0 
_1.ptx 291 : 65536 948864 0 0 0 0 0 0 0 
_1.ptx 292 : 65536 473888 0 0 0 0 0 0 0 
_1.ptx 293 : 65536 1089024 0 0 0 0 0 0 0 
_1.ptx 294 : 65536 724512 0 0 0 0 0 0 0 
_1.ptx 295 : 65536 1194368 0 0 0 0 0 0 0 
_1.ptx 296 : 65536 780896 0 0 0 0 0 0 0 
_1.ptx 297 : 65536 555264 0 0 0 0 0 0 0 
_1.ptx 298 : 65536 812704 0 0 0 0 0 0 0 
_1.ptx 299 : 65536 1394528 0 0 0 0 0 0 0 
_1.ptx 300 : 65536 745824 0 0 0 0 0 0 0 
_1.ptx 301 : 65536 794944 0 0 0 0 0 0 0 
_1.ptx 302 : 65536 790240 0 0 0 0 0 0 0 
_1.ptx 303 : 65536 766208 0 0 0 0 0 0 0 
_1.ptx 304 : 65536 808224 0 0 0 0 0 0 0 
_1.ptx 305 : 65536 622880 0 0 0 0 0 0 0 
_1.ptx 306 : 65536 630400 0 0 0 0 0 0 0 
_1.ptx 307 : 65536 1046944 0 0 0 0 0 0 0 
_1.ptx 308 : 65536 1080704 0 0 0 0 0 0 0 
_1.ptx 309 : 65536 600128 0 0 0 0 0 0 0 
_1.ptx 310 : 65536 800800 0 0 0 0 0 0 0 
_1.ptx 311 : 65536 1041600 0 0 0 0 0 0 0 
_1.ptx 312 : 65536 778784 0 0 0 0 0 0 0 
_1.ptx 313 : 65536 793056 0 0 0 0 0 0 0 
_1.ptx 314 : 65536 600096 0 0 0 0 0 0 0 
_1.ptx 315 : 65536 1027296 0 0 0 0 0 0 0 
_1.ptx 316 : 65536 785024 0 0 0 0 0 0 0 
_1.ptx 317 : 65536 783360 0 0 0 0 0 0 0 
_1.ptx 318 : 65536 776576 0 0 0 0 0 0 0 
_1.ptx 319 : 65536 566912 0 0 0 0 0 0 0 
_1.ptx 320 : 65536 1011232 0 0 0 0 0 0 0 
_1.ptx 321 : 65536 757472 0 0 0 0 0 0 0 
_1.ptx 322 : 65536 273152 0 0 0 0 0 0 0 
_1.ptx 323 : 65536 1013920 0 0 0 0 0 0 0 
_1.ptx 324 : 65536 756384 0 0 0 0 0 0 0 
_1.ptx 325 : 65536 520928 0 0 0 0 0 0 0 
_1.ptx 326 : 65536 907904 0 0 0 0 0 0 0 
_1.ptx 327 : 65536 747264 0 0 0 0 0 0 0 
_1.ptx 328 : 65536 290624 0 0 0 0 0 0 0 
_1.ptx 329 : 65536 278688 0 0 0 0 0 0 0 
_1.ptx 330 : 65536 282336 0 0 0 0 0 0 0 
_1.ptx 331 : 65536 503168 0 0 0 0 0 0 0 
_1.ptx 335 : 524288 7273440 0 16384 16384 0 0 0 0 
_1.ptx 336 : 524288 6685568 0 16384 16384 0 0 0 0 
_1.ptx 337 : 524288 6314432 0 16384 16384 0 0 0 0 
_1.ptx 338 : 524288 6027936 0 16384 16384 0 0 0 0 
_1.ptx 339 : 524288 5999392 0 0 0 0 0 0 0 
_1.ptx 340 : 524288 6037568 0 0 0 0 0 0 0 
_1.ptx 341 : 524288 6017504 0 0 0 0 0 0 0 
_1.ptx 342 : 524288 6007968 0 0 0 0 0 0 0 
_1.ptx 343 : 524288 6965408 0 16384 16384 0 0 0 0 
_1.ptx 344 : 524288 4978752 0 0 0 0 0 0 0 
_1.ptx 345 : 524288 6287424 0 16384 16384 0 0 0 0 
_1.ptx 346 : 524288 6142080 0 16384 16384 0 0 0 0 
_1.ptx 347 : 524288 6051776 0 16384 16384 0 0 0 0 
_1.ptx 348 : 524288 5849824 0 16384 16384 0 0 0 0 
_1.ptx 349 : 524288 6008992 0 0 0 0 0 0 0 
_1.ptx 350 : 524288 6064544 0 0 0 0 0 0 0 
_1.ptx 351 : 524288 6038048 0 0 0 0 0 0 0 
_1.ptx 352 : 524288 4994560 0 0 0 0 0 0 0 
_1.ptx 353 : 524288 10211488 2080160 0 0 32768 16384 0 0 
_1.ptx 354 : 524288 5533120 0 0 0 0 0 0 0 
_1.ptx 355 : 524288 6033152 0 0 0 0 0 0 0 
_1.ptx 356 : 524288 6049184 0 0 0 0 0 0 0 
_1.ptx 357 : 524288 6097728 0 0 0 0 0 0 0 
_1.ptx 358 : 524288 6143776 0 0 0 0 0 0 0 
_1.ptx 359 : 524288 4800160 0 0 0 0 0 0 0 
_1.ptx 360 : 524288 3160032 0 0 0 0 0 0 0 
_1.ptx 363 : 65536 435040 0 0 0 0 0 0 0 
