kernel line : count latency dram_traffic smem_bk_conflicts smem_warp gmem_access_generated gmem_warp exposed_latency warp_divergence
_1.ptx 62 : 580608 3549824 0 0 0 0 0 0 0 
_1.ptx 63 : 580608 3572256 0 0 0 0 0 0 0 
_1.ptx 64 : 580608 8061056 0 0 0 0 0 0 0 
_1.ptx 65 : 580608 3513408 0 0 0 0 0 0 0 
_1.ptx 66 : 580608 6407936 0 0 0 0 0 0 0 
_1.ptx 67 : 580608 22282944 128 0 0 0 0 0 0 
_1.ptx 68 : 580608 18949632 128 0 0 0 0 0 0 
_1.ptx 69 : 580608 4142496 0 0 0 0 0 0 0 
_1.ptx 70 : 580608 6550816 0 0 0 0 0 0 0 
_1.ptx 71 : 580608 6432480 0 0 0 0 0 0 0 
_1.ptx 72 : 580608 36889536 2322432 0 0 18144 18144 0 0 
_1.ptx 73 : 580608 26089632 0 0 0 0 0 0 0 
_1.ptx 74 : 580608 25881856 0 0 0 0 0 0 0 
_1.ptx 75 : 580608 6433760 0 0 0 0 0 0 0 
_1.ptx 76 : 580608 4170464 0 0 0 0 0 0 0 
_1.ptx 77 : 580608 6140736 0 0 0 0 0 0 0 
_1.ptx 78 : 580608 6418048 0 0 0 0 0 0 0 
_1.ptx 79 : 580608 43258496 2322432 0 0 18144 18144 0 0 
_1.ptx 80 : 580608 33835552 0 0 0 0 0 0 0 
_1.ptx 81 : 580608 6056544 0 0 0 0 0 0 0 
_1.ptx 82 : 580608 6415360 0 0 0 0 0 0 0 
_1.ptx 83 : 580608 4177120 0 0 0 0 0 0 0 
_1.ptx 84 : 580608 6055456 0 0 0 0 0 0 0 
_1.ptx 85 : 580608 6412608 0 0 0 0 0 0 0 
_1.ptx 86 : 580608 44651360 2322432 0 0 18144 18144 0 0 
_1.ptx 87 : 580608 33774368 0 0 0 0 0 0 0 
_1.ptx 88 : 580608 6039648 0 0 0 0 0 0 0 
_1.ptx 89 : 580608 6412000 0 0 0 0 0 0 0 
_1.ptx 90 : 580608 4156416 0 0 0 0 0 0 0 
_1.ptx 91 : 580608 6058560 0 0 0 0 0 0 0 
_1.ptx 92 : 580608 6407040 0 0 0 0 0 0 0 
_1.ptx 93 : 580608 43175552 2322432 0 0 18144 18144 0 0 
_1.ptx 94 : 580608 33675520 0 0 0 0 0 0 0 
_1.ptx 95 : 580608 6022784 0 0 0 0 0 0 0 
_1.ptx 96 : 580608 6411072 0 0 0 0 0 0 0 
_1.ptx 97 : 580608 4163392 0 0 0 0 0 0 0 
_1.ptx 98 : 580608 6041088 0 0 0 0 0 0 0 
_1.ptx 99 : 580608 6416000 0 0 0 0 0 0 0 
_1.ptx 100 : 580608 42196384 2322432 0 0 18144 18144 0 0 
_1.ptx 102 : 580608 3513920 0 0 0 0 0 0 0 
_1.ptx 118 : 193536 1256128 0 0 0 0 0 0 0 
_1.ptx 119 : 193536 1288640 0 0 0 0 0 0 0 
_1.ptx 120 : 193536 1250240 0 0 0 0 0 0 0 
_1.ptx 121 : 193536 3799776 0 0 0 0 0 0 0 
_1.ptx 122 : 193536 2178400 0 0 0 0 0 0 0 
_1.ptx 123 : 193536 1450848 0 0 0 0 0 0 0 
_1.ptx 124 : 193536 4069120 0 0 0 0 0 0 0 
_1.ptx 125 : 193536 4476896 0 0 0 0 0 0 0 
_1.ptx 126 : 193536 2158016 0 0 0 0 0 0 0 
_1.ptx 127 : 193536 98735680 774144 0 0 6048 6048 0 0 
_1.ptx 129 : 193536 6347008 0 0 0 0 0 0 0 
_1.ptx 130 : 193536 2154528 0 0 0 0 0 0 0 
_1.ptx 131 : 193536 1417664 0 0 0 0 0 0 0 
_1.ptx 132 : 193536 3702496 0 0 0 0 0 0 0 
_1.ptx 133 : 193536 2151488 0 0 0 0 0 0 0 
_1.ptx 134 : 193536 101785280 774144 0 0 6048 6048 0 0 
_1.ptx 136 : 193536 3615328 0 0 0 0 0 0 0 
_1.ptx 137 : 193536 2150080 0 0 0 0 0 0 0 
_1.ptx 138 : 193536 1402176 0 0 0 0 0 0 0 
_1.ptx 139 : 193536 3563232 0 0 0 0 0 0 0 
_1.ptx 140 : 193536 2147424 0 0 0 0 0 0 0 
_1.ptx 141 : 193536 102686144 774144 0 0 6048 6048 0 0 
_1.ptx 143 : 193536 3463648 0 0 0 0 0 0 0 
_1.ptx 144 : 193536 2148416 0 0 0 0 0 0 0 
_1.ptx 145 : 193536 1398208 0 0 0 0 0 0 0 
_1.ptx 146 : 193536 3437440 0 0 0 0 0 0 0 
_1.ptx 147 : 193536 2148096 0 0 0 0 0 0 0 
_1.ptx 148 : 193536 101920320 774144 0 0 6048 6048 0 0 
_1.ptx 150 : 193536 10059520 0 0 0 0 0 0 0 
_1.ptx 151 : 193536 10211872 0 0 0 0 0 0 0 
_1.ptx 152 : 193536 10347840 0 0 0 0 0 0 0 
_1.ptx 153 : 193536 2154688 0 0 0 0 0 0 0 
_1.ptx 154 : 193536 1776224 0 0 0 0 0 0 0 
_1.ptx 155 : 193536 1781088 0 0 0 0 0 0 0 
_1.ptx 156 : 193536 1200192 0 0 0 0 0 0 0 
_1.ptx 157 : 193536 4315744 0 0 0 0 0 0 0 
_1.ptx 158 : 193536 4711712 0 0 0 0 0 0 0 
_1.ptx 159 : 193536 2144640 0 0 0 0 0 0 0 
_1.ptx 160 : 193536 1390464 0 0 0 0 0 0 0 
_1.ptx 161 : 193536 3768032 0 0 0 0 0 0 0 
_1.ptx 162 : 193536 2148384 0 0 0 0 0 0 0 
_1.ptx 163 : 193536 95470624 774144 0 0 6048 6048 0 0 
_1.ptx 164 : 193536 1195424 0 0 0 0 0 0 0 
_1.ptx 165 : 193536 2151008 0 0 0 0 0 0 0 
_1.ptx 166 : 193536 2151808 0 0 0 0 0 0 0 
_1.ptx 167 : 193536 2153344 0 0 0 0 0 0 0 
_1.ptx 168 : 193536 1197088 0 0 0 0 0 0 0 
_1.ptx 169 : 193536 2153728 0 0 0 0 0 0 0 
_1.ptx 170 : 193536 1196896 0 0 0 0 0 0 0 
_1.ptx 171 : 193536 2150112 0 0 0 0 0 0 0 
_1.ptx 172 : 193536 10369504 0 0 0 0 0 0 0 
_1.ptx 173 : 193536 4271552 0 0 0 0 0 0 0 
_1.ptx 174 : 193536 2144800 0 0 0 0 0 0 0 
_1.ptx 175 : 193536 5752832 0 0 0 0 0 0 0 
_1.ptx 176 : 193536 2146208 0 0 0 0 0 0 0 
_1.ptx 177 : 193536 123955680 774144 0 0 6048 6048 0 0 
_1.ptx 178 : 193536 4305248 0 0 0 0 0 0 0 
_1.ptx 179 : 193536 2143008 0 0 0 0 0 0 0 
_1.ptx 180 : 193536 10716704 0 0 0 0 0 0 0 
_1.ptx 182 : 193536 5413632 0 0 0 0 0 0 0 
_1.ptx 183 : 193536 2146272 0 0 0 0 0 0 0 
_1.ptx 184 : 193536 5949600 774144 0 0 6048 6048 0 0 
_1.ptx 186 : 193536 1181248 0 0 0 0 0 0 0 
_1.ptx 208 : 193536 1209088 0 0 0 0 0 0 0 
_1.ptx 209 : 193536 1221216 0 0 0 0 0 0 0 
_1.ptx 210 : 193536 1194528 0 0 0 0 0 0 0 
_1.ptx 211 : 193536 2789344 0 0 0 0 0 0 0 
_1.ptx 212 : 193536 2150496 0 0 0 0 0 0 0 
_1.ptx 213 : 193536 1406272 0 0 0 0 0 0 0 
_1.ptx 214 : 193536 2325376 0 0 0 0 0 0 0 
_1.ptx 215 : 193536 21566112 0 0 0 0 0 0 0 
_1.ptx 216 : 193536 2156352 0 0 0 0 0 0 0 
_1.ptx 217 : 193536 84986176 312064 0 0 6048 6048 0 0 
_1.ptx 219 : 193536 11235424 0 0 0 0 0 0 0 
_1.ptx 220 : 193536 2145984 0 0 0 0 0 0 0 
_1.ptx 221 : 193536 1395712 0 0 0 0 0 0 0 
_1.ptx 222 : 193536 2476416 0 0 0 0 0 0 0 
_1.ptx 223 : 193536 2153216 0 0 0 0 0 0 0 
_1.ptx 224 : 193536 82354528 318592 0 0 6048 6048 0 0 
_1.ptx 226 : 193536 2403712 0 0 0 0 0 0 0 
_1.ptx 227 : 193536 2151040 0 0 0 0 0 0 0 
_1.ptx 228 : 193536 1406048 0 0 0 0 0 0 0 
_1.ptx 229 : 193536 2370624 0 0 0 0 0 0 0 
_1.ptx 230 : 193536 2147808 0 0 0 0 0 0 0 
_1.ptx 231 : 193536 85629984 320256 0 0 6048 6048 0 0 
_1.ptx 233 : 193536 2331136 0 0 0 0 0 0 0 
_1.ptx 234 : 193536 2146816 0 0 0 0 0 0 0 
_1.ptx 235 : 193536 1396000 0 0 0 0 0 0 0 
_1.ptx 236 : 193536 2287424 0 0 0 0 0 0 0 
_1.ptx 237 : 193536 2142432 0 0 0 0 0 0 0 
_1.ptx 238 : 193536 84021632 308608 0 0 6048 6048 0 0 
_1.ptx 240 : 193536 2425024 0 0 0 0 0 0 0 
_1.ptx 241 : 193536 2146848 0 0 0 0 0 0 0 
_1.ptx 242 : 193536 1402592 0 0 0 0 0 0 0 
_1.ptx 243 : 193536 2342880 0 0 0 0 0 0 0 
_1.ptx 244 : 193536 2151680 0 0 0 0 0 0 0 
_1.ptx 245 : 193536 85674336 311808 0 0 6048 6048 0 0 
_1.ptx 247 : 193536 9069376 0 0 0 0 0 0 0 
_1.ptx 248 : 193536 2149664 0 0 0 0 0 0 0 
_1.ptx 249 : 193536 104719360 774144 0 0 6048 6048 0 0 
_1.ptx 251 : 193536 9572608 0 0 0 0 0 0 0 
_1.ptx 252 : 193536 2146848 0 0 0 0 0 0 0 
_1.ptx 253 : 193536 107107712 774144 0 0 6048 6048 0 0 
_1.ptx 255 : 193536 2142688 0 0 0 0 0 0 0 
_1.ptx 256 : 193536 109876192 774144 0 0 6048 6048 0 0 
_1.ptx 258 : 193536 2464832 0 0 0 0 0 0 0 
_1.ptx 259 : 193536 2144704 0 0 0 0 0 0 0 
_1.ptx 260 : 193536 1392960 0 0 0 0 0 0 0 
_1.ptx 261 : 193536 2209664 0 0 0 0 0 0 0 
_1.ptx 262 : 193536 2147584 0 0 0 0 0 0 0 
_1.ptx 263 : 193536 112618912 774144 0 0 6048 6048 0 0 
_1.ptx 264 : 193536 1177568 0 0 0 0 0 0 0 
_1.ptx 265 : 193536 1565984 0 0 0 0 0 0 0 
_1.ptx 266 : 193536 93358 0 0 0 0 0 0 3151 
_1.ptx 268 : 178150 1271577 0 0 0 0 0 0 0 
_1.ptx 269 : 178150 2025291 0 0 0 0 0 0 0 
_1.ptx 270 : 178150 1971346 0 0 0 0 0 0 0 
_1.ptx 271 : 178150 170014094 270080 0 0 114727 6046 0 0 
_1.ptx 273 : 178150 1971397 0 0 0 0 0 0 0 
_1.ptx 274 : 178150 1267814 0 0 0 0 0 0 0 
_1.ptx 275 : 178150 2055497 0 0 0 0 0 0 0 
_1.ptx 276 : 178150 1968644 0 0 0 0 0 0 0 
_1.ptx 277 : 178150 187528585 307712 0 0 114727 6046 0 0 
_1.ptx 279 : 178150 1971599 0 0 0 0 0 0 0 
_1.ptx 280 : 178150 1268566 0 0 0 0 0 0 0 
_1.ptx 281 : 178150 1992361 0 0 0 0 0 0 0 
_1.ptx 282 : 178150 1969422 0 0 0 0 0 0 0 
_1.ptx 283 : 178150 199124307 246400 0 0 114727 6046 0 0 
_1.ptx 285 : 178150 1971565 0 0 0 0 0 0 0 
_1.ptx 286 : 178150 1266990 0 0 0 0 0 0 0 
_1.ptx 287 : 178150 1983936 0 0 0 0 0 0 0 
_1.ptx 288 : 178150 1976677 0 0 0 0 0 0 0 
_1.ptx 289 : 178150 202447255 238720 0 0 114727 6046 0 0 
_1.ptx 291 : 178150 1969512 0 0 0 0 0 0 0 
_1.ptx 292 : 178150 1265832 0 0 0 0 0 0 0 
_1.ptx 293 : 178150 1982220 0 0 0 0 0 0 0 
_1.ptx 294 : 178150 1969106 0 0 0 0 0 0 0 
_1.ptx 295 : 178150 195926281 259328 0 0 114727 6046 0 0 
_1.ptx 297 : 178150 8443142 0 0 0 0 0 0 0 
_1.ptx 298 : 178150 8903694 0 0 0 0 0 0 0 
_1.ptx 299 : 178150 9263502 0 0 0 0 0 0 0 
_1.ptx 300 : 178150 1076524 0 0 0 0 0 0 0 
_1.ptx 301 : 178150 1974854 0 0 0 0 0 0 0 
_1.ptx 302 : 178150 8804858 0 0 0 0 0 0 0 
_1.ptx 303 : 178150 8820599 0 0 0 0 0 0 0 
_1.ptx 304 : 178150 8641999 0 0 0 0 0 0 0 
_1.ptx 305 : 178150 1076291 0 0 0 0 0 0 0 
_1.ptx 306 : 178150 1969778 0 0 0 0 0 0 0 
_1.ptx 307 : 178150 1974191 0 0 0 0 0 0 0 
_1.ptx 308 : 178150 1974363 0 0 0 0 0 0 0 
_1.ptx 309 : 178150 1614543 0 0 0 0 0 0 0 
_1.ptx 310 : 178150 1613369 0 0 0 0 0 0 0 
_1.ptx 311 : 178150 1612340 0 0 0 0 0 0 0 
_1.ptx 312 : 178150 1616897 0 0 0 0 0 0 0 
_1.ptx 313 : 178150 1975166 0 0 0 0 0 0 0 
_1.ptx 314 : 178150 1967606 0 0 0 0 0 0 0 
_1.ptx 315 : 178150 1969051 0 0 0 0 0 0 0 
_1.ptx 316 : 178150 1968160 0 0 0 0 0 0 0 
_1.ptx 317 : 178150 1077811 0 0 0 0 0 0 0 
_1.ptx 318 : 178150 1969515 0 0 0 0 0 0 0 
_1.ptx 319 : 178150 1077411 0 0 0 0 0 0 0 
_1.ptx 320 : 178150 1967494 0 0 0 0 0 0 0 
_1.ptx 321 : 178150 2717539 0 0 0 0 0 0 0 
_1.ptx 322 : 178150 3770829 0 0 0 0 0 0 0 
_1.ptx 323 : 178150 1968694 0 0 0 0 0 0 0 
_1.ptx 324 : 178150 1077830 0 0 0 0 0 0 0 
_1.ptx 325 : 178150 1968307 0 0 0 0 0 0 0 
_1.ptx 326 : 178150 8330573 0 0 0 0 0 0 0 
_1.ptx 327 : 178150 2725344 0 0 0 0 0 0 0 
_1.ptx 328 : 178150 1968977 0 0 0 0 0 0 0 
_1.ptx 329 : 178150 1077077 0 0 0 0 0 0 0 
_1.ptx 330 : 178150 1967951 0 0 0 0 0 0 0 
_1.ptx 331 : 178150 8350319 0 0 0 0 0 0 0 
_1.ptx 332 : 178150 2713391 0 0 0 0 0 0 0 
_1.ptx 333 : 178150 1969182 0 0 0 0 0 0 0 
_1.ptx 334 : 178150 1974154 0 0 0 0 0 0 0 
_1.ptx 335 : 178150 1616743 0 0 0 0 0 0 0 
_1.ptx 336 : 178150 1615910 0 0 0 0 0 0 0 
_1.ptx 337 : 178150 2653710 0 0 0 0 0 0 0 
_1.ptx 338 : 178150 1265759 0 0 0 0 0 0 0 
_1.ptx 339 : 178150 1088399 0 0 0 0 0 0 0 
_1.ptx 340 : 178150 1972234 0 0 0 0 0 0 0 
_1.ptx 341 : 178150 1078038 0 0 0 0 0 0 0 
_1.ptx 342 : 178150 1970246 0 0 0 0 0 0 0 
_1.ptx 343 : 178150 1969147 0 0 0 0 0 0 0 
_1.ptx 345 : 178150 1075710 0 0 0 0 0 0 0 
_1.ptx 346 : 178150 1971259 0 0 0 0 0 0 0 
_1.ptx 347 : 178150 1081732 0 0 0 0 0 0 0 
_1.ptx 348 : 178150 1970518 0 0 0 0 0 0 0 
_1.ptx 349 : 178150 1080157 0 0 0 0 0 0 0 
_1.ptx 350 : 178150 1974233 0 0 0 0 0 0 0 
_1.ptx 351 : 178150 1081426 0 0 0 0 0 0 0 
_1.ptx 352 : 178150 1974264 0 0 0 0 0 0 0 
_1.ptx 353 : 178150 1615253 0 0 0 0 0 0 0 
_1.ptx 354 : 178150 1983395 0 0 0 0 0 0 0 
_1.ptx 355 : 178150 1615844 0 0 0 0 0 0 0 
_1.ptx 356 : 178150 1981897 0 0 0 0 0 0 0 
_1.ptx 357 : 178150 1616031 0 0 0 0 0 0 0 
_1.ptx 358 : 178150 1983839 0 0 0 0 0 0 0 
_1.ptx 359 : 178150 1613591 0 0 0 0 0 0 0 
_1.ptx 361 : 178150 1978750 0 0 0 0 0 0 0 
_1.ptx 362 : 178150 1971158 0 0 0 0 0 0 0 
_1.ptx 363 : 178150 1095599 0 0 0 0 0 0 0 
_1.ptx 364 : 178150 1980552 0 0 0 0 0 0 0 
_1.ptx 365 : 178150 1621321 0 0 0 0 0 0 0 
_1.ptx 366 : 178150 1987286 0 0 0 0 0 0 0 
_1.ptx 367 : 178150 1611528 0 0 0 0 0 0 0 
_1.ptx 368 : 178150 1614787 0 0 0 0 0 0 0 
_1.ptx 369 : 178150 1984340 0 0 0 0 0 0 0 
_1.ptx 370 : 178150 1611942 0 0 0 0 0 0 0 
_1.ptx 371 : 178150 1614556 0 0 0 0 0 0 0 
_1.ptx 372 : 178150 1995288 0 0 0 0 0 0 0 
_1.ptx 373 : 178150 1611916 0 0 0 0 0 0 0 
_1.ptx 374 : 178150 1618491 0 0 0 0 0 0 0 
_1.ptx 376 : 178150 1999320 0 0 0 0 0 0 0 
_1.ptx 377 : 178150 1978338 0 0 0 0 0 0 0 
_1.ptx 378 : 178150 1971706 0 0 0 0 0 0 0 
_1.ptx 379 : 178150 1970641 0 0 0 0 0 0 0 
_1.ptx 380 : 178150 1975370 0 0 0 0 0 0 0 
_1.ptx 381 : 178150 1980945 0 0 0 0 0 0 0 
_1.ptx 382 : 178150 1097837 0 0 0 0 0 0 0 
_1.ptx 383 : 178150 1981486 0 0 0 0 0 0 0 
_1.ptx 384 : 178150 1626597 0 0 0 0 0 0 0 
_1.ptx 385 : 178150 1621318 0 0 0 0 0 0 0 
_1.ptx 386 : 178150 1632812 0 0 0 0 0 0 0 
_1.ptx 387 : 178150 1974297 0 0 0 0 0 0 0 
_1.ptx 388 : 178150 1612518 0 0 0 0 0 0 0 
_1.ptx 389 : 178150 1611931 0 0 0 0 0 0 0 
_1.ptx 390 : 178150 1621253 0 0 0 0 0 0 0 
_1.ptx 392 : 178150 2038448 0 0 0 0 0 0 0 
_1.ptx 393 : 178150 1981403 0 0 0 0 0 0 0 
_1.ptx 394 : 178150 1972882 0 0 0 0 0 0 0 
_1.ptx 395 : 178150 1078492 0 0 0 0 0 0 0 
_1.ptx 396 : 178150 1966102 0 0 0 0 0 0 0 
_1.ptx 397 : 178150 1617496 0 0 0 0 0 0 0 
_1.ptx 398 : 178150 1634530 0 0 0 0 0 0 0 
_1.ptx 399 : 178150 1618333 0 0 0 0 0 0 0 
_1.ptx 400 : 178150 1642056 0 0 0 0 0 0 0 
_1.ptx 401 : 178150 1974669 0 0 0 0 0 0 0 
_1.ptx 402 : 178150 1621286 0 0 0 0 0 0 0 
_1.ptx 403 : 178150 1624036 0 0 0 0 0 0 0 
_1.ptx 405 : 178150 1090343 0 0 0 0 0 0 0 
_1.ptx 406 : 178150 1981516 0 0 0 0 0 0 0 
_1.ptx 407 : 178150 1617499 0 0 0 0 0 0 0 
_1.ptx 408 : 178150 1613199 0 0 0 0 0 0 0 
_1.ptx 409 : 178150 1617257 0 0 0 0 0 0 0 
_1.ptx 410 : 178150 1622133 0 0 0 0 0 0 0 
_1.ptx 411 : 178150 1614864 0 0 0 0 0 0 0 
_1.ptx 412 : 178150 1972557 0 0 0 0 0 0 0 
_1.ptx 413 : 178150 1615111 0 0 0 0 0 0 0 
_1.ptx 414 : 178150 1086143 0 0 0 0 0 0 0 
_1.ptx 416 : 15386 93474 0 0 0 0 0 0 0 
_1.ptx 417 : 15386 124823 0 0 0 0 0 0 0 
_1.ptx 418 : 15386 5281 0 0 0 0 0 0 55 
_1.ptx 420 : 14510 779676 0 0 0 0 0 0 0 
_1.ptx 421 : 14510 878037 0 0 0 0 0 0 0 
_1.ptx 422 : 14510 896282 0 0 0 0 0 0 0 
_1.ptx 423 : 14510 87746 0 0 0 0 0 0 0 
_1.ptx 424 : 14510 161175 0 0 0 0 0 0 0 
_1.ptx 425 : 14510 161681 0 0 0 0 0 0 0 
_1.ptx 426 : 14510 132423 0 0 0 0 0 0 0 
_1.ptx 427 : 14510 132639 0 0 0 0 0 0 0 
_1.ptx 428 : 14510 161709 0 0 0 0 0 0 0 
_1.ptx 429 : 14510 161161 0 0 0 0 0 0 0 
_1.ptx 430 : 14510 88378 0 0 0 0 0 0 0 
_1.ptx 431 : 14510 162410 0 0 0 0 0 0 0 
_1.ptx 432 : 14510 89428 0 0 0 0 0 0 0 
_1.ptx 433 : 14510 133799 0 0 0 0 0 0 0 
_1.ptx 435 : 14510 90100 0 0 0 0 0 0 0 
_1.ptx 436 : 14510 133352 0 0 0 0 0 0 0 
_1.ptx 438 : 14510 90513 0 0 0 0 0 0 0 
_1.ptx 439 : 14510 134201 0 0 0 0 0 0 0 
_1.ptx 440 : 14510 91127 0 0 0 0 0 0 0 
_1.ptx 441 : 14510 93433 0 0 0 0 0 0 0 
_1.ptx 442 : 14510 93832 0 0 0 0 0 0 0 
_1.ptx 444 : 876 5283 0 0 0 0 0 0 0 
_1.ptx 445 : 876 7069 0 0 0 0 0 0 0 
_1.ptx 446 : 876 0 0 0 0 0 0 0 0 
_1.ptx 448 : 876 5485 0 0 0 0 0 0 0 
_1.ptx 449 : 876 9801 0 0 0 0 0 0 0 
_1.ptx 450 : 876 5422 0 0 0 0 0 0 0 
_1.ptx 451 : 876 9737 0 0 0 0 0 0 0 
_1.ptx 452 : 876 5307 0 0 0 0 0 0 0 
_1.ptx 453 : 876 10065 0 0 0 0 0 0 0 
_1.ptx 454 : 876 5532 0 0 0 0 0 0 0 
_1.ptx 455 : 876 167993 0 0 0 0 0 0 0 
_1.ptx 456 : 876 9713 0 0 0 0 0 0 0 
_1.ptx 457 : 876 7972 0 0 0 0 0 0 0 
_1.ptx 458 : 876 131717 0 0 0 0 0 0 0 
_1.ptx 459 : 876 9687 0 0 0 0 0 0 0 
_1.ptx 460 : 876 7970 0 0 0 0 0 0 0 
_1.ptx 461 : 876 122921 0 0 0 0 0 0 0 
_1.ptx 462 : 876 9762 0 0 0 0 0 0 0 
_1.ptx 463 : 876 8032 0 0 0 0 0 0 0 
_1.ptx 465 : 876 46925 0 0 0 0 0 0 0 
_1.ptx 466 : 876 51569 0 0 0 0 0 0 0 
_1.ptx 467 : 876 53241 0 0 0 0 0 0 0 
_1.ptx 468 : 876 5297 0 0 0 0 0 0 0 
_1.ptx 469 : 876 9652 0 0 0 0 0 0 0 
_1.ptx 470 : 876 9833 0 0 0 0 0 0 0 
_1.ptx 471 : 876 7958 0 0 0 0 0 0 0 
_1.ptx 472 : 876 7952 0 0 0 0 0 0 0 
_1.ptx 473 : 876 9690 0 0 0 0 0 0 0 
_1.ptx 474 : 876 9792 0 0 0 0 0 0 0 
_1.ptx 475 : 876 5363 0 0 0 0 0 0 0 
_1.ptx 476 : 876 9676 0 0 0 0 0 0 0 
_1.ptx 477 : 876 9825 0 0 0 0 0 0 0 
_1.ptx 478 : 876 5434 0 0 0 0 0 0 0 
_1.ptx 479 : 876 227643 256 0 0 0 0 0 0 
_1.ptx 480 : 876 7975 0 0 0 0 0 0 0 
_1.ptx 481 : 876 8000 0 0 0 0 0 0 0 
_1.ptx 482 : 876 115155 0 0 0 0 0 0 0 
_1.ptx 483 : 876 7991 0 0 0 0 0 0 0 
_1.ptx 484 : 876 7946 0 0 0 0 0 0 0 
_1.ptx 485 : 876 84073 0 0 0 0 0 0 0 
_1.ptx 486 : 876 8006 0 0 0 0 0 0 0 
_1.ptx 487 : 876 8257 0 0 0 0 0 0 0 
_1.ptx 489 : 876 10090 0 0 0 0 0 0 0 
_1.ptx 490 : 876 10309 0 0 0 0 0 0 0 
_1.ptx 491 : 876 6125 0 0 0 0 0 0 0 
_1.ptx 492 : 876 173207 256 0 0 0 0 0 0 
_1.ptx 493 : 876 8073 0 0 0 0 0 0 0 
_1.ptx 494 : 876 9740 0 0 0 0 0 0 0 
_1.ptx 495 : 876 7927 0 0 0 0 0 0 0 
_1.ptx 496 : 876 54103 0 0 0 0 0 0 0 
_1.ptx 497 : 876 9692 0 0 0 0 0 0 0 
_1.ptx 498 : 876 8009 0 0 0 0 0 0 0 
_1.ptx 499 : 876 58409 0 0 0 0 0 0 0 
_1.ptx 500 : 876 9667 0 0 0 0 0 0 0 
_1.ptx 501 : 876 8532 0 0 0 0 0 0 0 
_1.ptx 503 : 876 10548 0 0 0 0 0 0 0 
_1.ptx 504 : 876 6528 0 0 0 0 0 0 0 
_1.ptx 505 : 876 142057 256 0 0 0 0 0 0 
_1.ptx 506 : 876 9875 0 0 0 0 0 0 0 
_1.ptx 507 : 876 7933 0 0 0 0 0 0 0 
_1.ptx 508 : 876 44133 0 0 0 0 0 0 0 
_1.ptx 509 : 876 7967 0 0 0 0 0 0 0 
_1.ptx 510 : 876 9920 0 0 0 0 0 0 0 
_1.ptx 511 : 876 8090 0 0 0 0 0 0 0 
_1.ptx 512 : 876 43607 0 0 0 0 0 0 0 
_1.ptx 513 : 876 9794 0 0 0 0 0 0 0 
_1.ptx 514 : 876 8122 0 0 0 0 0 0 0 
_1.ptx 516 : 876 5565 0 0 0 0 0 0 0 
_1.ptx 517 : 876 116770 256 0 0 0 0 0 0 
_1.ptx 518 : 876 9849 0 0 0 0 0 0 0 
_1.ptx 519 : 876 8010 0 0 0 0 0 0 0 
_1.ptx 520 : 876 46812 0 0 0 0 0 0 0 
_1.ptx 521 : 876 9903 0 0 0 0 0 0 0 
_1.ptx 522 : 876 8160 0 0 0 0 0 0 0 
_1.ptx 523 : 876 59249 0 0 0 0 0 0 0 
_1.ptx 524 : 876 8149 0 0 0 0 0 0 0 
_1.ptx 525 : 876 10012 0 0 0 0 0 0 0 
_1.ptx 526 : 876 8104 0 0 0 0 0 0 0 
_1.ptx 527 : 876 5418 0 0 0 0 0 0 0 
_1.ptx 538 : 193536 2135872 0 0 0 0 0 0 0 
_1.ptx 539 : 193536 137068256 774144 0 0 6048 6048 0 0 
_1.ptx 541 : 193536 2137952 0 0 0 0 0 0 0 
_1.ptx 542 : 193536 129327104 774144 0 0 6048 6048 0 0 
_1.ptx 544 : 193536 2201600 0 0 0 0 0 0 0 
_1.ptx 545 : 193536 2142464 0 0 0 0 0 0 0 
_1.ptx 546 : 193536 1380544 0 0 0 0 0 0 0 
_1.ptx 547 : 193536 2162208 0 0 0 0 0 0 0 
_1.ptx 548 : 193536 2140352 0 0 0 0 0 0 0 
_1.ptx 549 : 193536 126428512 774144 0 0 6048 6048 0 0 
_1.ptx 551 : 193536 2175008 0 0 0 0 0 0 0 
_1.ptx 552 : 193536 2140480 0 0 0 0 0 0 0 
_1.ptx 553 : 193536 1382048 0 0 0 0 0 0 0 
_1.ptx 554 : 193536 2176384 0 0 0 0 0 0 0 
_1.ptx 555 : 193536 2139200 0 0 0 0 0 0 0 
_1.ptx 556 : 193536 125316480 774144 0 0 6048 6048 0 0 
_1.ptx 557 : 193536 1170624 0 0 0 0 0 0 0 
_1.ptx 558 : 193536 1564960 0 0 0 0 0 0 0 
_1.ptx 559 : 193536 0 0 0 0 0 0 0 0 
_1.ptx 561 : 193536 1377472 0 0 0 0 0 0 0 
_1.ptx 562 : 193536 2215712 0 0 0 0 0 0 0 
_1.ptx 563 : 193536 2142336 0 0 0 0 0 0 0 
_1.ptx 564 : 193536 143215840 27776 0 0 46866 6048 0 0 
_1.ptx 566 : 193536 2140832 0 0 0 0 0 0 0 
_1.ptx 567 : 193536 1376768 0 0 0 0 0 0 0 
_1.ptx 568 : 193536 2174912 0 0 0 0 0 0 0 
_1.ptx 569 : 193536 2140960 0 0 0 0 0 0 0 
_1.ptx 570 : 193536 149870496 29184 0 0 46866 6048 0 0 
_1.ptx 572 : 193536 2140192 0 0 0 0 0 0 0 
_1.ptx 573 : 193536 1373248 0 0 0 0 0 0 0 
_1.ptx 574 : 193536 2160576 0 0 0 0 0 0 0 
_1.ptx 575 : 193536 2140512 0 0 0 0 0 0 0 
_1.ptx 576 : 193536 152470816 25344 0 0 46866 6048 0 0 
_1.ptx 578 : 193536 2138912 0 0 0 0 0 0 0 
_1.ptx 579 : 193536 1371360 0 0 0 0 0 0 0 
_1.ptx 580 : 193536 2145408 0 0 0 0 0 0 0 
_1.ptx 581 : 193536 2139808 0 0 0 0 0 0 0 
_1.ptx 582 : 193536 149669888 22400 0 0 46866 6048 0 0 
_1.ptx 584 : 193536 2141760 0 0 0 0 0 0 0 
_1.ptx 585 : 193536 1375520 0 0 0 0 0 0 0 
_1.ptx 586 : 193536 2185344 0 0 0 0 0 0 0 
_1.ptx 587 : 193536 2140064 0 0 0 0 0 0 0 
_1.ptx 588 : 193536 152200032 23424 0 0 46866 6048 0 0 
_1.ptx 590 : 193536 9187200 0 0 0 0 0 0 0 
_1.ptx 591 : 193536 9613984 0 0 0 0 0 0 0 
_1.ptx 592 : 193536 10086080 0 0 0 0 0 0 0 
_1.ptx 593 : 193536 1168832 0 0 0 0 0 0 0 
_1.ptx 594 : 193536 2141376 0 0 0 0 0 0 0 
_1.ptx 595 : 193536 9445568 0 0 0 0 0 0 0 
_1.ptx 596 : 193536 9472960 0 0 0 0 0 0 0 
_1.ptx 597 : 193536 9180960 0 0 0 0 0 0 0 
_1.ptx 598 : 193536 1169984 0 0 0 0 0 0 0 
_1.ptx 599 : 193536 2141888 0 0 0 0 0 0 0 
_1.ptx 600 : 193536 2210656 0 0 0 0 0 0 0 
_1.ptx 601 : 193536 2156512 0 0 0 0 0 0 0 
_1.ptx 602 : 193536 1757312 0 0 0 0 0 0 0 
_1.ptx 603 : 193536 1755456 0 0 0 0 0 0 0 
_1.ptx 604 : 193536 1756576 0 0 0 0 0 0 0 
_1.ptx 605 : 193536 1764704 0 0 0 0 0 0 0 
_1.ptx 606 : 193536 2162624 0 0 0 0 0 0 0 
_1.ptx 607 : 193536 2139648 0 0 0 0 0 0 0 
_1.ptx 608 : 193536 2140160 0 0 0 0 0 0 0 
_1.ptx 609 : 193536 2142944 0 0 0 0 0 0 0 
_1.ptx 610 : 193536 1172704 0 0 0 0 0 0 0 
_1.ptx 611 : 193536 2146624 0 0 0 0 0 0 0 
_1.ptx 612 : 193536 1172864 0 0 0 0 0 0 0 
_1.ptx 613 : 193536 2140672 0 0 0 0 0 0 0 
_1.ptx 614 : 193536 3907584 0 0 0 0 0 0 0 
_1.ptx 615 : 193536 5387008 0 0 0 0 0 0 0 
_1.ptx 616 : 193536 2150080 0 0 0 0 0 0 0 
_1.ptx 617 : 193536 1175968 0 0 0 0 0 0 0 
_1.ptx 618 : 193536 2140256 0 0 0 0 0 0 0 
_1.ptx 619 : 193536 9243584 0 0 0 0 0 0 0 
_1.ptx 620 : 193536 2965792 0 0 0 0 0 0 0 
_1.ptx 621 : 193536 2141248 0 0 0 0 0 0 0 
_1.ptx 622 : 193536 1170048 0 0 0 0 0 0 0 
_1.ptx 623 : 193536 2141344 0 0 0 0 0 0 0 
_1.ptx 624 : 193536 9133952 0 0 0 0 0 0 0 
_1.ptx 625 : 193536 2968704 0 0 0 0 0 0 0 
_1.ptx 626 : 193536 2142496 0 0 0 0 0 0 0 
_1.ptx 627 : 193536 2146432 0 0 0 0 0 0 0 
_1.ptx 628 : 193536 1756832 0 0 0 0 0 0 0 
_1.ptx 629 : 193536 1754336 0 0 0 0 0 0 0 
_1.ptx 630 : 193536 3801216 0 0 0 0 0 0 0 
_1.ptx 631 : 193536 1384768 0 0 0 0 0 0 0 
_1.ptx 632 : 193536 1215328 0 0 0 0 0 0 0 
_1.ptx 633 : 193536 2143808 0 0 0 0 0 0 0 
_1.ptx 634 : 193536 1174560 0 0 0 0 0 0 0 
_1.ptx 635 : 193536 2146912 0 0 0 0 0 0 0 
_1.ptx 636 : 193536 2147648 0 0 0 0 0 0 0 
_1.ptx 638 : 193536 2147584 0 0 0 0 0 0 0 
_1.ptx 639 : 193536 1761856 0 0 0 0 0 0 0 
_1.ptx 641 : 193536 2153152 0 0 0 0 0 0 0 
_1.ptx 642 : 193536 1759072 0 0 0 0 0 0 0 
_1.ptx 644 : 193536 2156288 0 0 0 0 0 0 0 
_1.ptx 645 : 193536 1759232 0 0 0 0 0 0 0 
_1.ptx 647 : 193536 2152128 0 0 0 0 0 0 0 
_1.ptx 648 : 193536 1754752 0 0 0 0 0 0 0 
_1.ptx 650 : 193536 2138624 0 0 0 0 0 0 0 
_1.ptx 651 : 193536 1756224 0 0 0 0 0 0 0 
_1.ptx 653 : 193536 1187648 0 0 0 0 0 0 0 
_1.ptx 654 : 193536 2143296 0 0 0 0 0 0 0 
_1.ptx 655 : 193536 2145888 0 0 0 0 0 0 0 
_1.ptx 656 : 193536 1779936 0 0 0 0 0 0 0 
_1.ptx 658 : 193536 2179424 0 0 0 0 0 0 0 
_1.ptx 659 : 193536 2170176 0 0 0 0 0 0 0 
_1.ptx 660 : 193536 2145408 0 0 0 0 0 0 0 
_1.ptx 661 : 193536 1755968 0 0 0 0 0 0 0 
_1.ptx 662 : 193536 1763200 0 0 0 0 0 0 0 
_1.ptx 664 : 193536 1766080 0 0 0 0 0 0 0 
_1.ptx 665 : 193536 1760928 0 0 0 0 0 0 0 
_1.ptx 666 : 193536 2150368 0 0 0 0 0 0 0 
_1.ptx 667 : 193536 1762144 0 0 0 0 0 0 0 
_1.ptx 669 : 193536 2210656 0 0 0 0 0 0 0 
_1.ptx 670 : 193536 2136576 0 0 0 0 0 0 0 
_1.ptx 671 : 193536 2140384 0 0 0 0 0 0 0 
_1.ptx 672 : 193536 1783360 0 0 0 0 0 0 0 
_1.ptx 674 : 193536 2348000 0 0 0 0 0 0 0 
_1.ptx 675 : 193536 2194272 0 0 0 0 0 0 0 
_1.ptx 676 : 193536 2146368 0 0 0 0 0 0 0 
_1.ptx 677 : 193536 1763424 0 0 0 0 0 0 0 
_1.ptx 679 : 193536 1189024 0 0 0 0 0 0 0 
_1.ptx 680 : 193536 2156672 0 0 0 0 0 0 0 
_1.ptx 681 : 193536 2152672 0 0 0 0 0 0 0 
_1.ptx 682 : 193536 1776384 0 0 0 0 0 0 0 
_1.ptx 684 : 193536 2185888 0 0 0 0 0 0 0 
_1.ptx 685 : 193536 1755264 0 0 0 0 0 0 0 
_1.ptx 686 : 193536 1763008 0 0 0 0 0 0 0 
_1.ptx 688 : 193536 1759008 0 0 0 0 0 0 0 
_1.ptx 690 : 193536 1772992 0 0 0 0 0 0 0 
_1.ptx 691 : 193536 1759392 0 0 0 0 0 0 0 
_1.ptx 692 : 193536 2141600 0 0 0 0 0 0 0 
_1.ptx 693 : 193536 1783584 0 0 0 0 0 0 0 
_1.ptx 695 : 193536 2217536 0 0 0 0 0 0 0 
_1.ptx 696 : 193536 2192064 0 0 0 0 0 0 0 
_1.ptx 697 : 193536 2145888 0 0 0 0 0 0 0 
_1.ptx 698 : 193536 1774304 0 0 0 0 0 0 0 
_1.ptx 700 : 193536 1194336 0 0 0 0 0 0 0 
_1.ptx 701 : 193536 2159008 0 0 0 0 0 0 0 
_1.ptx 702 : 193536 2157216 0 0 0 0 0 0 0 
_1.ptx 703 : 193536 1773792 0 0 0 0 0 0 0 
_1.ptx 705 : 193536 2185952 0 0 0 0 0 0 0 
_1.ptx 706 : 193536 1760064 0 0 0 0 0 0 0 
_1.ptx 707 : 193536 1762400 0 0 0 0 0 0 0 
_1.ptx 709 : 193536 1768864 0 0 0 0 0 0 0 
_1.ptx 711 : 193536 1787392 0 0 0 0 0 0 0 
_1.ptx 713 : 193536 1776928 0 0 0 0 0 0 0 
_1.ptx 714 : 193536 1774688 0 0 0 0 0 0 0 
_1.ptx 715 : 193536 2144800 0 0 0 0 0 0 0 
_1.ptx 716 : 193536 1756800 0 0 0 0 0 0 0 
_1.ptx 717 : 193536 1185440 0 0 0 0 0 0 0 
_1.ptx 834 : 193536 2135776 0 0 0 0 0 0 0 
_1.ptx 835 : 193536 132374752 774144 0 0 6048 6048 0 0 
_1.ptx 837 : 193536 2139520 0 0 0 0 0 0 0 
_1.ptx 838 : 193536 124428224 774144 0 0 6048 6048 0 0 
_1.ptx 840 : 193536 2169184 0 0 0 0 0 0 0 
_1.ptx 841 : 193536 2142176 0 0 0 0 0 0 0 
_1.ptx 842 : 193536 1377120 0 0 0 0 0 0 0 
_1.ptx 843 : 193536 2158784 0 0 0 0 0 0 0 
_1.ptx 844 : 193536 2140096 0 0 0 0 0 0 0 
_1.ptx 845 : 193536 123257184 774144 0 0 6048 6048 0 0 
_1.ptx 847 : 193536 2133792 0 0 0 0 0 0 0 
_1.ptx 848 : 193536 2152384 0 0 0 0 0 0 0 
_1.ptx 849 : 193536 1378400 0 0 0 0 0 0 0 
_1.ptx 850 : 193536 2136160 0 0 0 0 0 0 0 
_1.ptx 851 : 193536 2138432 0 0 0 0 0 0 0 
_1.ptx 852 : 193536 125513632 774144 0 0 6048 6048 0 0 
_1.ptx 853 : 193536 1168416 0 0 0 0 0 0 0 
_1.ptx 854 : 193536 1562784 0 0 0 0 0 0 0 
_1.ptx 855 : 193536 0 0 0 0 0 0 0 0 
_1.ptx 857 : 193536 1374048 0 0 0 0 0 0 0 
_1.ptx 858 : 193536 2163712 0 0 0 0 0 0 0 
_1.ptx 859 : 193536 2140384 0 0 0 0 0 0 0 
_1.ptx 860 : 193536 100175840 640 0 0 13843 6048 0 0 
_1.ptx 862 : 193536 2139360 0 0 0 0 0 0 0 
_1.ptx 863 : 193536 1377280 0 0 0 0 0 0 0 
_1.ptx 864 : 193536 2159104 0 0 0 0 0 0 0 
_1.ptx 865 : 193536 2140768 0 0 0 0 0 0 0 
_1.ptx 866 : 193536 100608672 1152 0 0 13843 6048 0 0 
_1.ptx 868 : 193536 2140352 0 0 0 0 0 0 0 
_1.ptx 869 : 193536 1375808 0 0 0 0 0 0 0 
_1.ptx 870 : 193536 2264288 0 0 0 0 0 0 0 
_1.ptx 871 : 193536 2138432 0 0 0 0 0 0 0 
_1.ptx 872 : 193536 101989600 1280 0 0 13843 6048 0 0 
_1.ptx 874 : 193536 2140736 0 0 0 0 0 0 0 
_1.ptx 875 : 193536 1376992 0 0 0 0 0 0 0 
_1.ptx 876 : 193536 2167200 0 0 0 0 0 0 0 
_1.ptx 877 : 193536 2141024 0 0 0 0 0 0 0 
_1.ptx 878 : 193536 99410592 640 0 0 13843 6048 0 0 
_1.ptx 880 : 193536 2139584 0 0 0 0 0 0 0 
_1.ptx 881 : 193536 1374848 0 0 0 0 0 0 0 
_1.ptx 882 : 193536 2202592 0 0 0 0 0 0 0 
_1.ptx 883 : 193536 2140320 0 0 0 0 0 0 0 
_1.ptx 884 : 193536 98123776 384 0 0 13843 6048 0 0 
_1.ptx 886 : 193536 9458848 0 0 0 0 0 0 0 
_1.ptx 887 : 193536 10005920 0 0 0 0 0 0 0 
_1.ptx 888 : 193536 10405152 0 0 0 0 0 0 0 
_1.ptx 889 : 193536 1169440 0 0 0 0 0 0 0 
_1.ptx 890 : 193536 2140288 0 0 0 0 0 0 0 
_1.ptx 891 : 193536 10112000 0 0 0 0 0 0 0 
_1.ptx 892 : 193536 10208448 0 0 0 0 0 0 0 
_1.ptx 893 : 193536 10364384 0 0 0 0 0 0 0 
_1.ptx 894 : 193536 1172576 0 0 0 0 0 0 0 
_1.ptx 895 : 193536 2144480 0 0 0 0 0 0 0 
_1.ptx 896 : 193536 2151072 0 0 0 0 0 0 0 
_1.ptx 897 : 193536 2159392 0 0 0 0 0 0 0 
_1.ptx 898 : 193536 1761152 0 0 0 0 0 0 0 
_1.ptx 899 : 193536 1763136 0 0 0 0 0 0 0 
_1.ptx 900 : 193536 1765440 0 0 0 0 0 0 0 
_1.ptx 901 : 193536 1770976 0 0 0 0 0 0 0 
_1.ptx 902 : 193536 2177952 0 0 0 0 0 0 0 
_1.ptx 903 : 193536 2145216 0 0 0 0 0 0 0 
_1.ptx 904 : 193536 2146560 0 0 0 0 0 0 0 
_1.ptx 905 : 193536 2144896 0 0 0 0 0 0 0 
_1.ptx 906 : 193536 1177120 0 0 0 0 0 0 0 
_1.ptx 907 : 193536 2156128 0 0 0 0 0 0 0 
_1.ptx 908 : 193536 1186720 0 0 0 0 0 0 0 
_1.ptx 909 : 193536 2169760 0 0 0 0 0 0 0 
_1.ptx 910 : 193536 4880256 0 0 0 0 0 0 0 
_1.ptx 911 : 193536 6678848 0 0 0 0 0 0 0 
_1.ptx 912 : 193536 2151968 0 0 0 0 0 0 0 
_1.ptx 913 : 193536 1175072 0 0 0 0 0 0 0 
_1.ptx 914 : 193536 2142848 0 0 0 0 0 0 0 
_1.ptx 915 : 193536 9950880 0 0 0 0 0 0 0 
_1.ptx 916 : 193536 3372128 0 0 0 0 0 0 0 
_1.ptx 917 : 193536 2141824 0 0 0 0 0 0 0 
_1.ptx 918 : 193536 1170336 0 0 0 0 0 0 0 
_1.ptx 919 : 193536 2142848 0 0 0 0 0 0 0 
_1.ptx 920 : 193536 9522848 0 0 0 0 0 0 0 
_1.ptx 921 : 193536 4461760 0 0 0 0 0 0 0 
_1.ptx 922 : 193536 2144704 0 0 0 0 0 0 0 
_1.ptx 923 : 193536 2146208 0 0 0 0 0 0 0 
_1.ptx 924 : 193536 1761376 0 0 0 0 0 0 0 
_1.ptx 925 : 193536 1774528 0 0 0 0 0 0 0 
_1.ptx 926 : 193536 3430816 0 0 0 0 0 0 0 
_1.ptx 927 : 193536 1402752 0 0 0 0 0 0 0 
_1.ptx 928 : 193536 1229760 0 0 0 0 0 0 0 
_1.ptx 929 : 193536 2155456 0 0 0 0 0 0 0 
_1.ptx 930 : 193536 1186496 0 0 0 0 0 0 0 
_1.ptx 931 : 193536 2158560 0 0 0 0 0 0 0 
_1.ptx 932 : 193536 2156960 0 0 0 0 0 0 0 
_1.ptx 934 : 193536 2156960 0 0 0 0 0 0 0 
_1.ptx 935 : 193536 1765280 0 0 0 0 0 0 0 
_1.ptx 937 : 193536 2155040 0 0 0 0 0 0 0 
_1.ptx 938 : 193536 1759264 0 0 0 0 0 0 0 
_1.ptx 940 : 193536 2138528 0 0 0 0 0 0 0 
_1.ptx 941 : 193536 1777984 0 0 0 0 0 0 0 
_1.ptx 943 : 193536 2188576 0 0 0 0 0 0 0 
_1.ptx 944 : 193536 1769248 0 0 0 0 0 0 0 
_1.ptx 946 : 193536 2188672 0 0 0 0 0 0 0 
_1.ptx 947 : 193536 1772992 0 0 0 0 0 0 0 
_1.ptx 949 : 193536 1207808 0 0 0 0 0 0 0 
_1.ptx 950 : 193536 2162688 0 0 0 0 0 0 0 
_1.ptx 951 : 193536 2161408 0 0 0 0 0 0 0 
_1.ptx 952 : 193536 1803008 0 0 0 0 0 0 0 
_1.ptx 954 : 193536 2244320 0 0 0 0 0 0 0 
_1.ptx 955 : 193536 2204576 0 0 0 0 0 0 0 
_1.ptx 956 : 193536 2159008 0 0 0 0 0 0 0 
_1.ptx 957 : 193536 1762656 0 0 0 0 0 0 0 
_1.ptx 958 : 193536 1762720 0 0 0 0 0 0 0 
_1.ptx 960 : 193536 1779264 0 0 0 0 0 0 0 
_1.ptx 961 : 193536 1752000 0 0 0 0 0 0 0 
_1.ptx 962 : 193536 2143968 0 0 0 0 0 0 0 
_1.ptx 963 : 193536 1804576 0 0 0 0 0 0 0 
_1.ptx 965 : 193536 2306016 0 0 0 0 0 0 0 
_1.ptx 966 : 193536 2216864 0 0 0 0 0 0 0 
_1.ptx 967 : 193536 2157760 0 0 0 0 0 0 0 
_1.ptx 968 : 193536 1807392 0 0 0 0 0 0 0 
_1.ptx 970 : 193536 2351424 0 0 0 0 0 0 0 
_1.ptx 971 : 193536 2211040 0 0 0 0 0 0 0 
_1.ptx 972 : 193536 2160128 0 0 0 0 0 0 0 
_1.ptx 973 : 193536 1780416 0 0 0 0 0 0 0 
_1.ptx 975 : 193536 1216320 0 0 0 0 0 0 0 
_1.ptx 976 : 193536 2171104 0 0 0 0 0 0 0 
_1.ptx 977 : 193536 2170304 0 0 0 0 0 0 0 
_1.ptx 978 : 193536 1787264 0 0 0 0 0 0 0 
_1.ptx 980 : 193536 2210464 0 0 0 0 0 0 0 
_1.ptx 981 : 193536 1750432 0 0 0 0 0 0 0 
_1.ptx 982 : 193536 1774016 0 0 0 0 0 0 0 
_1.ptx 984 : 193536 1781984 0 0 0 0 0 0 0 
_1.ptx 986 : 193536 1800032 0 0 0 0 0 0 0 
_1.ptx 987 : 193536 1799744 0 0 0 0 0 0 0 
_1.ptx 988 : 193536 2174176 0 0 0 0 0 0 0 
_1.ptx 989 : 193536 1793728 0 0 0 0 0 0 0 
_1.ptx 991 : 193536 2229632 0 0 0 0 0 0 0 
_1.ptx 992 : 193536 2193824 0 0 0 0 0 0 0 
_1.ptx 993 : 193536 2159200 0 0 0 0 0 0 0 
_1.ptx 994 : 193536 1781504 0 0 0 0 0 0 0 
_1.ptx 996 : 193536 1219648 0 0 0 0 0 0 0 
_1.ptx 997 : 193536 2171200 0 0 0 0 0 0 0 
_1.ptx 998 : 193536 2174688 0 0 0 0 0 0 0 
_1.ptx 999 : 193536 1786368 0 0 0 0 0 0 0 
_1.ptx 1001 : 193536 2324064 0 0 0 0 0 0 0 
_1.ptx 1002 : 193536 1751328 0 0 0 0 0 0 0 
_1.ptx 1003 : 193536 1776576 0 0 0 0 0 0 0 
_1.ptx 1005 : 193536 1795552 0 0 0 0 0 0 0 
_1.ptx 1007 : 193536 1813696 0 0 0 0 0 0 0 
_1.ptx 1009 : 193536 1802528 0 0 0 0 0 0 0 
_1.ptx 1010 : 193536 1802400 0 0 0 0 0 0 0 
_1.ptx 1011 : 193536 2187296 0 0 0 0 0 0 0 
_1.ptx 1012 : 193536 1762496 0 0 0 0 0 0 0 
_1.ptx 1013 : 193536 1196864 0 0 0 0 0 0 0 
_1.ptx 1130 : 193536 2136448 0 0 0 0 0 0 0 
_1.ptx 1131 : 193536 118072896 774144 0 0 6048 6048 0 0 
_1.ptx 1133 : 193536 2140160 0 0 0 0 0 0 0 
_1.ptx 1134 : 193536 114937792 774144 0 0 6048 6048 0 0 
_1.ptx 1136 : 193536 2201760 0 0 0 0 0 0 0 
_1.ptx 1137 : 193536 2139648 0 0 0 0 0 0 0 
_1.ptx 1138 : 193536 1377792 0 0 0 0 0 0 0 
_1.ptx 1139 : 193536 2135392 0 0 0 0 0 0 0 
_1.ptx 1140 : 193536 2139200 0 0 0 0 0 0 0 
_1.ptx 1141 : 193536 118689536 774144 0 0 6048 6048 0 0 
_1.ptx 1143 : 193536 2129888 0 0 0 0 0 0 0 
_1.ptx 1144 : 193536 2139744 0 0 0 0 0 0 0 
_1.ptx 1145 : 193536 1369600 0 0 0 0 0 0 0 
_1.ptx 1146 : 193536 2194880 0 0 0 0 0 0 0 
_1.ptx 1147 : 193536 2139456 0 0 0 0 0 0 0 
_1.ptx 1148 : 193536 128853824 774144 0 0 6048 6048 0 0 
_1.ptx 1149 : 193536 1170656 0 0 0 0 0 0 0 
_1.ptx 1150 : 193536 1562112 0 0 0 0 0 0 0 
_1.ptx 1151 : 193536 0 0 0 0 0 0 0 0 
_1.ptx 1153 : 193536 1373920 0 0 0 0 0 0 0 
_1.ptx 1154 : 193536 2137824 0 0 0 0 0 0 0 
_1.ptx 1155 : 193536 2140064 0 0 0 0 0 0 0 
_1.ptx 1156 : 193536 198684672 710656 0 0 128577 6048 0 0 
_1.ptx 1158 : 193536 2139680 0 0 0 0 0 0 0 
_1.ptx 1159 : 193536 1374880 0 0 0 0 0 0 0 
_1.ptx 1160 : 193536 2102976 0 0 0 0 0 0 0 
_1.ptx 1161 : 193536 2139328 0 0 0 0 0 0 0 
_1.ptx 1162 : 193536 231107680 735488 0 0 128577 6048 0 0 
_1.ptx 1164 : 193536 2136512 0 0 0 0 0 0 0 
_1.ptx 1165 : 193536 1368416 0 0 0 0 0 0 0 
_1.ptx 1166 : 193536 2118272 0 0 0 0 0 0 0 
_1.ptx 1167 : 193536 2137824 0 0 0 0 0 0 0 
_1.ptx 1168 : 193536 232307008 728064 0 0 128577 6048 0 0 
_1.ptx 1170 : 193536 2140896 0 0 0 0 0 0 0 
_1.ptx 1171 : 193536 1371744 0 0 0 0 0 0 0 
_1.ptx 1172 : 193536 2066176 0 0 0 0 0 0 0 
_1.ptx 1173 : 193536 2138016 0 0 0 0 0 0 0 
_1.ptx 1174 : 193536 238431840 707328 0 0 128577 6048 0 0 
_1.ptx 1176 : 193536 2139072 0 0 0 0 0 0 0 
_1.ptx 1177 : 193536 1369472 0 0 0 0 0 0 0 
_1.ptx 1178 : 193536 2074560 0 0 0 0 0 0 0 
_1.ptx 1179 : 193536 2138592 0 0 0 0 0 0 0 
_1.ptx 1180 : 193536 240835168 698880 0 0 128577 6048 0 0 
_1.ptx 1182 : 193536 9012960 0 0 0 0 0 0 0 
_1.ptx 1183 : 193536 9388160 0 0 0 0 0 0 0 
_1.ptx 1184 : 193536 9920384 0 0 0 0 0 0 0 
_1.ptx 1185 : 193536 1164608 0 0 0 0 0 0 0 
_1.ptx 1186 : 193536 2138400 0 0 0 0 0 0 0 
_1.ptx 1187 : 193536 9414912 0 0 0 0 0 0 0 
_1.ptx 1188 : 193536 9348064 0 0 0 0 0 0 0 
_1.ptx 1189 : 193536 9192128 0 0 0 0 0 0 0 
_1.ptx 1190 : 193536 1165600 0 0 0 0 0 0 0 
_1.ptx 1191 : 193536 2135328 0 0 0 0 0 0 0 
_1.ptx 1192 : 193536 2137568 0 0 0 0 0 0 0 
_1.ptx 1193 : 193536 2143904 0 0 0 0 0 0 0 
_1.ptx 1194 : 193536 1749120 0 0 0 0 0 0 0 
_1.ptx 1195 : 193536 1749824 0 0 0 0 0 0 0 
_1.ptx 1196 : 193536 1748544 0 0 0 0 0 0 0 
_1.ptx 1197 : 193536 1755232 0 0 0 0 0 0 0 
_1.ptx 1198 : 193536 2147520 0 0 0 0 0 0 0 
_1.ptx 1199 : 193536 2136096 0 0 0 0 0 0 0 
_1.ptx 1200 : 193536 2142048 0 0 0 0 0 0 0 
_1.ptx 1201 : 193536 2135168 0 0 0 0 0 0 0 
_1.ptx 1202 : 193536 1164544 0 0 0 0 0 0 0 
_1.ptx 1203 : 193536 2142464 0 0 0 0 0 0 0 
_1.ptx 1204 : 193536 1165984 0 0 0 0 0 0 0 
_1.ptx 1205 : 193536 2135296 0 0 0 0 0 0 0 
_1.ptx 1206 : 193536 2893856 0 0 0 0 0 0 0 
_1.ptx 1207 : 193536 4052640 0 0 0 0 0 0 0 
_1.ptx 1208 : 193536 2137568 0 0 0 0 0 0 0 
_1.ptx 1209 : 193536 1168032 0 0 0 0 0 0 0 
_1.ptx 1210 : 193536 2268832 0 0 0 0 0 0 0 
_1.ptx 1211 : 193536 9005728 0 0 0 0 0 0 0 
_1.ptx 1212 : 193536 2812064 0 0 0 0 0 0 0 
_1.ptx 1213 : 193536 2134912 0 0 0 0 0 0 0 
_1.ptx 1214 : 193536 1164352 0 0 0 0 0 0 0 
_1.ptx 1215 : 193536 2134624 0 0 0 0 0 0 0 
_1.ptx 1216 : 193536 9104032 0 0 0 0 0 0 0 
_1.ptx 1217 : 193536 2968640 0 0 0 0 0 0 0 
_1.ptx 1218 : 193536 2134880 0 0 0 0 0 0 0 
_1.ptx 1219 : 193536 2140448 0 0 0 0 0 0 0 
_1.ptx 1220 : 193536 1752544 0 0 0 0 0 0 0 
_1.ptx 1221 : 193536 1756512 0 0 0 0 0 0 0 
_1.ptx 1222 : 193536 2860704 0 0 0 0 0 0 0 
_1.ptx 1223 : 193536 1371904 0 0 0 0 0 0 0 
_1.ptx 1224 : 193536 1186432 0 0 0 0 0 0 0 
_1.ptx 1225 : 193536 2136928 0 0 0 0 0 0 0 
_1.ptx 1226 : 193536 1166624 0 0 0 0 0 0 0 
_1.ptx 1227 : 193536 2136480 0 0 0 0 0 0 0 
_1.ptx 1228 : 193536 2135936 0 0 0 0 0 0 0 
_1.ptx 1230 : 193536 2138176 0 0 0 0 0 0 0 
_1.ptx 1231 : 193536 1748576 0 0 0 0 0 0 0 
_1.ptx 1233 : 193536 2135200 0 0 0 0 0 0 0 
_1.ptx 1234 : 193536 1752608 0 0 0 0 0 0 0 
_1.ptx 1236 : 193536 2142976 0 0 0 0 0 0 0 
_1.ptx 1237 : 193536 1750048 0 0 0 0 0 0 0 
_1.ptx 1239 : 193536 2143200 0 0 0 0 0 0 0 
_1.ptx 1240 : 193536 1749312 0 0 0 0 0 0 0 
_1.ptx 1242 : 193536 2151072 0 0 0 0 0 0 0 
_1.ptx 1243 : 193536 1751360 0 0 0 0 0 0 0 
_1.ptx 1245 : 193536 1173728 0 0 0 0 0 0 0 
_1.ptx 1246 : 193536 2136768 0 0 0 0 0 0 0 
_1.ptx 1247 : 193536 2139392 0 0 0 0 0 0 0 
_1.ptx 1248 : 193536 1755456 0 0 0 0 0 0 0 
_1.ptx 1250 : 193536 2150272 0 0 0 0 0 0 0 
_1.ptx 1251 : 193536 2142208 0 0 0 0 0 0 0 
_1.ptx 1252 : 193536 2137280 0 0 0 0 0 0 0 
_1.ptx 1253 : 193536 1748928 0 0 0 0 0 0 0 
_1.ptx 1254 : 193536 1749696 0 0 0 0 0 0 0 
_1.ptx 1256 : 193536 1755200 0 0 0 0 0 0 0 
_1.ptx 1257 : 193536 1750912 0 0 0 0 0 0 0 
_1.ptx 1258 : 193536 2135456 0 0 0 0 0 0 0 
_1.ptx 1259 : 193536 1756576 0 0 0 0 0 0 0 
_1.ptx 1261 : 193536 2170368 0 0 0 0 0 0 0 
_1.ptx 1262 : 193536 2143680 0 0 0 0 0 0 0 
_1.ptx 1263 : 193536 2140032 0 0 0 0 0 0 0 
_1.ptx 1264 : 193536 1767296 0 0 0 0 0 0 0 
_1.ptx 1266 : 193536 2320608 0 0 0 0 0 0 0 
_1.ptx 1267 : 193536 2151712 0 0 0 0 0 0 0 
_1.ptx 1268 : 193536 2138048 0 0 0 0 0 0 0 
_1.ptx 1269 : 193536 1750304 0 0 0 0 0 0 0 
_1.ptx 1271 : 193536 1172320 0 0 0 0 0 0 0 
_1.ptx 1272 : 193536 2139424 0 0 0 0 0 0 0 
_1.ptx 1273 : 193536 2136192 0 0 0 0 0 0 0 
_1.ptx 1274 : 193536 1752128 0 0 0 0 0 0 0 
_1.ptx 1276 : 193536 2205440 0 0 0 0 0 0 0 
_1.ptx 1277 : 193536 1748384 0 0 0 0 0 0 0 
_1.ptx 1278 : 193536 1752352 0 0 0 0 0 0 0 
_1.ptx 1280 : 193536 1751712 0 0 0 0 0 0 0 
_1.ptx 1282 : 193536 1768960 0 0 0 0 0 0 0 
_1.ptx 1283 : 193536 1763168 0 0 0 0 0 0 0 
_1.ptx 1284 : 193536 2151872 0 0 0 0 0 0 0 
_1.ptx 1285 : 193536 1759488 0 0 0 0 0 0 0 
_1.ptx 1287 : 193536 2214688 0 0 0 0 0 0 0 
_1.ptx 1288 : 193536 2144480 0 0 0 0 0 0 0 
_1.ptx 1289 : 193536 2138496 0 0 0 0 0 0 0 
_1.ptx 1290 : 193536 1754720 0 0 0 0 0 0 0 
_1.ptx 1292 : 193536 1173600 0 0 0 0 0 0 0 
_1.ptx 1293 : 193536 2140160 0 0 0 0 0 0 0 
_1.ptx 1294 : 193536 2141760 0 0 0 0 0 0 0 
_1.ptx 1295 : 193536 1752608 0 0 0 0 0 0 0 
_1.ptx 1297 : 193536 2177344 0 0 0 0 0 0 0 
_1.ptx 1298 : 193536 1752608 0 0 0 0 0 0 0 
_1.ptx 1299 : 193536 1751264 0 0 0 0 0 0 0 
_1.ptx 1301 : 193536 1757088 0 0 0 0 0 0 0 
_1.ptx 1303 : 193536 1772800 0 0 0 0 0 0 0 
_1.ptx 1305 : 193536 1768576 0 0 0 0 0 0 0 
_1.ptx 1306 : 193536 1760448 0 0 0 0 0 0 0 
_1.ptx 1307 : 193536 2147840 0 0 0 0 0 0 0 
_1.ptx 1308 : 193536 1752384 0 0 0 0 0 0 0 
_1.ptx 1309 : 193536 1177408 0 0 0 0 0 0 0 
_1.ptx 1426 : 193536 45366368 0 0 0 0 0 0 0 
_1.ptx 1427 : 193536 2138304 0 0 0 0 0 0 0 
_1.ptx 1428 : 193536 31975264 774144 0 0 6048 6048 0 0 
_1.ptx 1430 : 193536 2140064 0 0 0 0 0 0 0 
_1.ptx 1431 : 193536 25132896 774144 0 0 6048 6048 0 0 
_1.ptx 1433 : 193536 2138016 0 0 0 0 0 0 0 
_1.ptx 1434 : 193536 23804192 774144 0 0 6048 6048 0 0 
_1.ptx 1436 : 193536 2137408 0 0 0 0 0 0 0 
_1.ptx 1437 : 193536 27057536 774144 0 0 6048 6048 0 0 
_1.ptx 1439 : 193536 2140992 0 0 0 0 0 0 0 
_1.ptx 1440 : 193536 25601920 774144 0 0 6048 6048 0 0 
_1.ptx 1442 : 193536 1168352 0 0 0 0 0 0 0 
