kernel line : count latency dram_traffic smem_bk_conflicts smem_warp gmem_access_generated gmem_warp exposed_latency warp_divergence
_1.ptx 97 : 262144 2041280 0 0 0 0 0 0 0 
_1.ptx 98 : 262144 2228288 0 0 0 0 0 0 0 
_1.ptx 99 : 262144 0 0 0 0 0 0 0 0 
_1.ptx 100 : 262144 2981600 0 0 0 0 0 0 0 
_1.ptx 101 : 262144 2771360 0 0 0 0 0 0 0 
_1.ptx 102 : 262144 2003488 0 0 0 0 0 0 0 
_1.ptx 103 : 262144 1734464 0 0 0 0 0 0 0 
_1.ptx 104 : 262144 2190560 0 0 0 0 0 0 0 
_1.ptx 105 : 262144 2974208 0 0 0 0 0 0 0 
_1.ptx 106 : 262144 1988256 0 0 0 0 0 0 0 
_1.ptx 107 : 262144 1981312 0 0 0 0 0 0 0 
_1.ptx 108 : 262144 2867520 0 0 0 0 0 0 0 
_1.ptx 109 : 262144 5718656 0 0 0 0 0 0 0 
_1.ptx 110 : 262144 2945120 0 0 0 0 0 0 0 
_1.ptx 111 : 262144 5894656 0 0 0 0 0 0 0 
_1.ptx 112 : 262144 2951648 0 0 0 0 0 0 0 
_1.ptx 113 : 262144 1771072 0 0 0 0 0 0 0 
_1.ptx 114 : 262144 1982368 0 0 0 0 0 0 0 
_1.ptx 118 : 1048576 402757120 4194304 0 0 32768 32768 0 0 
_1.ptx 119 : 1048576 408728768 4194304 0 0 32768 32768 0 0 
_1.ptx 120 : 1048576 9627200 0 0 0 0 0 0 0 
_1.ptx 121 : 1048576 10751488 0 0 0 0 0 0 0 
_1.ptx 122 : 1048576 10738528 0 0 0 0 0 0 0 
_1.ptx 123 : 1048576 10768448 0 0 0 0 0 0 0 
_1.ptx 124 : 1048576 8610400 0 0 0 0 0 0 0 
_1.ptx 125 : 1048576 4908800 0 0 0 0 0 0 0 
_1.ptx 126 : 262144 1643744 0 0 0 0 0 0 0 
_1.ptx 131 : 262144 7541120 0 8192 8192 0 0 0 0 
_1.ptx 132 : 262144 2939872 0 0 0 0 0 0 0 
_1.ptx 133 : 262144 2941408 0 0 0 0 0 0 0 
_1.ptx 134 : 262144 2179680 0 0 0 0 0 0 0 
_1.ptx 135 : 262144 1257248 0 0 0 0 0 0 0 
_1.ptx 137 : 65536 427040 0 0 0 0 0 0 0 
_1.ptx 141 : 655360 4659424 0 0 0 0 0 0 0 
_1.ptx 142 : 655360 5773888 0 0 0 0 0 0 0 
_1.ptx 143 : 655360 3395359 0 0 0 0 0 0 1280 
_1.ptx 144 : 196352 1687083 0 0 0 0 0 0 0 
_1.ptx 145 : 196352 1526122 0 0 0 0 0 0 0 
_1.ptx 146 : 196352 1709205 0 0 0 0 0 0 0 
_1.ptx 147 : 196352 2339578 0 0 0 0 0 0 0 
_1.ptx 148 : 196352 2401559 0 0 0 0 0 0 0 
_1.ptx 149 : 196352 2637887 0 0 0 0 0 0 0 
_1.ptx 150 : 196352 2846104 0 0 0 0 0 0 0 
_1.ptx 151 : 196352 2370923 0 0 0 0 0 0 0 
_1.ptx 152 : 196352 1755946 0 0 0 0 0 0 0 
_1.ptx 153 : 196352 2674568 0 0 0 0 0 0 0 
_1.ptx 154 : 196352 2333805 0 0 0 0 0 0 0 
_1.ptx 158 : 261888 2366616 0 9216 9216 0 0 0 0 
_1.ptx 159 : 261888 2311271 0 9216 9216 0 0 0 0 
_1.ptx 160 : 261888 3078968 0 0 0 0 0 0 0 
_1.ptx 161 : 261888 1552028 0 9216 9216 0 0 0 0 
_1.ptx 162 : 261888 3091067 0 0 0 0 0 0 0 
_1.ptx 163 : 261888 3129682 0 0 0 0 0 0 0 
_1.ptx 66 : 32768 218656 0 0 0 0 0 0 0 
_1.ptx 164 : 261888 3123241 0 0 0 0 0 0 0 
_1.ptx 67 : 32768 245760 0 0 0 0 0 0 0 
_1.ptx 165 : 261888 2428223 0 0 0 0 0 0 0 
_1.ptx 68 : 32768 4658688 128 0 0 0 0 0 0 
_1.ptx 166 : 261888 500800 0 0 0 0 0 0 0 
_1.ptx 69 : 32768 278144 0 0 0 0 0 0 0 
_1.ptx 70 : 32768 0 0 0 0 0 0 0 0 
_1.ptx 71 : 32768 252800 0 0 0 0 0 0 0 
_1.ptx 169 : 655360 5424800 0 0 0 0 0 0 0 
_1.ptx 72 : 32768 252576 0 0 0 0 0 0 0 
_1.ptx 170 : 655360 4841376 0 0 0 0 0 0 0 
_1.ptx 73 : 32768 288384 0 0 0 0 0 0 0 
_1.ptx 171 : 655360 5788128 0 0 0 0 0 0 0 
_1.ptx 74 : 32768 248192 0 0 0 0 0 0 0 
_1.ptx 172 : 655360 4317440 0 0 0 0 0 0 0 
_1.ptx 75 : 32768 251104 0 0 0 0 0 0 0 
_1.ptx 173 : 65536 469245 0 0 0 0 0 0 256 
_1.ptx 76 : 32768 292192 0 0 0 0 0 0 0 
_1.ptx 77 : 32768 252864 0 0 0 0 0 0 0 
_1.ptx 175 : 256 2318 0 256 256 0 0 0 0 
_1.ptx 78 : 32768 248608 0 0 0 0 0 0 0 
_1.ptx 176 : 256 1326 0 0 0 0 0 0 0 
_1.ptx 177 : 256 2043 0 0 0 0 0 0 0 
_1.ptx 178 : 256 2732 0 0 0 0 0 0 0 
_1.ptx 81 : 65536 0 0 0 0 0 0 0 0 
_1.ptx 179 : 256 2983 0 0 0 0 0 0 0 
_1.ptx 82 : 65536 313504 0 0 0 0 0 0 0 
_1.ptx 180 : 256 2714 608 0 0 256 256 0 0 
_1.ptx 83 : 65536 566080 0 0 0 0 0 0 0 
_1.ptx 84 : 65536 782208 0 0 0 0 0 0 0 
_1.ptx 182 : 65536 761984 0 0 0 0 0 0 0 
_1.ptx 85 : 65536 581664 0 0 0 0 0 0 0 
_1.ptx 183 : 65536 584288 0 0 0 0 0 0 0 
_1.ptx 86 : 65536 527872 0 0 0 0 0 0 0 
_1.ptx 184 : 65536 241952 0 0 0 0 0 0 0 
_1.ptx 87 : 65536 592416 0 0 0 0 0 0 0 
_1.ptx 88 : 65536 799488 0 0 0 0 0 0 0 
_1.ptx 89 : 65536 770560 0 0 0 0 0 0 0 
_1.ptx 187 : 32768 233440 0 0 0 0 0 0 0 
_1.ptx 90 : 65536 1158496 0 0 0 0 0 0 0 
_1.ptx 91 : 65536 1218112 0 0 0 0 0 0 0 
_1.ptx 92 : 65536 815520 0 0 0 0 0 0 0 
_1.ptx 96 : 262144 2053088 0 0 0 0 0 0 0 
