kernel line : count latency dram_traffic smem_bk_conflicts smem_warp gmem_access_generated gmem_warp exposed_latency warp_divergence
_1.ptx 62 : 580608 3522464 0 0 0 0 0 0 0 
_1.ptx 63 : 580608 3534048 0 0 0 0 0 0 0 
_1.ptx 64 : 580608 6718784 0 0 0 0 0 0 0 
_1.ptx 65 : 580608 3511424 0 0 0 0 0 0 0 
_1.ptx 66 : 580608 6406464 0 0 0 0 0 0 0 
_1.ptx 67 : 580608 23134848 128 0 0 0 0 0 0 
_1.ptx 68 : 580608 19520608 128 0 0 0 0 0 0 
_1.ptx 69 : 580608 4153440 0 0 0 0 0 0 0 
_1.ptx 70 : 580608 6292576 0 0 0 0 0 0 0 
_1.ptx 71 : 580608 6429536 0 0 0 0 0 0 0 
_1.ptx 72 : 580608 37272480 2322432 0 0 18144 18144 0 0 
_1.ptx 73 : 580608 26599072 0 0 0 0 0 0 0 
_1.ptx 74 : 580608 25792352 0 0 0 0 0 0 0 
_1.ptx 75 : 580608 6437216 0 0 0 0 0 0 0 
_1.ptx 76 : 580608 4177280 0 0 0 0 0 0 0 
_1.ptx 77 : 580608 6145216 0 0 0 0 0 0 0 
_1.ptx 78 : 580608 6419904 0 0 0 0 0 0 0 
_1.ptx 79 : 580608 40885280 2322432 0 0 18144 18144 0 0 
_1.ptx 80 : 580608 31770528 0 0 0 0 0 0 0 
_1.ptx 81 : 580608 6075712 0 0 0 0 0 0 0 
_1.ptx 82 : 580608 6417216 0 0 0 0 0 0 0 
_1.ptx 83 : 580608 4185952 0 0 0 0 0 0 0 
_1.ptx 84 : 580608 6088480 0 0 0 0 0 0 0 
_1.ptx 85 : 580608 6415392 0 0 0 0 0 0 0 
_1.ptx 86 : 580608 44127392 2322432 0 0 18144 18144 0 0 
_1.ptx 87 : 580608 33590848 0 0 0 0 0 0 0 
_1.ptx 88 : 580608 6048928 0 0 0 0 0 0 0 
_1.ptx 89 : 580608 6413312 0 0 0 0 0 0 0 
_1.ptx 90 : 580608 4160832 0 0 0 0 0 0 0 
_1.ptx 91 : 580608 6065024 0 0 0 0 0 0 0 
_1.ptx 92 : 580608 6411744 0 0 0 0 0 0 0 
_1.ptx 93 : 580608 42496160 2322432 0 0 18144 18144 0 0 
_1.ptx 94 : 580608 33008512 0 0 0 0 0 0 0 
_1.ptx 95 : 580608 6018336 0 0 0 0 0 0 0 
_1.ptx 96 : 580608 6410720 0 0 0 0 0 0 0 
_1.ptx 97 : 580608 4162112 0 0 0 0 0 0 0 
_1.ptx 98 : 580608 6038368 0 0 0 0 0 0 0 
_1.ptx 99 : 580608 6419872 0 0 0 0 0 0 0 
_1.ptx 100 : 580608 42142752 2322432 0 0 18144 18144 0 0 
_1.ptx 102 : 580608 3514944 0 0 0 0 0 0 0 
_1.ptx 118 : 193536 1179520 0 0 0 0 0 0 0 
_1.ptx 119 : 193536 1188640 0 0 0 0 0 0 0 
_1.ptx 120 : 193536 1180192 0 0 0 0 0 0 0 
_1.ptx 121 : 193536 2843296 0 0 0 0 0 0 0 
_1.ptx 122 : 193536 2144448 0 0 0 0 0 0 0 
_1.ptx 123 : 193536 1392448 0 0 0 0 0 0 0 
_1.ptx 124 : 193536 2660832 0 0 0 0 0 0 0 
_1.ptx 125 : 193536 819456 0 0 0 0 0 0 0 
_1.ptx 126 : 193536 2145472 0 0 0 0 0 0 0 
_1.ptx 127 : 193536 70191328 774144 0 0 6048 6048 0 0 
_1.ptx 129 : 193536 992224 0 0 0 0 0 0 0 
_1.ptx 130 : 193536 2146048 0 0 0 0 0 0 0 
_1.ptx 131 : 193536 1390016 0 0 0 0 0 0 0 
_1.ptx 132 : 193536 2603968 0 0 0 0 0 0 0 
_1.ptx 133 : 193536 2146784 0 0 0 0 0 0 0 
_1.ptx 134 : 193536 75013280 774144 0 0 6048 6048 0 0 
_1.ptx 136 : 193536 2562176 0 0 0 0 0 0 0 
_1.ptx 137 : 193536 2144000 0 0 0 0 0 0 0 
_1.ptx 138 : 193536 1395136 0 0 0 0 0 0 0 
_1.ptx 139 : 193536 2599552 0 0 0 0 0 0 0 
_1.ptx 140 : 193536 2144672 0 0 0 0 0 0 0 
_1.ptx 141 : 193536 77436448 774144 0 0 6048 6048 0 0 
_1.ptx 143 : 193536 2523296 0 0 0 0 0 0 0 
_1.ptx 144 : 193536 2141664 0 0 0 0 0 0 0 
_1.ptx 145 : 193536 1388032 0 0 0 0 0 0 0 
_1.ptx 146 : 193536 2535680 0 0 0 0 0 0 0 
_1.ptx 147 : 193536 2143104 0 0 0 0 0 0 0 
_1.ptx 148 : 193536 77175808 774144 0 0 6048 6048 0 0 
_1.ptx 150 : 193536 9454592 0 0 0 0 0 0 0 
_1.ptx 151 : 193536 9488832 0 0 0 0 0 0 0 
_1.ptx 152 : 193536 9548992 0 0 0 0 0 0 0 
_1.ptx 153 : 193536 2150432 0 0 0 0 0 0 0 
_1.ptx 154 : 193536 1762272 0 0 0 0 0 0 0 
_1.ptx 155 : 193536 1765568 0 0 0 0 0 0 0 
_1.ptx 156 : 193536 1180512 0 0 0 0 0 0 0 
_1.ptx 157 : 193536 3508736 0 0 0 0 0 0 0 
_1.ptx 158 : 193536 3922176 0 0 0 0 0 0 0 
_1.ptx 159 : 193536 2140000 0 0 0 0 0 0 0 
_1.ptx 160 : 193536 1382656 0 0 0 0 0 0 0 
_1.ptx 161 : 193536 2825024 0 0 0 0 0 0 0 
_1.ptx 162 : 193536 2140640 0 0 0 0 0 0 0 
_1.ptx 163 : 193536 63809568 774144 0 0 6048 6048 0 0 
_1.ptx 164 : 193536 1174784 0 0 0 0 0 0 0 
_1.ptx 165 : 193536 2143424 0 0 0 0 0 0 0 
_1.ptx 166 : 193536 2142880 0 0 0 0 0 0 0 
_1.ptx 167 : 193536 2146176 0 0 0 0 0 0 0 
_1.ptx 168 : 193536 1180480 0 0 0 0 0 0 0 
_1.ptx 169 : 193536 2148000 0 0 0 0 0 0 0 
_1.ptx 170 : 193536 1179552 0 0 0 0 0 0 0 
_1.ptx 171 : 193536 2142080 0 0 0 0 0 0 0 
_1.ptx 172 : 193536 9500672 0 0 0 0 0 0 0 
_1.ptx 173 : 193536 3422656 0 0 0 0 0 0 0 
_1.ptx 174 : 193536 2141536 0 0 0 0 0 0 0 
_1.ptx 175 : 193536 695072 0 0 0 0 0 0 0 
_1.ptx 176 : 193536 2143168 0 0 0 0 0 0 0 
_1.ptx 177 : 193536 81934784 774144 0 0 6048 6048 0 0 
_1.ptx 178 : 193536 3418912 0 0 0 0 0 0 0 
_1.ptx 179 : 193536 2139520 0 0 0 0 0 0 0 
_1.ptx 180 : 193536 9770368 0 0 0 0 0 0 0 
_1.ptx 182 : 193536 758880 0 0 0 0 0 0 0 
_1.ptx 183 : 193536 2142272 0 0 0 0 0 0 0 
_1.ptx 184 : 193536 1223552 774144 0 0 6048 6048 0 0 
_1.ptx 186 : 193536 1172896 0 0 0 0 0 0 0 
_1.ptx 208 : 193536 1195520 0 0 0 0 0 0 0 
_1.ptx 209 : 193536 1204896 0 0 0 0 0 0 0 
_1.ptx 210 : 193536 1183712 0 0 0 0 0 0 0 
_1.ptx 211 : 193536 2643776 0 0 0 0 0 0 0 
_1.ptx 212 : 193536 2150272 0 0 0 0 0 0 0 
_1.ptx 213 : 193536 1387872 0 0 0 0 0 0 0 
_1.ptx 214 : 193536 2258720 0 0 0 0 0 0 0 
_1.ptx 215 : 193536 21014272 0 0 0 0 0 0 0 
_1.ptx 216 : 193536 2151424 0 0 0 0 0 0 0 
_1.ptx 217 : 193536 83989472 266368 0 0 6048 6048 0 0 
_1.ptx 219 : 193536 11673952 0 0 0 0 0 0 0 
_1.ptx 220 : 193536 2145984 0 0 0 0 0 0 0 
_1.ptx 221 : 193536 1391072 0 0 0 0 0 0 0 
_1.ptx 222 : 193536 2389920 0 0 0 0 0 0 0 
_1.ptx 223 : 193536 2150496 0 0 0 0 0 0 0 
_1.ptx 224 : 193536 79058432 273536 0 0 6048 6048 0 0 
_1.ptx 226 : 193536 2253024 0 0 0 0 0 0 0 
_1.ptx 227 : 193536 2147520 0 0 0 0 0 0 0 
_1.ptx 228 : 193536 1395456 0 0 0 0 0 0 0 
_1.ptx 229 : 193536 2254880 0 0 0 0 0 0 0 
_1.ptx 230 : 193536 2143808 0 0 0 0 0 0 0 
_1.ptx 231 : 193536 81609248 277632 0 0 6048 6048 0 0 
_1.ptx 233 : 193536 2280896 0 0 0 0 0 0 0 
_1.ptx 234 : 193536 2144992 0 0 0 0 0 0 0 
_1.ptx 235 : 193536 1391648 0 0 0 0 0 0 0 
_1.ptx 236 : 193536 2230144 0 0 0 0 0 0 0 
_1.ptx 237 : 193536 2139104 0 0 0 0 0 0 0 
_1.ptx 238 : 193536 81011488 271232 0 0 6048 6048 0 0 
_1.ptx 240 : 193536 2339040 0 0 0 0 0 0 0 
_1.ptx 241 : 193536 2143264 0 0 0 0 0 0 0 
_1.ptx 242 : 193536 1396032 0 0 0 0 0 0 0 
_1.ptx 243 : 193536 2276544 0 0 0 0 0 0 0 
_1.ptx 244 : 193536 2144800 0 0 0 0 0 0 0 
_1.ptx 245 : 193536 81300928 275200 0 0 6048 6048 0 0 
_1.ptx 247 : 193536 7710912 0 0 0 0 0 0 0 
_1.ptx 248 : 193536 2147104 0 0 0 0 0 0 0 
_1.ptx 249 : 193536 101815520 774144 0 0 6048 6048 0 0 
_1.ptx 251 : 193536 8274848 0 0 0 0 0 0 0 
_1.ptx 252 : 193536 2147104 0 0 0 0 0 0 0 
_1.ptx 253 : 193536 105045024 774144 0 0 6048 6048 0 0 
_1.ptx 255 : 193536 2142432 0 0 0 0 0 0 0 
_1.ptx 256 : 193536 107235040 774144 0 0 6048 6048 0 0 
_1.ptx 258 : 193536 2415968 0 0 0 0 0 0 0 
_1.ptx 259 : 193536 2143840 0 0 0 0 0 0 0 
_1.ptx 260 : 193536 1389184 0 0 0 0 0 0 0 
_1.ptx 261 : 193536 2174848 0 0 0 0 0 0 0 
_1.ptx 262 : 193536 2146528 0 0 0 0 0 0 0 
_1.ptx 263 : 193536 111333056 774144 0 0 6048 6048 0 0 
_1.ptx 264 : 193536 1174880 0 0 0 0 0 0 0 
_1.ptx 265 : 193536 1564800 0 0 0 0 0 0 0 
_1.ptx 266 : 193536 93354 0 0 0 0 0 0 3151 
_1.ptx 268 : 178150 1268203 0 0 0 0 0 0 0 
_1.ptx 269 : 178150 1986652 0 0 0 0 0 0 0 
_1.ptx 270 : 178150 1969332 0 0 0 0 0 0 0 
_1.ptx 271 : 178150 165707493 297984 0 0 114727 6046 0 0 
_1.ptx 273 : 178150 1970217 0 0 0 0 0 0 0 
_1.ptx 274 : 178150 1265401 0 0 0 0 0 0 0 
_1.ptx 275 : 178150 2045485 0 0 0 0 0 0 0 
_1.ptx 276 : 178150 1968912 0 0 0 0 0 0 0 
_1.ptx 277 : 178150 183376204 333824 0 0 114727 6046 0 0 
_1.ptx 279 : 178150 1971513 0 0 0 0 0 0 0 
_1.ptx 280 : 178150 1266139 0 0 0 0 0 0 0 
_1.ptx 281 : 178150 1969730 0 0 0 0 0 0 0 
_1.ptx 282 : 178150 1969327 0 0 0 0 0 0 0 
_1.ptx 283 : 178150 196393013 276096 0 0 114727 6046 0 0 
_1.ptx 285 : 178150 1970032 0 0 0 0 0 0 0 
_1.ptx 286 : 178150 1264809 0 0 0 0 0 0 0 
_1.ptx 287 : 178150 1963650 0 0 0 0 0 0 0 
_1.ptx 288 : 178150 1976307 0 0 0 0 0 0 0 
_1.ptx 289 : 178150 200854195 265600 0 0 114727 6046 0 0 
_1.ptx 291 : 178150 1969476 0 0 0 0 0 0 0 
_1.ptx 292 : 178150 1264164 0 0 0 0 0 0 0 
_1.ptx 293 : 178150 1983519 0 0 0 0 0 0 0 
_1.ptx 294 : 178150 1967983 0 0 0 0 0 0 0 
_1.ptx 295 : 178150 191625300 284544 0 0 114727 6046 0 0 
_1.ptx 297 : 178150 8404186 0 0 0 0 0 0 0 
_1.ptx 298 : 178150 8842557 0 0 0 0 0 0 0 
_1.ptx 299 : 178150 9229893 0 0 0 0 0 0 0 
_1.ptx 300 : 178150 1075513 0 0 0 0 0 0 0 
_1.ptx 301 : 178150 1974895 0 0 0 0 0 0 0 
_1.ptx 302 : 178150 8728660 0 0 0 0 0 0 0 
_1.ptx 303 : 178150 8777512 0 0 0 0 0 0 0 
_1.ptx 304 : 178150 8601873 0 0 0 0 0 0 0 
_1.ptx 305 : 178150 1075725 0 0 0 0 0 0 0 
_1.ptx 306 : 178150 1968207 0 0 0 0 0 0 0 
_1.ptx 307 : 178150 1972951 0 0 0 0 0 0 0 
_1.ptx 308 : 178150 1975611 0 0 0 0 0 0 0 
_1.ptx 309 : 178150 1612937 0 0 0 0 0 0 0 
_1.ptx 310 : 178150 1613768 0 0 0 0 0 0 0 
_1.ptx 311 : 178150 1612706 0 0 0 0 0 0 0 
_1.ptx 312 : 178150 1615351 0 0 0 0 0 0 0 
_1.ptx 313 : 178150 1975646 0 0 0 0 0 0 0 
_1.ptx 314 : 178150 1968350 0 0 0 0 0 0 0 
_1.ptx 315 : 178150 1969806 0 0 0 0 0 0 0 
_1.ptx 316 : 178150 1968919 0 0 0 0 0 0 0 
_1.ptx 317 : 178150 1078453 0 0 0 0 0 0 0 
_1.ptx 318 : 178150 1970372 0 0 0 0 0 0 0 
_1.ptx 319 : 178150 1078607 0 0 0 0 0 0 0 
_1.ptx 320 : 178150 1968785 0 0 0 0 0 0 0 
_1.ptx 321 : 178150 2697316 0 0 0 0 0 0 0 
_1.ptx 322 : 178150 3738447 0 0 0 0 0 0 0 
_1.ptx 323 : 178150 1968707 0 0 0 0 0 0 0 
_1.ptx 324 : 178150 1076673 0 0 0 0 0 0 0 
_1.ptx 325 : 178150 1967528 0 0 0 0 0 0 0 
_1.ptx 326 : 178150 8321255 0 0 0 0 0 0 0 
_1.ptx 327 : 178150 2707647 0 0 0 0 0 0 0 
_1.ptx 328 : 178150 1968536 0 0 0 0 0 0 0 
_1.ptx 329 : 178150 1076102 0 0 0 0 0 0 0 
_1.ptx 330 : 178150 1967808 0 0 0 0 0 0 0 
_1.ptx 331 : 178150 8324484 0 0 0 0 0 0 0 
_1.ptx 332 : 178150 2691304 0 0 0 0 0 0 0 
_1.ptx 333 : 178150 1968694 0 0 0 0 0 0 0 
_1.ptx 334 : 178150 1972722 0 0 0 0 0 0 0 
_1.ptx 335 : 178150 1615342 0 0 0 0 0 0 0 
_1.ptx 336 : 178150 1614561 0 0 0 0 0 0 0 
_1.ptx 337 : 178150 2627112 0 0 0 0 0 0 0 
_1.ptx 338 : 178150 1263215 0 0 0 0 0 0 0 
_1.ptx 339 : 178150 1086587 0 0 0 0 0 0 0 
_1.ptx 340 : 178150 1971765 0 0 0 0 0 0 0 
_1.ptx 341 : 178150 1077467 0 0 0 0 0 0 0 
_1.ptx 342 : 178150 1970171 0 0 0 0 0 0 0 
_1.ptx 343 : 178150 1970684 0 0 0 0 0 0 0 
_1.ptx 345 : 178150 1076335 0 0 0 0 0 0 0 
_1.ptx 346 : 178150 1969536 0 0 0 0 0 0 0 
_1.ptx 347 : 178150 1082179 0 0 0 0 0 0 0 
_1.ptx 348 : 178150 1971012 0 0 0 0 0 0 0 
_1.ptx 349 : 178150 1079798 0 0 0 0 0 0 0 
_1.ptx 350 : 178150 1971547 0 0 0 0 0 0 0 
_1.ptx 351 : 178150 1080038 0 0 0 0 0 0 0 
_1.ptx 352 : 178150 1973794 0 0 0 0 0 0 0 
_1.ptx 353 : 178150 1614564 0 0 0 0 0 0 0 
_1.ptx 354 : 178150 1982689 0 0 0 0 0 0 0 
_1.ptx 355 : 178150 1614858 0 0 0 0 0 0 0 
_1.ptx 356 : 178150 1980085 0 0 0 0 0 0 0 
_1.ptx 357 : 178150 1614487 0 0 0 0 0 0 0 
_1.ptx 358 : 178150 1980738 0 0 0 0 0 0 0 
_1.ptx 359 : 178150 1613993 0 0 0 0 0 0 0 
_1.ptx 361 : 178150 1976447 0 0 0 0 0 0 0 
_1.ptx 362 : 178150 1971713 0 0 0 0 0 0 0 
_1.ptx 363 : 178150 1096554 0 0 0 0 0 0 0 
_1.ptx 364 : 178150 1979879 0 0 0 0 0 0 0 
_1.ptx 365 : 178150 1618021 0 0 0 0 0 0 0 
_1.ptx 366 : 178150 1986580 0 0 0 0 0 0 0 
_1.ptx 367 : 178150 1611453 0 0 0 0 0 0 0 
_1.ptx 368 : 178150 1616046 0 0 0 0 0 0 0 
_1.ptx 369 : 178150 1985916 0 0 0 0 0 0 0 
_1.ptx 370 : 178150 1610807 0 0 0 0 0 0 0 
_1.ptx 371 : 178150 1613021 0 0 0 0 0 0 0 
_1.ptx 372 : 178150 1993524 0 0 0 0 0 0 0 
_1.ptx 373 : 178150 1610687 0 0 0 0 0 0 0 
_1.ptx 374 : 178150 1618920 0 0 0 0 0 0 0 
_1.ptx 376 : 178150 1996675 0 0 0 0 0 0 0 
_1.ptx 377 : 178150 1978330 0 0 0 0 0 0 0 
_1.ptx 378 : 178150 1971368 0 0 0 0 0 0 0 
_1.ptx 379 : 178150 1973546 0 0 0 0 0 0 0 
_1.ptx 380 : 178150 1978104 0 0 0 0 0 0 0 
_1.ptx 381 : 178150 1981584 0 0 0 0 0 0 0 
_1.ptx 382 : 178150 1105278 0 0 0 0 0 0 0 
_1.ptx 383 : 178150 1984695 0 0 0 0 0 0 0 
_1.ptx 384 : 178150 1624841 0 0 0 0 0 0 0 
_1.ptx 385 : 178150 1620109 0 0 0 0 0 0 0 
_1.ptx 386 : 178150 1634304 0 0 0 0 0 0 0 
_1.ptx 387 : 178150 1975825 0 0 0 0 0 0 0 
_1.ptx 388 : 178150 1611771 0 0 0 0 0 0 0 
_1.ptx 389 : 178150 1611757 0 0 0 0 0 0 0 
_1.ptx 390 : 178150 1622025 0 0 0 0 0 0 0 
_1.ptx 392 : 178150 2038358 0 0 0 0 0 0 0 
_1.ptx 393 : 178150 1980577 0 0 0 0 0 0 0 
_1.ptx 394 : 178150 1973571 0 0 0 0 0 0 0 
_1.ptx 395 : 178150 1079073 0 0 0 0 0 0 0 
_1.ptx 396 : 178150 1967640 0 0 0 0 0 0 0 
_1.ptx 397 : 178150 1618042 0 0 0 0 0 0 0 
_1.ptx 398 : 178150 1641115 0 0 0 0 0 0 0 
_1.ptx 399 : 178150 1621114 0 0 0 0 0 0 0 
_1.ptx 400 : 178150 1642013 0 0 0 0 0 0 0 
_1.ptx 401 : 178150 1977941 0 0 0 0 0 0 0 
_1.ptx 402 : 178150 1619719 0 0 0 0 0 0 0 
_1.ptx 403 : 178150 1624378 0 0 0 0 0 0 0 
_1.ptx 405 : 178150 1090931 0 0 0 0 0 0 0 
_1.ptx 406 : 178150 1983242 0 0 0 0 0 0 0 
_1.ptx 407 : 178150 1618038 0 0 0 0 0 0 0 
_1.ptx 408 : 178150 1612967 0 0 0 0 0 0 0 
_1.ptx 409 : 178150 1618201 0 0 0 0 0 0 0 
_1.ptx 410 : 178150 1622407 0 0 0 0 0 0 0 
_1.ptx 411 : 178150 1616094 0 0 0 0 0 0 0 
_1.ptx 412 : 178150 1975049 0 0 0 0 0 0 0 
_1.ptx 413 : 178150 1615580 0 0 0 0 0 0 0 
_1.ptx 414 : 178150 1086212 0 0 0 0 0 0 0 
_1.ptx 416 : 15386 93203 0 0 0 0 0 0 0 
_1.ptx 417 : 15386 124593 0 0 0 0 0 0 0 
_1.ptx 418 : 15386 5337 0 0 0 0 0 0 55 
_1.ptx 420 : 14510 773963 0 0 0 0 0 0 0 
_1.ptx 421 : 14510 871580 0 0 0 0 0 0 0 
_1.ptx 422 : 14510 884125 0 0 0 0 0 0 0 
_1.ptx 423 : 14510 87748 0 0 0 0 0 0 0 
_1.ptx 424 : 14510 161162 0 0 0 0 0 0 0 
_1.ptx 425 : 14510 161624 0 0 0 0 0 0 0 
_1.ptx 426 : 14510 132380 0 0 0 0 0 0 0 
_1.ptx 427 : 14510 132776 0 0 0 0 0 0 0 
_1.ptx 428 : 14510 161539 0 0 0 0 0 0 0 
_1.ptx 429 : 14510 161081 0 0 0 0 0 0 0 
_1.ptx 430 : 14510 88291 0 0 0 0 0 0 0 
_1.ptx 431 : 14510 161757 0 0 0 0 0 0 0 
_1.ptx 432 : 14510 89101 0 0 0 0 0 0 0 
_1.ptx 433 : 14510 133211 0 0 0 0 0 0 0 
_1.ptx 435 : 14510 89438 0 0 0 0 0 0 0 
_1.ptx 436 : 14510 133127 0 0 0 0 0 0 0 
_1.ptx 438 : 14510 89532 0 0 0 0 0 0 0 
_1.ptx 439 : 14510 134016 0 0 0 0 0 0 0 
_1.ptx 440 : 14510 90252 0 0 0 0 0 0 0 
_1.ptx 441 : 14510 93113 0 0 0 0 0 0 0 
_1.ptx 442 : 14510 93822 0 0 0 0 0 0 0 
_1.ptx 444 : 876 5314 0 0 0 0 0 0 0 
_1.ptx 445 : 876 7072 0 0 0 0 0 0 0 
_1.ptx 446 : 876 0 0 0 0 0 0 0 0 
_1.ptx 448 : 876 5353 0 0 0 0 0 0 0 
_1.ptx 449 : 876 9833 0 0 0 0 0 0 0 
_1.ptx 450 : 876 5393 0 0 0 0 0 0 0 
_1.ptx 451 : 876 9758 0 0 0 0 0 0 0 
_1.ptx 452 : 876 5365 0 0 0 0 0 0 0 
_1.ptx 453 : 876 9851 0 0 0 0 0 0 0 
_1.ptx 454 : 876 5353 0 0 0 0 0 0 0 
_1.ptx 455 : 876 203186 0 0 0 0 0 0 0 
_1.ptx 456 : 876 9678 0 0 0 0 0 0 0 
_1.ptx 457 : 876 8055 0 0 0 0 0 0 0 
_1.ptx 458 : 876 134222 0 0 0 0 0 0 0 
_1.ptx 459 : 876 9710 0 0 0 0 0 0 0 
_1.ptx 460 : 876 7951 0 0 0 0 0 0 0 
_1.ptx 461 : 876 125679 0 0 0 0 0 0 0 
_1.ptx 462 : 876 9683 0 0 0 0 0 0 0 
_1.ptx 463 : 876 8000 0 0 0 0 0 0 0 
_1.ptx 465 : 876 45866 0 0 0 0 0 0 0 
_1.ptx 466 : 876 49326 0 0 0 0 0 0 0 
_1.ptx 467 : 876 50734 0 0 0 0 0 0 0 
_1.ptx 468 : 876 5329 0 0 0 0 0 0 0 
_1.ptx 469 : 876 9711 0 0 0 0 0 0 0 
_1.ptx 470 : 876 9830 0 0 0 0 0 0 0 
_1.ptx 471 : 876 7972 0 0 0 0 0 0 0 
_1.ptx 472 : 876 7960 0 0 0 0 0 0 0 
_1.ptx 473 : 876 9681 0 0 0 0 0 0 0 
_1.ptx 474 : 876 9822 0 0 0 0 0 0 0 
_1.ptx 475 : 876 5409 0 0 0 0 0 0 0 
_1.ptx 476 : 876 9661 0 0 0 0 0 0 0 
_1.ptx 477 : 876 9787 0 0 0 0 0 0 0 
_1.ptx 478 : 876 5356 0 0 0 0 0 0 0 
_1.ptx 479 : 876 214870 256 0 0 0 0 0 0 
_1.ptx 480 : 876 7951 0 0 0 0 0 0 0 
_1.ptx 481 : 876 7980 0 0 0 0 0 0 0 
_1.ptx 482 : 876 106533 0 0 0 0 0 0 0 
_1.ptx 483 : 876 7961 0 0 0 0 0 0 0 
_1.ptx 484 : 876 7991 0 0 0 0 0 0 0 
_1.ptx 485 : 876 119400 0 0 0 0 0 0 0 
_1.ptx 486 : 876 8045 0 0 0 0 0 0 0 
_1.ptx 487 : 876 8302 0 0 0 0 0 0 0 
_1.ptx 489 : 876 10205 0 0 0 0 0 0 0 
_1.ptx 490 : 876 10458 0 0 0 0 0 0 0 
_1.ptx 491 : 876 6620 0 0 0 0 0 0 0 
_1.ptx 492 : 876 190967 256 0 0 0 0 0 0 
_1.ptx 493 : 876 8258 0 0 0 0 0 0 0 
_1.ptx 494 : 876 9770 0 0 0 0 0 0 0 
_1.ptx 495 : 876 7992 0 0 0 0 0 0 0 
_1.ptx 496 : 876 99271 0 0 0 0 0 0 0 
_1.ptx 497 : 876 9717 0 0 0 0 0 0 0 
_1.ptx 498 : 876 8090 0 0 0 0 0 0 0 
_1.ptx 499 : 876 43081 0 0 0 0 0 0 0 
_1.ptx 500 : 876 9748 0 0 0 0 0 0 0 
_1.ptx 501 : 876 8198 0 0 0 0 0 0 0 
_1.ptx 503 : 876 10209 0 0 0 0 0 0 0 
_1.ptx 504 : 876 6347 0 0 0 0 0 0 0 
_1.ptx 505 : 876 182692 256 0 0 0 0 0 0 
_1.ptx 506 : 876 9789 0 0 0 0 0 0 0 
_1.ptx 507 : 876 8109 0 0 0 0 0 0 0 
_1.ptx 508 : 876 40873 0 0 0 0 0 0 0 
_1.ptx 509 : 876 8000 0 0 0 0 0 0 0 
_1.ptx 510 : 876 9873 0 0 0 0 0 0 0 
_1.ptx 511 : 876 8025 0 0 0 0 0 0 0 
_1.ptx 512 : 876 27558 0 0 0 0 0 0 0 
_1.ptx 513 : 876 9797 0 0 0 0 0 0 0 
_1.ptx 514 : 876 7962 0 0 0 0 0 0 0 
_1.ptx 516 : 876 5381 0 0 0 0 0 0 0 
_1.ptx 517 : 876 174504 256 0 0 0 0 0 0 
_1.ptx 518 : 876 9784 0 0 0 0 0 0 0 
_1.ptx 519 : 876 8002 0 0 0 0 0 0 0 
_1.ptx 520 : 876 48077 0 0 0 0 0 0 0 
_1.ptx 521 : 876 9792 0 0 0 0 0 0 0 
_1.ptx 522 : 876 8004 0 0 0 0 0 0 0 
_1.ptx 523 : 876 41044 0 0 0 0 0 0 0 
_1.ptx 524 : 876 7953 0 0 0 0 0 0 0 
_1.ptx 525 : 876 9729 0 0 0 0 0 0 0 
_1.ptx 526 : 876 7981 0 0 0 0 0 0 0 
_1.ptx 527 : 876 5479 0 0 0 0 0 0 0 
_1.ptx 538 : 193536 2136192 0 0 0 0 0 0 0 
_1.ptx 539 : 193536 137216416 774144 0 0 6048 6048 0 0 
_1.ptx 541 : 193536 2136160 0 0 0 0 0 0 0 
_1.ptx 542 : 193536 128060192 774144 0 0 6048 6048 0 0 
_1.ptx 544 : 193536 2166144 0 0 0 0 0 0 0 
_1.ptx 545 : 193536 2139776 0 0 0 0 0 0 0 
_1.ptx 546 : 193536 1378656 0 0 0 0 0 0 0 
_1.ptx 547 : 193536 2143552 0 0 0 0 0 0 0 
_1.ptx 548 : 193536 2140352 0 0 0 0 0 0 0 
_1.ptx 549 : 193536 124507520 774144 0 0 6048 6048 0 0 
_1.ptx 551 : 193536 2157312 0 0 0 0 0 0 0 
_1.ptx 552 : 193536 2139776 0 0 0 0 0 0 0 
_1.ptx 553 : 193536 1381472 0 0 0 0 0 0 0 
_1.ptx 554 : 193536 2152832 0 0 0 0 0 0 0 
_1.ptx 555 : 193536 2140672 0 0 0 0 0 0 0 
_1.ptx 556 : 193536 123631648 774144 0 0 6048 6048 0 0 
_1.ptx 557 : 193536 1169664 0 0 0 0 0 0 0 
_1.ptx 558 : 193536 1563424 0 0 0 0 0 0 0 
_1.ptx 559 : 193536 0 0 0 0 0 0 0 0 
_1.ptx 561 : 193536 1377184 0 0 0 0 0 0 0 
_1.ptx 562 : 193536 2214016 0 0 0 0 0 0 0 
_1.ptx 563 : 193536 2139808 0 0 0 0 0 0 0 
_1.ptx 564 : 193536 139230528 26880 0 0 46866 6048 0 0 
_1.ptx 566 : 193536 2140256 0 0 0 0 0 0 0 
_1.ptx 567 : 193536 1374912 0 0 0 0 0 0 0 
_1.ptx 568 : 193536 2138688 0 0 0 0 0 0 0 
_1.ptx 569 : 193536 2140576 0 0 0 0 0 0 0 
_1.ptx 570 : 193536 146917536 34816 0 0 46866 6048 0 0 
_1.ptx 572 : 193536 2139552 0 0 0 0 0 0 0 
_1.ptx 573 : 193536 1373312 0 0 0 0 0 0 0 
_1.ptx 574 : 193536 2156800 0 0 0 0 0 0 0 
_1.ptx 575 : 193536 2139072 0 0 0 0 0 0 0 
_1.ptx 576 : 193536 149561472 27392 0 0 46866 6048 0 0 
_1.ptx 578 : 193536 2139136 0 0 0 0 0 0 0 
_1.ptx 579 : 193536 1371840 0 0 0 0 0 0 0 
_1.ptx 580 : 193536 2133184 0 0 0 0 0 0 0 
_1.ptx 581 : 193536 2138208 0 0 0 0 0 0 0 
_1.ptx 582 : 193536 147275680 22912 0 0 46866 6048 0 0 
_1.ptx 584 : 193536 2141216 0 0 0 0 0 0 0 
_1.ptx 585 : 193536 1373728 0 0 0 0 0 0 0 
_1.ptx 586 : 193536 2150208 0 0 0 0 0 0 0 
_1.ptx 587 : 193536 2138944 0 0 0 0 0 0 0 
_1.ptx 588 : 193536 149227008 23040 0 0 46866 6048 0 0 
_1.ptx 590 : 193536 9190432 0 0 0 0 0 0 0 
_1.ptx 591 : 193536 9627616 0 0 0 0 0 0 0 
_1.ptx 592 : 193536 10088960 0 0 0 0 0 0 0 
_1.ptx 593 : 193536 1167168 0 0 0 0 0 0 0 
_1.ptx 594 : 193536 2137824 0 0 0 0 0 0 0 
_1.ptx 595 : 193536 9438848 0 0 0 0 0 0 0 
_1.ptx 596 : 193536 9483264 0 0 0 0 0 0 0 
_1.ptx 597 : 193536 9194208 0 0 0 0 0 0 0 
_1.ptx 598 : 193536 1169568 0 0 0 0 0 0 0 
_1.ptx 599 : 193536 2140672 0 0 0 0 0 0 0 
_1.ptx 600 : 193536 2212704 0 0 0 0 0 0 0 
_1.ptx 601 : 193536 2155744 0 0 0 0 0 0 0 
_1.ptx 602 : 193536 1758624 0 0 0 0 0 0 0 
_1.ptx 603 : 193536 1755616 0 0 0 0 0 0 0 
_1.ptx 604 : 193536 1756672 0 0 0 0 0 0 0 
_1.ptx 605 : 193536 1764192 0 0 0 0 0 0 0 
_1.ptx 606 : 193536 2162272 0 0 0 0 0 0 0 
_1.ptx 607 : 193536 2140544 0 0 0 0 0 0 0 
_1.ptx 608 : 193536 2142400 0 0 0 0 0 0 0 
_1.ptx 609 : 193536 2143232 0 0 0 0 0 0 0 
_1.ptx 610 : 193536 1174336 0 0 0 0 0 0 0 
_1.ptx 611 : 193536 2147168 0 0 0 0 0 0 0 
_1.ptx 612 : 193536 1172352 0 0 0 0 0 0 0 
_1.ptx 613 : 193536 2141440 0 0 0 0 0 0 0 
_1.ptx 614 : 193536 4012352 0 0 0 0 0 0 0 
_1.ptx 615 : 193536 5521792 0 0 0 0 0 0 0 
_1.ptx 616 : 193536 2147456 0 0 0 0 0 0 0 
_1.ptx 617 : 193536 1172704 0 0 0 0 0 0 0 
_1.ptx 618 : 193536 2140832 0 0 0 0 0 0 0 
_1.ptx 619 : 193536 9332032 0 0 0 0 0 0 0 
_1.ptx 620 : 193536 3023072 0 0 0 0 0 0 0 
_1.ptx 621 : 193536 2139584 0 0 0 0 0 0 0 
_1.ptx 622 : 193536 1169088 0 0 0 0 0 0 0 
_1.ptx 623 : 193536 2139808 0 0 0 0 0 0 0 
_1.ptx 624 : 193536 9216384 0 0 0 0 0 0 0 
_1.ptx 625 : 193536 3055328 0 0 0 0 0 0 0 
_1.ptx 626 : 193536 2143808 0 0 0 0 0 0 0 
_1.ptx 627 : 193536 2148416 0 0 0 0 0 0 0 
_1.ptx 628 : 193536 1758368 0 0 0 0 0 0 0 
_1.ptx 629 : 193536 1754240 0 0 0 0 0 0 0 
_1.ptx 630 : 193536 3893920 0 0 0 0 0 0 0 
_1.ptx 631 : 193536 1385856 0 0 0 0 0 0 0 
_1.ptx 632 : 193536 1218560 0 0 0 0 0 0 0 
_1.ptx 633 : 193536 2145888 0 0 0 0 0 0 0 
_1.ptx 634 : 193536 1177184 0 0 0 0 0 0 0 
_1.ptx 635 : 193536 2148800 0 0 0 0 0 0 0 
_1.ptx 636 : 193536 2151520 0 0 0 0 0 0 0 
_1.ptx 638 : 193536 2146720 0 0 0 0 0 0 0 
_1.ptx 639 : 193536 1765120 0 0 0 0 0 0 0 
_1.ptx 641 : 193536 2153088 0 0 0 0 0 0 0 
_1.ptx 642 : 193536 1760480 0 0 0 0 0 0 0 
_1.ptx 644 : 193536 2155936 0 0 0 0 0 0 0 
_1.ptx 645 : 193536 1759648 0 0 0 0 0 0 0 
_1.ptx 647 : 193536 2153504 0 0 0 0 0 0 0 
_1.ptx 648 : 193536 1753760 0 0 0 0 0 0 0 
_1.ptx 650 : 193536 2140352 0 0 0 0 0 0 0 
_1.ptx 651 : 193536 1757504 0 0 0 0 0 0 0 
_1.ptx 653 : 193536 1189888 0 0 0 0 0 0 0 
_1.ptx 654 : 193536 2147712 0 0 0 0 0 0 0 
_1.ptx 655 : 193536 2148448 0 0 0 0 0 0 0 
_1.ptx 656 : 193536 1781920 0 0 0 0 0 0 0 
_1.ptx 658 : 193536 2183936 0 0 0 0 0 0 0 
_1.ptx 659 : 193536 2173408 0 0 0 0 0 0 0 
_1.ptx 660 : 193536 2144736 0 0 0 0 0 0 0 
_1.ptx 661 : 193536 1755808 0 0 0 0 0 0 0 
_1.ptx 662 : 193536 1763872 0 0 0 0 0 0 0 
_1.ptx 664 : 193536 1765248 0 0 0 0 0 0 0 
_1.ptx 665 : 193536 1762048 0 0 0 0 0 0 0 
_1.ptx 666 : 193536 2152256 0 0 0 0 0 0 0 
_1.ptx 667 : 193536 1762784 0 0 0 0 0 0 0 
_1.ptx 669 : 193536 2211680 0 0 0 0 0 0 0 
_1.ptx 670 : 193536 2138240 0 0 0 0 0 0 0 
_1.ptx 671 : 193536 2141856 0 0 0 0 0 0 0 
_1.ptx 672 : 193536 1784512 0 0 0 0 0 0 0 
_1.ptx 674 : 193536 2347200 0 0 0 0 0 0 0 
_1.ptx 675 : 193536 2198720 0 0 0 0 0 0 0 
_1.ptx 676 : 193536 2146208 0 0 0 0 0 0 0 
_1.ptx 677 : 193536 1764992 0 0 0 0 0 0 0 
_1.ptx 679 : 193536 1191008 0 0 0 0 0 0 0 
_1.ptx 680 : 193536 2159424 0 0 0 0 0 0 0 
_1.ptx 681 : 193536 2154976 0 0 0 0 0 0 0 
_1.ptx 682 : 193536 1778176 0 0 0 0 0 0 0 
_1.ptx 684 : 193536 2188896 0 0 0 0 0 0 0 
_1.ptx 685 : 193536 1758400 0 0 0 0 0 0 0 
_1.ptx 686 : 193536 1761504 0 0 0 0 0 0 0 
_1.ptx 688 : 193536 1758400 0 0 0 0 0 0 0 
_1.ptx 690 : 193536 1771776 0 0 0 0 0 0 0 
_1.ptx 691 : 193536 1758720 0 0 0 0 0 0 0 
_1.ptx 692 : 193536 2142208 0 0 0 0 0 0 0 
_1.ptx 693 : 193536 1782944 0 0 0 0 0 0 0 
_1.ptx 695 : 193536 2216672 0 0 0 0 0 0 0 
_1.ptx 696 : 193536 2185856 0 0 0 0 0 0 0 
_1.ptx 697 : 193536 2147328 0 0 0 0 0 0 0 
_1.ptx 698 : 193536 1774464 0 0 0 0 0 0 0 
_1.ptx 700 : 193536 1194848 0 0 0 0 0 0 0 
_1.ptx 701 : 193536 2161056 0 0 0 0 0 0 0 
_1.ptx 702 : 193536 2159776 0 0 0 0 0 0 0 
_1.ptx 703 : 193536 1775712 0 0 0 0 0 0 0 
_1.ptx 705 : 193536 2187808 0 0 0 0 0 0 0 
_1.ptx 706 : 193536 1761600 0 0 0 0 0 0 0 
_1.ptx 707 : 193536 1765376 0 0 0 0 0 0 0 
_1.ptx 709 : 193536 1769504 0 0 0 0 0 0 0 
_1.ptx 711 : 193536 1789472 0 0 0 0 0 0 0 
_1.ptx 713 : 193536 1774816 0 0 0 0 0 0 0 
_1.ptx 714 : 193536 1774592 0 0 0 0 0 0 0 
_1.ptx 715 : 193536 2146912 0 0 0 0 0 0 0 
_1.ptx 716 : 193536 1757632 0 0 0 0 0 0 0 
_1.ptx 717 : 193536 1187744 0 0 0 0 0 0 0 
_1.ptx 834 : 193536 2135360 0 0 0 0 0 0 0 
_1.ptx 835 : 193536 127832160 774144 0 0 6048 6048 0 0 
_1.ptx 837 : 193536 2139040 0 0 0 0 0 0 0 
_1.ptx 838 : 193536 120131360 774144 0 0 6048 6048 0 0 
_1.ptx 840 : 193536 2160192 0 0 0 0 0 0 0 
_1.ptx 841 : 193536 2140416 0 0 0 0 0 0 0 
_1.ptx 842 : 193536 1377536 0 0 0 0 0 0 0 
_1.ptx 843 : 193536 2135744 0 0 0 0 0 0 0 
_1.ptx 844 : 193536 2138784 0 0 0 0 0 0 0 
_1.ptx 845 : 193536 118538784 774144 0 0 6048 6048 0 0 
_1.ptx 847 : 193536 2134240 0 0 0 0 0 0 0 
_1.ptx 848 : 193536 2152384 0 0 0 0 0 0 0 
_1.ptx 849 : 193536 1377824 0 0 0 0 0 0 0 
_1.ptx 850 : 193536 2131936 0 0 0 0 0 0 0 
_1.ptx 851 : 193536 2137632 0 0 0 0 0 0 0 
_1.ptx 852 : 193536 121539264 774144 0 0 6048 6048 0 0 
_1.ptx 853 : 193536 1167232 0 0 0 0 0 0 0 
_1.ptx 854 : 193536 1561952 0 0 0 0 0 0 0 
_1.ptx 855 : 193536 0 0 0 0 0 0 0 0 
_1.ptx 857 : 193536 1370400 0 0 0 0 0 0 0 
_1.ptx 858 : 193536 2155552 0 0 0 0 0 0 0 
_1.ptx 859 : 193536 2139776 0 0 0 0 0 0 0 
_1.ptx 860 : 193536 94575424 1536 0 0 13843 6048 0 0 
_1.ptx 862 : 193536 2139008 0 0 0 0 0 0 0 
_1.ptx 863 : 193536 1377184 0 0 0 0 0 0 0 
_1.ptx 864 : 193536 2131520 0 0 0 0 0 0 0 
_1.ptx 865 : 193536 2139616 0 0 0 0 0 0 0 
_1.ptx 866 : 193536 95063424 2048 0 0 13843 6048 0 0 
_1.ptx 868 : 193536 2141632 0 0 0 0 0 0 0 
_1.ptx 869 : 193536 1372800 0 0 0 0 0 0 0 
_1.ptx 870 : 193536 2272160 0 0 0 0 0 0 0 
_1.ptx 871 : 193536 2138240 0 0 0 0 0 0 0 
_1.ptx 872 : 193536 97574720 3072 0 0 13843 6048 0 0 
_1.ptx 874 : 193536 2138720 0 0 0 0 0 0 0 
_1.ptx 875 : 193536 1376288 0 0 0 0 0 0 0 
_1.ptx 876 : 193536 2163456 0 0 0 0 0 0 0 
_1.ptx 877 : 193536 2140736 0 0 0 0 0 0 0 
_1.ptx 878 : 193536 95649312 1536 0 0 13843 6048 0 0 
_1.ptx 880 : 193536 2141696 0 0 0 0 0 0 0 
_1.ptx 881 : 193536 1375840 0 0 0 0 0 0 0 
_1.ptx 882 : 193536 2208192 0 0 0 0 0 0 0 
_1.ptx 883 : 193536 2140640 0 0 0 0 0 0 0 
_1.ptx 884 : 193536 94911296 768 0 0 13843 6048 0 0 
_1.ptx 886 : 193536 9523520 0 0 0 0 0 0 0 
_1.ptx 887 : 193536 10131040 0 0 0 0 0 0 0 
_1.ptx 888 : 193536 10516704 0 0 0 0 0 0 0 
_1.ptx 889 : 193536 1167968 0 0 0 0 0 0 0 
_1.ptx 890 : 193536 2138720 0 0 0 0 0 0 0 
_1.ptx 891 : 193536 10145024 0 0 0 0 0 0 0 
_1.ptx 892 : 193536 10211872 0 0 0 0 0 0 0 
_1.ptx 893 : 193536 10420704 0 0 0 0 0 0 0 
_1.ptx 894 : 193536 1172736 0 0 0 0 0 0 0 
_1.ptx 895 : 193536 2144800 0 0 0 0 0 0 0 
_1.ptx 896 : 193536 2149184 0 0 0 0 0 0 0 
_1.ptx 897 : 193536 2157632 0 0 0 0 0 0 0 
_1.ptx 898 : 193536 1761472 0 0 0 0 0 0 0 
_1.ptx 899 : 193536 1763008 0 0 0 0 0 0 0 
_1.ptx 900 : 193536 1764544 0 0 0 0 0 0 0 
_1.ptx 901 : 193536 1769088 0 0 0 0 0 0 0 
_1.ptx 902 : 193536 2176096 0 0 0 0 0 0 0 
_1.ptx 903 : 193536 2144224 0 0 0 0 0 0 0 
_1.ptx 904 : 193536 2147424 0 0 0 0 0 0 0 
_1.ptx 905 : 193536 2145568 0 0 0 0 0 0 0 
_1.ptx 906 : 193536 1178720 0 0 0 0 0 0 0 
_1.ptx 907 : 193536 2156864 0 0 0 0 0 0 0 
_1.ptx 908 : 193536 1187200 0 0 0 0 0 0 0 
_1.ptx 909 : 193536 2169920 0 0 0 0 0 0 0 
_1.ptx 910 : 193536 4878336 0 0 0 0 0 0 0 
_1.ptx 911 : 193536 6653952 0 0 0 0 0 0 0 
_1.ptx 912 : 193536 2150112 0 0 0 0 0 0 0 
_1.ptx 913 : 193536 1175360 0 0 0 0 0 0 0 
_1.ptx 914 : 193536 2144064 0 0 0 0 0 0 0 
_1.ptx 915 : 193536 9905440 0 0 0 0 0 0 0 
_1.ptx 916 : 193536 3354016 0 0 0 0 0 0 0 
_1.ptx 917 : 193536 2141888 0 0 0 0 0 0 0 
_1.ptx 918 : 193536 1169600 0 0 0 0 0 0 0 
_1.ptx 919 : 193536 2143392 0 0 0 0 0 0 0 
_1.ptx 920 : 193536 9523072 0 0 0 0 0 0 0 
_1.ptx 921 : 193536 4382016 0 0 0 0 0 0 0 
_1.ptx 922 : 193536 2144960 0 0 0 0 0 0 0 
_1.ptx 923 : 193536 2145920 0 0 0 0 0 0 0 
_1.ptx 924 : 193536 1761088 0 0 0 0 0 0 0 
_1.ptx 925 : 193536 1772064 0 0 0 0 0 0 0 
_1.ptx 926 : 193536 3336192 0 0 0 0 0 0 0 
_1.ptx 927 : 193536 1403232 0 0 0 0 0 0 0 
_1.ptx 928 : 193536 1224928 0 0 0 0 0 0 0 
_1.ptx 929 : 193536 2156480 0 0 0 0 0 0 0 
_1.ptx 930 : 193536 1184864 0 0 0 0 0 0 0 
_1.ptx 931 : 193536 2157984 0 0 0 0 0 0 0 
_1.ptx 932 : 193536 2154208 0 0 0 0 0 0 0 
_1.ptx 934 : 193536 2156672 0 0 0 0 0 0 0 
_1.ptx 935 : 193536 1764928 0 0 0 0 0 0 0 
_1.ptx 937 : 193536 2153568 0 0 0 0 0 0 0 
_1.ptx 938 : 193536 1757888 0 0 0 0 0 0 0 
_1.ptx 940 : 193536 2140224 0 0 0 0 0 0 0 
_1.ptx 941 : 193536 1777248 0 0 0 0 0 0 0 
_1.ptx 943 : 193536 2184288 0 0 0 0 0 0 0 
_1.ptx 944 : 193536 1767648 0 0 0 0 0 0 0 
_1.ptx 946 : 193536 2188352 0 0 0 0 0 0 0 
_1.ptx 947 : 193536 1770016 0 0 0 0 0 0 0 
_1.ptx 949 : 193536 1204864 0 0 0 0 0 0 0 
_1.ptx 950 : 193536 2158752 0 0 0 0 0 0 0 
_1.ptx 951 : 193536 2159808 0 0 0 0 0 0 0 
_1.ptx 952 : 193536 1800608 0 0 0 0 0 0 0 
_1.ptx 954 : 193536 2240960 0 0 0 0 0 0 0 
_1.ptx 955 : 193536 2204768 0 0 0 0 0 0 0 
_1.ptx 956 : 193536 2155744 0 0 0 0 0 0 0 
_1.ptx 957 : 193536 1762144 0 0 0 0 0 0 0 
_1.ptx 958 : 193536 1763456 0 0 0 0 0 0 0 
_1.ptx 960 : 193536 1779328 0 0 0 0 0 0 0 
_1.ptx 961 : 193536 1751552 0 0 0 0 0 0 0 
_1.ptx 962 : 193536 2143424 0 0 0 0 0 0 0 
_1.ptx 963 : 193536 1796608 0 0 0 0 0 0 0 
_1.ptx 965 : 193536 2294208 0 0 0 0 0 0 0 
_1.ptx 966 : 193536 2212864 0 0 0 0 0 0 0 
_1.ptx 967 : 193536 2153792 0 0 0 0 0 0 0 
_1.ptx 968 : 193536 1801472 0 0 0 0 0 0 0 
_1.ptx 970 : 193536 2339424 0 0 0 0 0 0 0 
_1.ptx 971 : 193536 2206816 0 0 0 0 0 0 0 
_1.ptx 972 : 193536 2157728 0 0 0 0 0 0 0 
_1.ptx 973 : 193536 1777120 0 0 0 0 0 0 0 
_1.ptx 975 : 193536 1212256 0 0 0 0 0 0 0 
_1.ptx 976 : 193536 2168384 0 0 0 0 0 0 0 
_1.ptx 977 : 193536 2164928 0 0 0 0 0 0 0 
_1.ptx 978 : 193536 1784448 0 0 0 0 0 0 0 
_1.ptx 980 : 193536 2203904 0 0 0 0 0 0 0 
_1.ptx 981 : 193536 1751392 0 0 0 0 0 0 0 
_1.ptx 982 : 193536 1771968 0 0 0 0 0 0 0 
_1.ptx 984 : 193536 1778528 0 0 0 0 0 0 0 
_1.ptx 986 : 193536 1798080 0 0 0 0 0 0 0 
_1.ptx 987 : 193536 1800832 0 0 0 0 0 0 0 
_1.ptx 988 : 193536 2173408 0 0 0 0 0 0 0 
_1.ptx 989 : 193536 1787520 0 0 0 0 0 0 0 
_1.ptx 991 : 193536 2224000 0 0 0 0 0 0 0 
_1.ptx 992 : 193536 2188000 0 0 0 0 0 0 0 
_1.ptx 993 : 193536 2160288 0 0 0 0 0 0 0 
_1.ptx 994 : 193536 1777280 0 0 0 0 0 0 0 
_1.ptx 996 : 193536 1215232 0 0 0 0 0 0 0 
_1.ptx 997 : 193536 2170560 0 0 0 0 0 0 0 
_1.ptx 998 : 193536 2171808 0 0 0 0 0 0 0 
_1.ptx 999 : 193536 1782912 0 0 0 0 0 0 0 
_1.ptx 1001 : 193536 2321856 0 0 0 0 0 0 0 
_1.ptx 1002 : 193536 1750336 0 0 0 0 0 0 0 
_1.ptx 1003 : 193536 1773856 0 0 0 0 0 0 0 
_1.ptx 1005 : 193536 1793184 0 0 0 0 0 0 0 
_1.ptx 1007 : 193536 1809632 0 0 0 0 0 0 0 
_1.ptx 1009 : 193536 1803520 0 0 0 0 0 0 0 
_1.ptx 1010 : 193536 1802272 0 0 0 0 0 0 0 
_1.ptx 1011 : 193536 2183360 0 0 0 0 0 0 0 
_1.ptx 1012 : 193536 1761408 0 0 0 0 0 0 0 
_1.ptx 1013 : 193536 1193376 0 0 0 0 0 0 0 
_1.ptx 1130 : 193536 2136928 0 0 0 0 0 0 0 
_1.ptx 1131 : 193536 115418464 774144 0 0 6048 6048 0 0 
_1.ptx 1133 : 193536 2139648 0 0 0 0 0 0 0 
_1.ptx 1134 : 193536 112086240 774144 0 0 6048 6048 0 0 
_1.ptx 1136 : 193536 2177344 0 0 0 0 0 0 0 
_1.ptx 1137 : 193536 2138656 0 0 0 0 0 0 0 
_1.ptx 1138 : 193536 1378112 0 0 0 0 0 0 0 
_1.ptx 1139 : 193536 2129120 0 0 0 0 0 0 0 
_1.ptx 1140 : 193536 2139168 0 0 0 0 0 0 0 
_1.ptx 1141 : 193536 115126144 774144 0 0 6048 6048 0 0 
_1.ptx 1143 : 193536 2122784 0 0 0 0 0 0 0 
_1.ptx 1144 : 193536 2138720 0 0 0 0 0 0 0 
_1.ptx 1145 : 193536 1370528 0 0 0 0 0 0 0 
_1.ptx 1146 : 193536 2185952 0 0 0 0 0 0 0 
_1.ptx 1147 : 193536 2139232 0 0 0 0 0 0 0 
_1.ptx 1148 : 193536 125880384 774144 0 0 6048 6048 0 0 
_1.ptx 1149 : 193536 1169312 0 0 0 0 0 0 0 
_1.ptx 1150 : 193536 1564448 0 0 0 0 0 0 0 
_1.ptx 1151 : 193536 0 0 0 0 0 0 0 0 
_1.ptx 1153 : 193536 1375264 0 0 0 0 0 0 0 
_1.ptx 1154 : 193536 2145696 0 0 0 0 0 0 0 
_1.ptx 1155 : 193536 2140704 0 0 0 0 0 0 0 
_1.ptx 1156 : 193536 197135264 742016 0 0 128577 6048 0 0 
_1.ptx 1158 : 193536 2137888 0 0 0 0 0 0 0 
_1.ptx 1159 : 193536 1376896 0 0 0 0 0 0 0 
_1.ptx 1160 : 193536 2112960 0 0 0 0 0 0 0 
_1.ptx 1161 : 193536 2139488 0 0 0 0 0 0 0 
_1.ptx 1162 : 193536 231905184 767616 0 0 128577 6048 0 0 
_1.ptx 1164 : 193536 2137056 0 0 0 0 0 0 0 
_1.ptx 1165 : 193536 1367744 0 0 0 0 0 0 0 
_1.ptx 1166 : 193536 2141280 0 0 0 0 0 0 0 
_1.ptx 1167 : 193536 2136384 0 0 0 0 0 0 0 
_1.ptx 1168 : 193536 232624480 759680 0 0 128577 6048 0 0 
_1.ptx 1170 : 193536 2138880 0 0 0 0 0 0 0 
_1.ptx 1171 : 193536 1370400 0 0 0 0 0 0 0 
_1.ptx 1172 : 193536 2080032 0 0 0 0 0 0 0 
_1.ptx 1173 : 193536 2138144 0 0 0 0 0 0 0 
_1.ptx 1174 : 193536 238481664 728704 0 0 128577 6048 0 0 
_1.ptx 1176 : 193536 2138208 0 0 0 0 0 0 0 
_1.ptx 1177 : 193536 1369696 0 0 0 0 0 0 0 
_1.ptx 1178 : 193536 2068352 0 0 0 0 0 0 0 
_1.ptx 1179 : 193536 2137952 0 0 0 0 0 0 0 
_1.ptx 1180 : 193536 241105280 725120 0 0 128577 6048 0 0 
_1.ptx 1182 : 193536 9009184 0 0 0 0 0 0 0 
_1.ptx 1183 : 193536 9372224 0 0 0 0 0 0 0 
_1.ptx 1184 : 193536 9910112 0 0 0 0 0 0 0 
_1.ptx 1185 : 193536 1164480 0 0 0 0 0 0 0 
_1.ptx 1186 : 193536 2139296 0 0 0 0 0 0 0 
_1.ptx 1187 : 193536 9357056 0 0 0 0 0 0 0 
_1.ptx 1188 : 193536 9322784 0 0 0 0 0 0 0 
_1.ptx 1189 : 193536 9177664 0 0 0 0 0 0 0 
_1.ptx 1190 : 193536 1164672 0 0 0 0 0 0 0 
_1.ptx 1191 : 193536 2135360 0 0 0 0 0 0 0 
_1.ptx 1192 : 193536 2137664 0 0 0 0 0 0 0 
_1.ptx 1193 : 193536 2142688 0 0 0 0 0 0 0 
_1.ptx 1194 : 193536 1748384 0 0 0 0 0 0 0 
_1.ptx 1195 : 193536 1748192 0 0 0 0 0 0 0 
_1.ptx 1196 : 193536 1747648 0 0 0 0 0 0 0 
_1.ptx 1197 : 193536 1753056 0 0 0 0 0 0 0 
_1.ptx 1198 : 193536 2146592 0 0 0 0 0 0 0 
_1.ptx 1199 : 193536 2135488 0 0 0 0 0 0 0 
_1.ptx 1200 : 193536 2142432 0 0 0 0 0 0 0 
_1.ptx 1201 : 193536 2133856 0 0 0 0 0 0 0 
_1.ptx 1202 : 193536 1164384 0 0 0 0 0 0 0 
_1.ptx 1203 : 193536 2142688 0 0 0 0 0 0 0 
_1.ptx 1204 : 193536 1164512 0 0 0 0 0 0 0 
_1.ptx 1205 : 193536 2135008 0 0 0 0 0 0 0 
_1.ptx 1206 : 193536 2875680 0 0 0 0 0 0 0 
_1.ptx 1207 : 193536 4024736 0 0 0 0 0 0 0 
_1.ptx 1208 : 193536 2137440 0 0 0 0 0 0 0 
_1.ptx 1209 : 193536 1167232 0 0 0 0 0 0 0 
_1.ptx 1210 : 193536 2268768 0 0 0 0 0 0 0 
_1.ptx 1211 : 193536 8995904 0 0 0 0 0 0 0 
_1.ptx 1212 : 193536 2811296 0 0 0 0 0 0 0 
_1.ptx 1213 : 193536 2135232 0 0 0 0 0 0 0 
_1.ptx 1214 : 193536 1163488 0 0 0 0 0 0 0 
_1.ptx 1215 : 193536 2134560 0 0 0 0 0 0 0 
_1.ptx 1216 : 193536 9084960 0 0 0 0 0 0 0 
_1.ptx 1217 : 193536 2941120 0 0 0 0 0 0 0 
_1.ptx 1218 : 193536 2134400 0 0 0 0 0 0 0 
_1.ptx 1219 : 193536 2139424 0 0 0 0 0 0 0 
_1.ptx 1220 : 193536 1751136 0 0 0 0 0 0 0 
_1.ptx 1221 : 193536 1755520 0 0 0 0 0 0 0 
_1.ptx 1222 : 193536 2840352 0 0 0 0 0 0 0 
_1.ptx 1223 : 193536 1371264 0 0 0 0 0 0 0 
_1.ptx 1224 : 193536 1184992 0 0 0 0 0 0 0 
_1.ptx 1225 : 193536 2137888 0 0 0 0 0 0 0 
_1.ptx 1226 : 193536 1165856 0 0 0 0 0 0 0 
_1.ptx 1227 : 193536 2135904 0 0 0 0 0 0 0 
_1.ptx 1228 : 193536 2135392 0 0 0 0 0 0 0 
_1.ptx 1230 : 193536 2138112 0 0 0 0 0 0 0 
_1.ptx 1231 : 193536 1747680 0 0 0 0 0 0 0 
_1.ptx 1233 : 193536 2133984 0 0 0 0 0 0 0 
_1.ptx 1234 : 193536 1750848 0 0 0 0 0 0 0 
_1.ptx 1236 : 193536 2142944 0 0 0 0 0 0 0 
_1.ptx 1237 : 193536 1749472 0 0 0 0 0 0 0 
_1.ptx 1239 : 193536 2144480 0 0 0 0 0 0 0 
_1.ptx 1240 : 193536 1749472 0 0 0 0 0 0 0 
_1.ptx 1242 : 193536 2152352 0 0 0 0 0 0 0 
_1.ptx 1243 : 193536 1750592 0 0 0 0 0 0 0 
_1.ptx 1245 : 193536 1171104 0 0 0 0 0 0 0 
_1.ptx 1246 : 193536 2136576 0 0 0 0 0 0 0 
_1.ptx 1247 : 193536 2137888 0 0 0 0 0 0 0 
_1.ptx 1248 : 193536 1752512 0 0 0 0 0 0 0 
_1.ptx 1250 : 193536 2149248 0 0 0 0 0 0 0 
_1.ptx 1251 : 193536 2141632 0 0 0 0 0 0 0 
_1.ptx 1252 : 193536 2135872 0 0 0 0 0 0 0 
_1.ptx 1253 : 193536 1747648 0 0 0 0 0 0 0 
_1.ptx 1254 : 193536 1750368 0 0 0 0 0 0 0 
_1.ptx 1256 : 193536 1754912 0 0 0 0 0 0 0 
_1.ptx 1257 : 193536 1750688 0 0 0 0 0 0 0 
_1.ptx 1258 : 193536 2135040 0 0 0 0 0 0 0 
_1.ptx 1259 : 193536 1754752 0 0 0 0 0 0 0 
_1.ptx 1261 : 193536 2166304 0 0 0 0 0 0 0 
_1.ptx 1262 : 193536 2144224 0 0 0 0 0 0 0 
_1.ptx 1263 : 193536 2138208 0 0 0 0 0 0 0 
_1.ptx 1264 : 193536 1766400 0 0 0 0 0 0 0 
_1.ptx 1266 : 193536 2320512 0 0 0 0 0 0 0 
_1.ptx 1267 : 193536 2154464 0 0 0 0 0 0 0 
_1.ptx 1268 : 193536 2136928 0 0 0 0 0 0 0 
_1.ptx 1269 : 193536 1751232 0 0 0 0 0 0 0 
_1.ptx 1271 : 193536 1170688 0 0 0 0 0 0 0 
_1.ptx 1272 : 193536 2138944 0 0 0 0 0 0 0 
_1.ptx 1273 : 193536 2136640 0 0 0 0 0 0 0 
_1.ptx 1274 : 193536 1754336 0 0 0 0 0 0 0 
_1.ptx 1276 : 193536 2206848 0 0 0 0 0 0 0 
_1.ptx 1277 : 193536 1748992 0 0 0 0 0 0 0 
_1.ptx 1278 : 193536 1751328 0 0 0 0 0 0 0 
_1.ptx 1280 : 193536 1751744 0 0 0 0 0 0 0 
_1.ptx 1282 : 193536 1770336 0 0 0 0 0 0 0 
_1.ptx 1283 : 193536 1762784 0 0 0 0 0 0 0 
_1.ptx 1284 : 193536 2150368 0 0 0 0 0 0 0 
_1.ptx 1285 : 193536 1757152 0 0 0 0 0 0 0 
_1.ptx 1287 : 193536 2210944 0 0 0 0 0 0 0 
_1.ptx 1288 : 193536 2144672 0 0 0 0 0 0 0 
_1.ptx 1289 : 193536 2137984 0 0 0 0 0 0 0 
_1.ptx 1290 : 193536 1753888 0 0 0 0 0 0 0 
_1.ptx 1292 : 193536 1171296 0 0 0 0 0 0 0 
_1.ptx 1293 : 193536 2140448 0 0 0 0 0 0 0 
_1.ptx 1294 : 193536 2141536 0 0 0 0 0 0 0 
_1.ptx 1295 : 193536 1754592 0 0 0 0 0 0 0 
_1.ptx 1297 : 193536 2179072 0 0 0 0 0 0 0 
_1.ptx 1298 : 193536 1753440 0 0 0 0 0 0 0 
_1.ptx 1299 : 193536 1752832 0 0 0 0 0 0 0 
_1.ptx 1301 : 193536 1758624 0 0 0 0 0 0 0 
_1.ptx 1303 : 193536 1776160 0 0 0 0 0 0 0 
_1.ptx 1305 : 193536 1769888 0 0 0 0 0 0 0 
_1.ptx 1306 : 193536 1763968 0 0 0 0 0 0 0 
_1.ptx 1307 : 193536 2149088 0 0 0 0 0 0 0 
_1.ptx 1308 : 193536 1751328 0 0 0 0 0 0 0 
_1.ptx 1309 : 193536 1176192 0 0 0 0 0 0 0 
_1.ptx 1426 : 193536 41571776 0 0 0 0 0 0 0 
_1.ptx 1427 : 193536 2138528 0 0 0 0 0 0 0 
_1.ptx 1428 : 193536 29429632 774144 0 0 6048 6048 0 0 
_1.ptx 1430 : 193536 2137536 0 0 0 0 0 0 0 
_1.ptx 1431 : 193536 23681152 774144 0 0 6048 6048 0 0 
_1.ptx 1433 : 193536 2137216 0 0 0 0 0 0 0 
_1.ptx 1434 : 193536 21657952 774144 0 0 6048 6048 0 0 
_1.ptx 1436 : 193536 2136512 0 0 0 0 0 0 0 
_1.ptx 1437 : 193536 25024096 774144 0 0 6048 6048 0 0 
_1.ptx 1439 : 193536 2140640 0 0 0 0 0 0 0 
_1.ptx 1440 : 193536 22969088 774144 0 0 6048 6048 0 0 
_1.ptx 1442 : 193536 1167776 0 0 0 0 0 0 0 
