kernel line : count latency dram_traffic smem_bk_conflicts smem_warp gmem_access_generated gmem_warp exposed_latency warp_divergence
_1.ptx 8247 : 3529536 21339296 0 0 0 0 0 0 0 
_1.ptx 8248 : 3529536 28425760 0 0 0 0 0 0 0 
_1.ptx 8249 : 3529536 21361280 0 0 0 0 0 0 0 
_1.ptx 10752 : 118528 954656 0 0 0 0 0 0 0 
_1.ptx 10753 : 118528 406080 0 0 0 0 0 0 0 
_1.ptx 10755 : 51712 367616 0 0 0 0 0 0 0 
_1.ptx 10757 : 51712 369184 0 0 0 0 0 0 0 
_1.ptx 10761 : 262144 2905440 0 0 0 0 0 0 0 
_1.ptx 10762 : 262144 2914496 0 0 0 0 0 0 0 
_1.ptx 10763 : 262144 2118560 0 0 0 0 0 0 0 
_1.ptx 10764 : 262144 1492384 0 0 0 0 0 0 0 
_1.ptx 10765 : 16384 98848 0 0 0 0 0 0 0 
_1.ptx 10771 : 16384 97721 0 0 0 0 0 0 256 
_1.ptx 10773 : 256 4189 0 0 0 0 0 0 0 
_1.ptx 10774 : 256 2571 0 0 0 0 0 0 0 
_1.ptx 8305 : 3529536 21355328 0 0 0 0 0 0 0 
_1.ptx 10775 : 256 1815 0 0 0 0 0 0 0 
_1.ptx 8306 : 3529536 28500032 0 0 0 0 0 0 0 
_1.ptx 10776 : 256 2573 0 0 0 0 0 0 0 
_1.ptx 8307 : 3529536 21414624 0 0 0 0 0 0 0 
_1.ptx 10777 : 256 2820 0 0 0 0 0 0 0 
_1.ptx 10778 : 256 7070 5888 0 0 256 256 0 0 
_1.ptx 10780 : 256 1804 0 0 0 0 0 0 0 
_1.ptx 10781 : 256 4361 5824 0 0 256 256 0 0 
_1.ptx 10784 : 16384 99136 0 0 0 0 0 0 0 
_1.ptx 8363 : 3529536 21359392 0 0 0 0 0 0 0 
_1.ptx 8364 : 3529536 28454400 0 0 0 0 0 0 0 
_1.ptx 8365 : 3529536 21441280 0 0 0 0 0 0 0 
_1.ptx 7555 : 16384 99360 0 0 0 0 0 0 0 
_1.ptx 7556 : 16384 100224 0 0 0 0 0 0 0 
_1.ptx 7557 : 16384 216960 0 0 0 0 0 0 0 
_1.ptx 7558 : 16384 98944 0 0 0 0 0 0 0 
_1.ptx 7559 : 16384 181504 0 0 0 0 0 0 0 
_1.ptx 7560 : 16384 2348160 128 0 0 0 0 0 0 
_1.ptx 7561 : 16384 194176 0 0 0 0 0 0 0 
_1.ptx 7562 : 16384 291872 0 0 0 0 0 0 0 
_1.ptx 7563 : 16384 182048 0 0 0 0 0 0 0 
_1.ptx 7564 : 16384 120032 0 0 0 0 0 0 0 
_1.ptx 7565 : 16384 103360 0 0 0 0 0 0 0 
_1.ptx 7566 : 16384 255680 0 0 0 0 0 0 0 
_1.ptx 7567 : 16384 133760 0 0 0 0 0 0 0 
_1.ptx 7568 : 16384 0 0 0 0 0 0 0 0 
_1.ptx 7569 : 16384 239776 0 0 0 0 0 0 0 
_1.ptx 7570 : 16384 185952 0 0 0 0 0 0 0 
_1.ptx 7571 : 16384 116352 0 0 0 0 0 0 0 
_1.ptx 7572 : 16384 217856 0 0 0 0 0 0 0 
_1.ptx 7573 : 16384 180928 0 0 0 0 0 0 0 
_1.ptx 7574 : 16384 184032 0 0 0 0 0 0 0 
_1.ptx 7575 : 16384 120160 0 0 0 0 0 0 0 
_1.ptx 7576 : 16384 204736 0 0 0 0 0 0 0 
_1.ptx 7577 : 16384 116576 0 0 0 0 0 0 0 
_1.ptx 7578 : 16384 228480 0 0 0 0 0 0 0 
_1.ptx 7579 : 16384 184096 0 0 0 0 0 0 0 
_1.ptx 7580 : 16384 106688 0 0 0 0 0 0 0 
_1.ptx 7581 : 16384 134816 0 0 0 0 0 0 0 
_1.ptx 7582 : 16384 217664 0 0 0 0 0 0 0 
_1.ptx 7583 : 16384 119936 0 0 0 0 0 0 0 
_1.ptx 7584 : 16384 182688 0 0 0 0 0 0 0 
_1.ptx 7585 : 16384 121888 0 0 0 0 0 0 0 
_1.ptx 7586 : 16384 192224 0 0 0 0 0 0 0 
_1.ptx 7587 : 16384 89376 0 0 0 0 0 0 0 
_1.ptx 7588 : 16384 83872 0 0 0 0 0 0 0 
_1.ptx 7589 : 16384 99264 0 0 0 0 0 0 0 
_1.ptx 7590 : 16384 99360 0 0 0 0 0 0 0 
_1.ptx 7591 : 16384 100960 0 0 0 0 0 0 0 
_1.ptx 7595 : 262144 2899488 0 0 0 0 0 0 0 
_1.ptx 7596 : 262144 71962592 334592 0 0 8192 8192 0 0 
_1.ptx 8421 : 3529536 21370400 0 0 0 0 0 0 0 
_1.ptx 7598 : 262144 1862112 0 0 0 0 0 0 0 
_1.ptx 8422 : 3529536 28588928 0 0 0 0 0 0 0 
_1.ptx 7599 : 262144 2651296 0 0 0 0 0 0 0 
_1.ptx 8423 : 3529536 21438816 0 0 0 0 0 0 0 
_1.ptx 7600 : 262144 2901024 0 0 0 0 0 0 0 
_1.ptx 7601 : 262144 65222912 335360 0 0 8192 8192 0 0 
_1.ptx 7603 : 262144 2114848 0 0 0 0 0 0 0 
_1.ptx 7604 : 262144 870624 0 0 0 0 0 0 0 
_1.ptx 7605 : 118528 956992 0 0 0 0 0 0 0 
_1.ptx 7606 : 118528 967776 0 0 0 0 0 0 0 
_1.ptx 7607 : 118528 742976 0 0 0 0 0 0 0 
_1.ptx 7608 : 118528 956544 0 0 0 0 0 0 0 
_1.ptx 7609 : 118528 2862304 0 0 0 0 0 0 0 
_1.ptx 7610 : 118528 849632 0 0 0 0 0 0 0 
_1.ptx 7611 : 118528 732000 0 0 0 0 0 0 0 
_1.ptx 7612 : 118528 961888 0 0 0 0 0 0 0 
_1.ptx 7613 : 118528 0 0 0 0 0 0 0 0 
_1.ptx 7615 : 118528 0 0 0 0 0 0 0 0 
_1.ptx 7616 : 118528 728000 0 0 0 0 0 0 0 
_1.ptx 7617 : 118528 731200 0 0 0 0 0 0 0 
_1.ptx 7618 : 118528 1338752 0 0 0 0 0 0 0 
_1.ptx 7619 : 118528 866112 0 0 0 0 0 0 0 
_1.ptx 7620 : 118528 747168 0 0 0 0 0 0 0 
_1.ptx 7621 : 118528 1367968 0 0 0 0 0 0 0 
_1.ptx 7622 : 118528 852384 0 0 0 0 0 0 0 
_1.ptx 7623 : 118528 851104 0 0 0 0 0 0 0 
_1.ptx 7624 : 118528 1319808 0 0 0 0 0 0 0 
_1.ptx 7628 : 7585792 46370272 0 0 0 0 0 0 0 
_1.ptx 7629 : 7585792 119655584 4630752 0 0 237056 237056 0 0 
_1.ptx 7630 : 7585792 84115392 0 0 0 0 0 0 0 
_1.ptx 7631 : 7585792 84381984 0 0 0 0 0 0 0 
_1.ptx 7632 : 7585792 61834304 0 0 0 0 0 0 0 
_1.ptx 7633 : 7585792 45691712 0 0 0 0 0 0 0 
_1.ptx 7635 : 118528 0 0 0 0 0 0 0 0 
_1.ptx 7636 : 118528 728544 0 0 0 0 0 0 0 
_1.ptx 7637 : 118528 723104 0 0 0 0 0 0 0 
_1.ptx 7638 : 118528 1317408 0 0 0 0 0 0 0 
_1.ptx 7639 : 118528 857600 0 0 0 0 0 0 0 
_1.ptx 7640 : 118528 756864 0 0 0 0 0 0 0 
_1.ptx 7641 : 118528 1320160 0 0 0 0 0 0 0 
_1.ptx 7642 : 118528 847136 0 0 0 0 0 0 0 
_1.ptx 7643 : 118528 847296 0 0 0 0 0 0 0 
_1.ptx 7644 : 118528 1200768 0 0 0 0 0 0 0 
_1.ptx 7645 : 118528 1212128 0 0 0 0 0 0 0 
_1.ptx 7646 : 118528 1315360 0 0 0 0 0 0 0 
_1.ptx 7650 : 253724 1544550 0 0 0 0 0 0 0 
_1.ptx 7651 : 253724 5482256 1081536 0 0 16908 9260 0 0 
_1.ptx 7652 : 253724 2811090 0 0 0 0 0 0 0 
_1.ptx 7653 : 253724 2817939 0 0 0 0 0 0 0 
_1.ptx 7654 : 253724 2057029 0 0 0 0 0 0 0 
_1.ptx 7655 : 253724 824864 0 0 0 0 0 0 1852 
_1.ptx 8479 : 3529536 21369408 0 0 0 0 0 0 0 
_1.ptx 8480 : 3529536 28484384 0 0 0 0 0 0 0 
_1.ptx 7657 : 118528 709454 0 0 0 0 0 0 1852 
_1.ptx 8481 : 3529536 21460096 0 0 0 0 0 0 0 
_1.ptx 7659 : 1852 11202 0 0 0 0 0 0 0 
_1.ptx 7660 : 1852 20462 0 0 0 0 0 0 0 
_1.ptx 7661 : 1852 39881 2656 0 0 1852 1852 0 0 
_1.ptx 7664 : 118528 718912 0 0 0 0 0 0 0 
_1.ptx 7666 : 118528 845344 0 0 0 0 0 0 0 
_1.ptx 7668 : 118528 957664 0 0 0 0 0 0 0 
_1.ptx 7669 : 118528 139860 0 0 0 0 0 0 1002 
_1.ptx 7671 : 95531 1056481 0 0 0 0 0 0 0 
_1.ptx 7672 : 95531 3522488 0 0 0 0 0 0 0 
_1.ptx 7673 : 95531 1056040 0 0 0 0 0 0 0 
_1.ptx 7674 : 95531 678964 0 0 0 0 0 0 0 
_1.ptx 7675 : 95531 976306 0 0 0 0 0 0 0 
_1.ptx 7676 : 95531 1058054 0 0 0 0 0 0 0 
_1.ptx 7677 : 95531 35062974 611584 0 0 6350 3463 0 0 
_1.ptx 7679 : 95531 579522 0 0 0 0 0 0 0 
_1.ptx 7680 : 95531 578936 0 0 0 0 0 0 0 
_1.ptx 7681 : 95531 1064061 0 0 0 0 0 0 0 
_1.ptx 7682 : 95531 580666 0 0 0 0 0 0 0 
_1.ptx 7683 : 95531 1064843 0 0 0 0 0 0 0 
_1.ptx 7684 : 95531 1056792 0 0 0 0 0 0 0 
_1.ptx 7685 : 95531 770248 0 0 0 0 0 0 0 
_1.ptx 7686 : 95531 444997 0 0 0 0 0 0 764 
_1.ptx 7688 : 22056 243467 0 0 0 0 0 0 0 
_1.ptx 7689 : 22056 156692 0 0 0 0 0 0 0 
_1.ptx 7690 : 22056 222164 0 0 0 0 0 0 0 
_1.ptx 7691 : 22056 243526 0 0 0 0 0 0 0 
_1.ptx 7692 : 22056 6354237 88192 0 0 1794 1145 0 0 
_1.ptx 7694 : 22056 223142 0 0 0 0 0 0 0 
_1.ptx 7695 : 22056 243906 0 0 0 0 0 0 0 
_1.ptx 7696 : 22056 177702 0 0 0 0 0 0 0 
_1.ptx 7697 : 22056 133086 0 0 0 0 0 0 22 
_1.ptx 7699 : 103 1141 0 0 0 0 0 0 0 
_1.ptx 7700 : 103 1137 0 0 0 0 0 0 0 
_1.ptx 7701 : 103 721 0 0 0 0 0 0 0 
_1.ptx 7702 : 103 1031 0 0 0 0 0 0 0 
_1.ptx 7703 : 103 1139 0 0 0 0 0 0 0 
_1.ptx 7704 : 103 12227 256 0 0 24 22 0 0 
_1.ptx 7706 : 103 1036 0 0 0 0 0 0 0 
_1.ptx 7707 : 103 1133 0 0 0 0 0 0 0 
_1.ptx 7708 : 103 824 0 0 0 0 0 0 0 
_1.ptx 7709 : 103 625 0 0 0 0 0 0 0 
_1.ptx 8537 : 3529536 21356736 0 0 0 0 0 0 0 
_1.ptx 8538 : 3529536 28521664 0 0 0 0 0 0 0 
_1.ptx 8539 : 3529536 21466240 0 0 0 0 0 0 0 
_1.ptx 8595 : 3529536 21355008 0 0 0 0 0 0 0 
_1.ptx 8596 : 3529536 28450688 0 0 0 0 0 0 0 
_1.ptx 8597 : 3529536 21480448 0 0 0 0 0 0 0 
_1.ptx 7815 : 22997 139986 0 0 0 0 0 0 0 
_1.ptx 7816 : 22997 141296 0 0 0 0 0 0 0 
_1.ptx 7817 : 22997 139931 0 0 0 0 0 0 0 
_1.ptx 7818 : 22997 140743 0 0 0 0 0 0 0 
_1.ptx 7819 : 22997 140324 0 0 0 0 0 0 0 
_1.ptx 7820 : 22997 141079 0 0 0 0 0 0 0 
_1.ptx 7821 : 22997 139928 0 0 0 0 0 0 0 
_1.ptx 7822 : 22997 140702 0 0 0 0 0 0 0 
_1.ptx 7823 : 22997 139870 0 0 0 0 0 0 0 
_1.ptx 7824 : 22997 141310 0 0 0 0 0 0 0 
_1.ptx 7825 : 22997 140011 0 0 0 0 0 0 0 
_1.ptx 7826 : 22997 140232 0 0 0 0 0 0 0 
_1.ptx 7827 : 22997 140396 0 0 0 0 0 0 0 
_1.ptx 7829 : 73475 446080 0 0 0 0 0 0 0 
_1.ptx 8653 : 3529536 21368512 0 0 0 0 0 0 0 
_1.ptx 7830 : 73475 449559 0 0 0 0 0 0 0 
_1.ptx 7831 : 73475 446066 0 0 0 0 0 0 0 
_1.ptx 7832 : 73475 449113 0 0 0 0 0 0 0 
_1.ptx 7833 : 73475 445760 0 0 0 0 0 0 0 
_1.ptx 7834 : 73475 448992 0 0 0 0 0 0 0 
_1.ptx 7835 : 73475 445641 0 0 0 0 0 0 0 
_1.ptx 7836 : 73475 447651 0 0 0 0 0 0 0 
_1.ptx 7837 : 73475 445852 0 0 0 0 0 0 0 
_1.ptx 7838 : 73475 446858 0 0 0 0 0 0 0 
_1.ptx 7839 : 73475 445399 0 0 0 0 0 0 0 
_1.ptx 7840 : 73475 447378 0 0 0 0 0 0 0 
_1.ptx 7842 : 21953 132536 0 0 0 0 0 0 0 
_1.ptx 7843 : 21953 133259 0 0 0 0 0 0 0 
_1.ptx 7844 : 21953 132982 0 0 0 0 0 0 0 
_1.ptx 7845 : 21953 133791 0 0 0 0 0 0 0 
_1.ptx 7846 : 21953 132748 0 0 0 0 0 0 0 
_1.ptx 7847 : 21953 133195 0 0 0 0 0 0 0 
_1.ptx 7848 : 21953 132477 0 0 0 0 0 0 0 
_1.ptx 7849 : 21953 133594 0 0 0 0 0 0 0 
_1.ptx 7850 : 21953 132638 0 0 0 0 0 0 0 
_1.ptx 7851 : 21953 133418 0 0 0 0 0 0 0 
_1.ptx 7852 : 21953 132728 0 0 0 0 0 0 0 
_1.ptx 7854 : 103 618 0 0 0 0 0 0 0 
_1.ptx 7855 : 103 618 0 0 0 0 0 0 0 
_1.ptx 7856 : 103 618 0 0 0 0 0 0 0 
_1.ptx 7857 : 103 618 0 0 0 0 0 0 0 
_1.ptx 7858 : 103 618 0 0 0 0 0 0 0 
_1.ptx 7859 : 103 618 0 0 0 0 0 0 0 
_1.ptx 7860 : 103 618 0 0 0 0 0 0 0 
_1.ptx 7861 : 103 618 0 0 0 0 0 0 0 
_1.ptx 7862 : 103 625 0 0 0 0 0 0 0 
_1.ptx 7863 : 103 622 0 0 0 0 0 0 0 
_1.ptx 3793 : 16384 99744 0 0 0 0 0 0 0 
_1.ptx 3794 : 16384 100448 0 0 0 0 0 0 0 
_1.ptx 3795 : 16384 222368 0 0 0 0 0 0 0 
_1.ptx 3796 : 16384 2326464 128 0 0 0 0 0 0 
_1.ptx 3797 : 16384 181088 0 0 0 0 0 0 0 
_1.ptx 8736 : 3529536 25052352 0 0 0 0 0 0 0 
_1.ptx 3798 : 16384 166208 0 0 0 0 0 0 0 
_1.ptx 3799 : 16384 2737248 0 0 0 0 0 0 0 
_1.ptx 8738 : 3529536 89397760 0 110298 110298 0 0 0 0 
_1.ptx 3800 : 16384 115008 0 0 0 0 0 0 0 
_1.ptx 3801 : 16384 98848 0 0 0 0 0 0 0 
_1.ptx 8740 : 3529536 57026080 0 110298 110298 0 0 0 0 
_1.ptx 7917 : 118528 719552 0 0 0 0 0 0 0 
_1.ptx 3802 : 16384 182848 0 0 0 0 0 0 0 
_1.ptx 3803 : 16384 98368 0 0 0 0 0 0 0 
_1.ptx 8742 : 3529536 21444192 0 0 0 0 0 0 0 
_1.ptx 7919 : 118528 0 0 0 0 0 0 0 0 
_1.ptx 3804 : 16384 180928 0 0 0 0 0 0 0 
_1.ptx 8743 : 3529536 21207547 0 0 0 0 0 0 55149 
_1.ptx 7920 : 118528 720576 0 0 0 0 0 0 0 
_1.ptx 3805 : 16384 165408 0 0 0 0 0 0 0 
_1.ptx 8744 : 55149 337388 0 0 0 0 0 0 0 
_1.ptx 7921 : 118528 724192 0 0 0 0 0 0 0 
_1.ptx 3806 : 16384 213472 0 0 0 0 0 0 0 
_1.ptx 8745 : 55149 444350 0 0 0 0 0 0 0 
_1.ptx 7922 : 118528 1338560 0 0 0 0 0 0 0 
_1.ptx 3807 : 16384 133088 0 0 0 0 0 0 0 
_1.ptx 8746 : 55149 0 0 0 0 0 0 0 0 
_1.ptx 7923 : 118528 844896 0 0 0 0 0 0 0 
_1.ptx 3808 : 16384 100896 0 0 0 0 0 0 0 
_1.ptx 8747 : 55149 557016 0 0 0 0 0 0 0 
_1.ptx 7924 : 118528 3656288 0 0 0 0 0 0 0 
_1.ptx 8748 : 55149 337563 0 0 0 0 0 0 0 
_1.ptx 7925 : 118528 1328320 0 0 0 0 0 0 0 
_1.ptx 8749 : 55149 335591 0 0 0 0 0 0 0 
_1.ptx 7926 : 118528 736288 0 0 0 0 0 0 0 
_1.ptx 8750 : 55149 390934 0 0 0 0 0 0 0 
_1.ptx 7927 : 118528 1334656 0 0 0 0 0 0 0 
_1.ptx 7928 : 118528 1305440 0 0 0 0 0 0 0 
_1.ptx 7929 : 118528 1224896 0 0 0 0 0 0 0 
_1.ptx 7930 : 118528 1316928 0 0 0 0 0 0 0 
_1.ptx 3815 : 16384 99424 0 0 0 0 0 0 0 
_1.ptx 8754 : 3474387 38381620 0 0 0 0 0 0 0 
_1.ptx 7931 : 118528 1322048 0 0 0 0 0 0 0 
_1.ptx 3816 : 16384 131744 0 0 0 0 0 0 0 
_1.ptx 8755 : 3474387 68517268 0 3474387 3474387 0 0 0 0 
_1.ptx 7932 : 118528 1316576 0 0 0 0 0 0 0 
_1.ptx 3817 : 16384 74560 0 0 0 0 0 0 256 
_1.ptx 8756 : 3474387 27960266 0 0 0 0 0 0 0 
_1.ptx 7933 : 118528 964896 0 0 0 0 0 0 0 
_1.ptx 3818 : 4096 54096 0 0 0 0 0 0 0 
_1.ptx 8757 : 3474387 1019243 0 0 0 0 0 0 0 
_1.ptx 7934 : 118528 732640 0 0 0 0 0 0 0 
_1.ptx 3819 : 4096 472672 0 0 0 0 0 0 0 
_1.ptx 8758 : 3306066 26618972 0 0 0 0 0 0 0 
_1.ptx 7935 : 118528 735520 0 0 0 0 0 0 0 
_1.ptx 3820 : 4096 294272 0 0 0 0 0 0 0 
_1.ptx 8759 : 3306066 18583917 0 0 0 0 0 0 0 
_1.ptx 7936 : 118528 724096 0 0 0 0 0 0 0 
_1.ptx 3821 : 4096 49936 0 0 0 0 0 0 0 
_1.ptx 8760 : 241381 2669992 0 0 0 0 0 0 0 
_1.ptx 7937 : 118528 729984 0 0 0 0 0 0 0 
_1.ptx 3822 : 4096 28864 0 0 0 0 0 0 0 
_1.ptx 8761 : 241381 4507147 0 241381 241381 0 0 0 0 
_1.ptx 7938 : 118528 725664 0 0 0 0 0 0 0 
_1.ptx 3823 : 4096 42544 0 0 0 0 0 0 0 
_1.ptx 8762 : 241381 3905075 0 241381 241381 0 0 0 0 
_1.ptx 7939 : 118528 731424 0 0 0 0 0 0 0 
_1.ptx 3824 : 4096 45408 0 0 0 0 0 0 0 
_1.ptx 8763 : 241381 1947903 0 0 0 0 0 0 0 
_1.ptx 7940 : 118528 726752 0 0 0 0 0 0 0 
_1.ptx 3825 : 4096 25280 0 0 0 0 0 0 0 
_1.ptx 8764 : 241381 1462813 0 0 0 0 0 0 0 
_1.ptx 7941 : 118528 731232 0 0 0 0 0 0 0 
_1.ptx 3826 : 4096 35568 0 0 0 0 0 0 0 
_1.ptx 7942 : 118528 727360 0 0 0 0 0 0 0 
_1.ptx 3827 : 4096 29488 0 0 0 0 0 0 0 
_1.ptx 7943 : 118528 730016 0 0 0 0 0 0 0 
_1.ptx 3828 : 4096 25072 0 0 0 0 0 0 0 
_1.ptx 8767 : 168321 1861881 0 0 0 0 0 0 0 
_1.ptx 7944 : 118528 724608 0 0 0 0 0 0 0 
_1.ptx 3829 : 4096 24736 0 0 0 0 0 0 0 
_1.ptx 8768 : 168321 3154893 0 168321 168321 0 0 0 0 
_1.ptx 7945 : 118528 729856 0 0 0 0 0 0 0 
_1.ptx 3830 : 4096 46864 0 0 0 0 0 0 0 
_1.ptx 7946 : 118528 724640 0 0 0 0 0 0 0 
_1.ptx 3831 : 4096 119632 0 0 0 0 0 0 0 
_1.ptx 7947 : 118528 727232 0 0 0 0 0 0 0 
_1.ptx 3832 : 4096 28912 0 0 0 0 0 0 0 
_1.ptx 8771 : 168321 1195691 0 0 0 0 0 0 0 
_1.ptx 3833 : 4096 43552 0 0 0 0 0 0 0 
_1.ptx 3834 : 4096 45376 0 0 0 0 0 0 0 
_1.ptx 8773 : 168321 1234441 0 168321 168321 0 0 0 0 
_1.ptx 7950 : 3529536 25372288 0 0 0 0 0 0 0 
_1.ptx 3835 : 4096 24832 0 0 0 0 0 0 0 
_1.ptx 7951 : 3529536 22205216 0 0 0 0 0 0 0 
_1.ptx 3836 : 4096 24848 0 0 0 0 0 0 0 
_1.ptx 7952 : 3529536 28636352 0 0 0 0 0 0 0 
_1.ptx 8776 : 3474387 35044629 0 0 0 0 0 0 0 
_1.ptx 7953 : 3529536 6866983 0 0 0 0 0 0 98795 
_1.ptx 8777 : 3474387 35271431 0 0 0 0 0 0 0 
_1.ptx 3839 : 4096 0 0 0 0 0 0 0 0 
_1.ptx 8778 : 3474387 28007945 0 0 0 0 0 0 0 
_1.ptx 7955 : 2404788 17111455 0 0 0 0 0 0 0 
_1.ptx 3840 : 4096 28848 0 0 0 0 0 0 0 
_1.ptx 8779 : 3474387 20740780 0 0 0 0 0 0 0 
_1.ptx 7956 : 2404788 26697593 0 0 0 0 0 0 0 
_1.ptx 3841 : 4096 49584 0 0 0 0 0 0 0 
_1.ptx 7957 : 2404788 785899828 14112896 0 0 735774 107137 0 0 
_1.ptx 3842 : 4096 54992 0 0 0 0 0 0 0 
_1.ptx 8781 : 55149 444167 0 0 0 0 0 0 0 
_1.ptx 7958 : 2404788 14601756 0 0 0 0 0 0 0 
_1.ptx 3843 : 4096 45248 0 0 0 0 0 0 0 
_1.ptx 8782 : 55149 322647 0 0 0 0 0 0 0 
_1.ptx 7959 : 2404788 19400673 0 0 0 0 0 0 0 
_1.ptx 3844 : 4096 28848 0 0 0 0 0 0 0 
_1.ptx 7960 : 2404788 264525 0 0 0 0 0 0 43682 
_1.ptx 3845 : 4096 45264 0 0 0 0 0 0 0 
_1.ptx 8784 : 1852 11168 0 0 0 0 0 0 0 
_1.ptx 7961 : 2361052 82458201 0 0 0 0 0 0 0 
_1.ptx 3846 : 4096 30608 0 0 0 0 0 0 0 
_1.ptx 8785 : 1852 31672 0 1852 1852 0 0 0 0 
_1.ptx 7962 : 2361052 26152614 0 0 0 0 0 0 0 
_1.ptx 3847 : 4096 42368 0 0 0 0 0 0 0 
_1.ptx 7963 : 2361052 504910910 498944 0 0 729311 107083 0 0 
_1.ptx 3848 : 4096 45248 0 0 0 0 0 0 0 
_1.ptx 7964 : 2361052 14312565 0 0 0 0 0 0 0 
_1.ptx 3849 : 4096 24992 0 0 0 0 0 0 0 
_1.ptx 7965 : 2361052 19041135 0 0 0 0 0 0 0 
_1.ptx 3850 : 4096 28880 0 0 0 0 0 0 0 
_1.ptx 8789 : 3529536 21428608 0 0 0 0 0 0 0 
_1.ptx 7966 : 2361052 14285088 0 0 0 0 0 0 0 
_1.ptx 8791 : 3529536 58394688 0 110298 110298 0 0 0 0 
_1.ptx 7968 : 43736 264497 0 0 0 0 0 0 0 
_1.ptx 8792 : 3529536 21363488 0 0 0 0 0 0 0 
_1.ptx 7969 : 43736 265252 0 0 0 0 0 0 0 
_1.ptx 3854 : 561152 5616080 0 0 0 0 0 0 0 
_1.ptx 8793 : 3529536 28797568 0 0 0 0 0 0 0 
_1.ptx 7970 : 43736 264322 0 0 0 0 0 0 0 
_1.ptx 3855 : 561152 340970096 2715520 0 0 561152 35072 0 0 
_1.ptx 8794 : 3529536 721920 0 0 0 0 0 0 0 
_1.ptx 3856 : 561152 3375136 0 0 0 0 0 0 0 
_1.ptx 8795 : 3411008 20662323 0 0 0 0 0 0 53297 
_1.ptx 7972 : 2361052 139089471 0 0 0 0 0 0 0 
_1.ptx 3857 : 561152 4490528 0 0 0 0 0 0 0 
_1.ptx 7973 : 2361052 14280652 0 0 0 0 0 0 0 
_1.ptx 3858 : 561152 5056736 0 0 0 0 0 0 0 
_1.ptx 8797 : 53297 324737 0 0 0 0 0 0 0 
_1.ptx 7974 : 2361052 19092502 0 0 0 0 0 0 0 
_1.ptx 3859 : 561152 5623824 0 0 0 0 0 0 0 
_1.ptx 8798 : 53297 380448 0 0 0 0 0 0 0 
_1.ptx 7975 : 2361052 14338947 0 0 0 0 0 0 0 
_1.ptx 3860 : 561152 5618048 0 0 0 0 0 0 0 
_1.ptx 8799 : 53297 589515 0 0 0 0 0 0 0 
_1.ptx 3861 : 561152 4496336 0 0 0 0 0 0 0 
_1.ptx 8800 : 53297 792431 502912 0 0 53297 53297 0 0 
_1.ptx 3862 : 561152 3343936 0 0 0 0 0 0 0 
_1.ptx 3863 : 4096 24608 0 0 0 0 0 0 0 
_1.ptx 8803 : 3411008 24497056 0 0 0 0 0 0 0 
_1.ptx 8805 : 3411008 35139008 0 0 0 0 0 0 0 
_1.ptx 8806 : 3411008 21986048 0 0 0 0 0 0 0 
_1.ptx 3868 : 4096 28720 0 0 0 0 0 0 0 
_1.ptx 3869 : 4096 42464 0 0 0 0 0 0 0 
_1.ptx 3870 : 4096 45088 0 0 0 0 0 0 0 
_1.ptx 8809 : 118528 726240 0 0 0 0 0 0 0 
_1.ptx 3871 : 4096 186464 8640 0 0 256 256 0 0 
_1.ptx 3872 : 4096 45680 0 0 0 0 0 0 0 
_1.ptx 3873 : 4096 45104 0 0 0 0 0 0 0 
_1.ptx 8812 : 3529536 21777120 0 0 0 0 0 0 0 
_1.ptx 3874 : 4096 45136 0 0 0 0 0 0 0 
_1.ptx 3875 : 4096 32848 0 0 0 0 0 0 0 
_1.ptx 8814 : 3529536 28537984 0 0 0 0 0 0 0 
_1.ptx 3876 : 4096 0 0 0 0 0 0 0 0 
_1.ptx 8815 : 3529536 0 0 0 0 0 0 0 0 
_1.ptx 8816 : 3529536 21723968 0 0 0 0 0 0 0 
_1.ptx 7993 : 2361052 90336228 0 0 0 0 0 0 0 
_1.ptx 8817 : 3529536 28538080 0 0 0 0 0 0 0 
_1.ptx 7994 : 2361052 26651207 0 0 0 0 0 0 0 
_1.ptx 3879 : 16384 98752 0 0 0 0 0 0 0 
_1.ptx 8818 : 3529536 20808544 0 0 0 0 0 0 0 
_1.ptx 7995 : 2361052 26139379 0 0 0 0 0 0 0 
_1.ptx 8819 : 118528 731776 0 0 0 0 0 0 0 
_1.ptx 7996 : 2361052 16803878 0 0 0 0 0 0 0 
_1.ptx 7997 : 2361052 24040617 0 0 0 0 0 0 0 
_1.ptx 7998 : 2361052 26151870 0 0 0 0 0 0 0 
_1.ptx 7999 : 2361052 1733726049 254732416 0 0 2361052 107083 0 0 
_1.ptx 8824 : 118528 849344 0 0 0 0 0 0 0 
_1.ptx 8001 : 2361052 19003357 0 0 0 0 0 0 0 
_1.ptx 8825 : 118528 743360 0 0 0 0 0 0 0 
_1.ptx 8002 : 2361052 21346799 0 0 0 0 0 0 0 
_1.ptx 8003 : 2361052 18990112 0 0 0 0 0 0 0 
_1.ptx 8004 : 2361052 5966792 0 0 0 0 0 0 89585 
_1.ptx 8005 : 1371911 9703371 0 0 0 0 0 0 0 
_1.ptx 8006 : 1371911 9723371 0 0 0 0 0 0 0 
_1.ptx 8007 : 1371911 8327899 0 0 0 0 0 0 0 
_1.ptx 8009 : 989141 5964515 0 0 0 0 0 0 0 
_1.ptx 8010 : 989141 5980503 0 0 0 0 0 0 0 
_1.ptx 8012 : 1124748 6837291 0 0 0 0 0 0 0 
_1.ptx 8015 : 3529536 21308000 0 0 0 0 0 0 0 
_1.ptx 8016 : 3529536 28390464 0 0 0 0 0 0 0 
_1.ptx 8017 : 3529536 16134445 0 0 0 0 0 0 50512 
_1.ptx 8019 : 859330 6063764 0 0 0 0 0 0 0 
_1.ptx 8020 : 859330 9481745 0 0 0 0 0 0 0 
_1.ptx 8021 : 859330 335330192 6216320 0 0 307763 52709 0 0 
_1.ptx 8022 : 859330 5181684 0 0 0 0 0 0 0 
_1.ptx 8023 : 859330 6921964 0 0 0 0 0 0 0 
_1.ptx 8024 : 859330 57567 0 0 0 0 0 0 9498 
_1.ptx 8025 : 849797 43159439 0 0 0 0 0 0 0 
_1.ptx 8026 : 849797 9403610 0 0 0 0 0 0 0 
_1.ptx 8027 : 849797 200134031 276736 0 0 306404 52674 0 0 
_1.ptx 8028 : 849797 5144889 0 0 0 0 0 0 0 
_1.ptx 8029 : 849797 6852022 0 0 0 0 0 0 0 
_1.ptx 8030 : 849797 5141117 0 0 0 0 0 0 0 
_1.ptx 8032 : 9533 57520 0 0 0 0 0 0 0 
_1.ptx 8033 : 9533 57701 0 0 0 0 0 0 0 
_1.ptx 8035 : 849797 33146236 0 0 0 0 0 0 0 
_1.ptx 8036 : 849797 5138380 0 0 0 0 0 0 0 
_1.ptx 8037 : 849797 6858861 0 0 0 0 0 0 0 
_1.ptx 8038 : 849797 5154351 0 0 0 0 0 0 0 
_1.ptx 8056 : 849797 20863799 0 0 0 0 0 0 0 
_1.ptx 8057 : 849797 9493124 0 0 0 0 0 0 0 
_1.ptx 8058 : 849797 9406403 0 0 0 0 0 0 0 
_1.ptx 8059 : 849797 6037791 0 0 0 0 0 0 0 
_1.ptx 8060 : 849797 8691897 0 0 0 0 0 0 0 
_1.ptx 8061 : 849797 9407566 0 0 0 0 0 0 0 
_1.ptx 8062 : 849797 544729434 90958592 0 0 849797 52674 0 0 
_1.ptx 8064 : 849797 6846638 0 0 0 0 0 0 0 
_1.ptx 8065 : 849797 7692673 0 0 0 0 0 0 0 
_1.ptx 8066 : 849797 6843441 0 0 0 0 0 0 0 
_1.ptx 8067 : 849797 3177769 0 0 0 0 0 0 44350 
_1.ptx 8068 : 323686 2290217 0 0 0 0 0 0 0 
_1.ptx 8069 : 323686 2305558 0 0 0 0 0 0 0 
_1.ptx 8073 : 3529536 21463296 0 0 0 0 0 0 0 
_1.ptx 8074 : 3529536 28433536 0 0 0 0 0 0 0 
_1.ptx 8075 : 3529536 21310696 0 0 0 0 0 0 1084 
_1.ptx 8077 : 4305 30464 0 0 0 0 0 0 0 
_1.ptx 8078 : 4305 47456 0 0 0 0 0 0 0 
_1.ptx 8079 : 4305 765592 12160 0 0 1280 1084 0 0 
_1.ptx 8080 : 4305 26054 0 0 0 0 0 0 0 
_1.ptx 8081 : 4305 34642 0 0 0 0 0 0 0 
_1.ptx 8082 : 4305 169 0 0 0 0 0 0 28 
_1.ptx 8083 : 4277 166647 0 0 0 0 0 0 0 
_1.ptx 8084 : 4277 47335 0 0 0 0 0 0 0 
_1.ptx 8085 : 4277 452578 0 0 0 1280 1084 0 0 
_1.ptx 8086 : 4277 25895 0 0 0 0 0 0 0 
_1.ptx 8087 : 4277 34433 0 0 0 0 0 0 0 
_1.ptx 8088 : 4277 25971 0 0 0 0 0 0 0 
_1.ptx 8090 : 28 169 0 0 0 0 0 0 0 
_1.ptx 8091 : 28 171 0 0 0 0 0 0 0 
_1.ptx 8093 : 4277 118018 0 0 0 0 0 0 0 
_1.ptx 8094 : 4277 25861 0 0 0 0 0 0 0 
_1.ptx 8095 : 4277 34466 0 0 0 0 0 0 0 
_1.ptx 8096 : 4277 25886 0 0 0 0 0 0 0 
_1.ptx 8114 : 4277 128795 0 0 0 0 0 0 0 
_1.ptx 8115 : 4277 47232 0 0 0 0 0 0 0 
_1.ptx 8116 : 4277 47191 0 0 0 0 0 0 0 
_1.ptx 8117 : 4277 30322 0 0 0 0 0 0 0 
_1.ptx 8118 : 4277 43025 0 0 0 0 0 0 0 
_1.ptx 8119 : 4277 47315 0 0 0 0 0 0 0 
_1.ptx 8120 : 4277 1726190 469888 0 0 4277 1084 0 0 
_1.ptx 8122 : 4277 34508 0 0 0 0 0 0 0 
_1.ptx 8123 : 4277 38773 0 0 0 0 0 0 0 
_1.ptx 8124 : 4277 34408 0 0 0 0 0 0 0 
_1.ptx 8125 : 4277 22443 0 0 0 0 0 0 440 
_1.ptx 8126 : 568 4012 0 0 0 0 0 0 0 
_1.ptx 8127 : 568 4033 0 0 0 0 0 0 0 
_1.ptx 8131 : 3529536 21324448 0 0 0 0 0 0 0 
_1.ptx 8132 : 3529536 28409632 0 0 0 0 0 0 0 
_1.ptx 8133 : 3529536 21331904 0 0 0 0 0 0 0 
_1.ptx 8189 : 3529536 21331072 0 0 0 0 0 0 0 
_1.ptx 8190 : 3529536 28533344 0 0 0 0 0 0 0 
_1.ptx 8191 : 3529536 21349568 0 0 0 0 0 0 0 
