kernel line : count latency dram_traffic smem_bk_conflicts smem_warp gmem_access_generated gmem_warp exposed_latency warp_divergence
_1.ptx 134 : 65536 429504 0 0 0 0 0 0 0 
_1.ptx 135 : 65536 430464 0 0 0 0 0 0 0 
_1.ptx 136 : 65536 1275104 0 0 0 0 0 0 0 
_1.ptx 137 : 65536 703872 0 0 0 0 0 0 0 
_1.ptx 138 : 65536 4542240 128 0 0 0 0 0 0 
_1.ptx 139 : 65536 566784 0 0 0 0 0 0 0 
_1.ptx 140 : 65536 488704 0 0 0 0 0 0 0 
_1.ptx 141 : 65536 594240 0 0 0 0 0 0 0 
_1.ptx 142 : 65536 0 0 0 0 0 0 0 0 
_1.ptx 144 : 65536 798656 0 0 0 0 0 0 0 
_1.ptx 145 : 65536 782656 0 0 0 0 0 0 0 
_1.ptx 146 : 65536 761440 0 0 0 0 0 0 0 
_1.ptx 147 : 65536 551520 0 0 0 0 0 0 0 
_1.ptx 151 : 65536 205184 0 0 0 0 0 0 0 
_1.ptx 152 : 65536 725088 0 0 0 0 0 0 0 
_1.ptx 153 : 65536 491904 0 0 0 0 0 0 0 
_1.ptx 154 : 65536 577536 0 0 0 0 0 0 0 
_1.ptx 155 : 65536 501568 0 0 0 0 0 0 0 
_1.ptx 156 : 65536 0 0 0 0 0 0 0 0 
_1.ptx 157 : 65536 512864 0 0 0 0 0 0 0 
_1.ptx 158 : 65536 560224 0 0 0 0 0 0 0 
_1.ptx 159 : 65536 498496 0 0 0 0 0 0 0 
_1.ptx 160 : 65536 1287584 0 0 0 0 0 0 0 
_1.ptx 161 : 65536 527520 0 0 0 0 0 0 0 
_1.ptx 162 : 65536 1545152 0 0 0 0 0 0 0 
_1.ptx 163 : 65536 769440 0 0 0 0 0 0 0 
_1.ptx 164 : 65536 820192 0 0 0 0 0 0 0 
_1.ptx 165 : 65536 607360 0 0 0 0 0 0 0 
_1.ptx 166 : 65536 814240 0 0 0 0 0 0 0 
_1.ptx 167 : 65536 1512352 0 0 0 0 0 0 0 
_1.ptx 168 : 65536 626400 0 0 0 0 0 0 0 
_1.ptx 169 : 65536 786528 0 0 0 0 0 0 0 
_1.ptx 170 : 65536 1508704 0 0 0 0 0 0 0 
_1.ptx 171 : 65536 804704 0 0 0 0 0 0 0 
_1.ptx 172 : 65536 807072 0 0 0 0 0 0 0 
_1.ptx 173 : 65536 621600 0 0 0 0 0 0 0 
_1.ptx 174 : 65536 616224 0 0 0 0 0 0 0 
_1.ptx 175 : 65536 596000 0 0 0 0 0 0 0 
_1.ptx 176 : 65536 583552 0 0 0 0 0 0 0 
_1.ptx 177 : 65536 1405760 0 0 0 0 0 0 0 
_1.ptx 178 : 65536 1462112 0 0 0 0 0 0 0 
_1.ptx 179 : 65536 1479712 0 0 0 0 0 0 0 
_1.ptx 180 : 65536 1490400 0 0 0 0 0 0 0 
_1.ptx 181 : 65536 751008 0 0 0 0 0 0 0 
_1.ptx 182 : 65536 893216 0 0 0 0 0 0 0 
_1.ptx 183 : 65536 746560 0 0 0 0 0 0 0 
_1.ptx 184 : 65536 524320 0 0 0 0 0 0 0 
_1.ptx 188 : 655360 279322528 2378368 0 0 40960 20480 0 0 
_1.ptx 189 : 655360 22300000 0 20480 20480 0 0 0 0 
_1.ptx 190 : 655360 6642176 0 0 0 0 0 0 0 
_1.ptx 191 : 655360 7285408 0 0 0 0 0 0 0 
_1.ptx 192 : 655360 7285184 0 0 0 0 0 0 0 
_1.ptx 193 : 655360 5348064 0 0 0 0 0 0 0 
_1.ptx 194 : 655360 3630336 0 0 0 0 0 0 0 
_1.ptx 196 : 65536 407328 0 0 0 0 0 0 0 
_1.ptx 197 : 65536 404224 0 0 0 0 0 0 0 
_1.ptx 198 : 65536 531712 0 0 0 0 0 0 0 
_1.ptx 199 : 65536 400331 0 0 0 0 0 0 256 
_1.ptx 200 : 256 0 0 0 0 0 0 0 0 
_1.ptx 201 : 256 1831 0 0 0 0 0 0 0 
_1.ptx 202 : 256 1576 0 0 0 0 0 0 0 
_1.ptx 203 : 256 2869 0 0 0 0 0 0 0 
_1.ptx 204 : 256 1560 0 0 0 0 0 0 0 
_1.ptx 205 : 256 2892 0 0 0 0 0 0 0 
_1.ptx 206 : 256 2596 0 0 0 0 0 0 0 
_1.ptx 207 : 256 2847 0 0 0 0 0 0 0 
_1.ptx 208 : 256 1647 0 0 0 0 0 0 0 
_1.ptx 209 : 256 2840 0 0 0 0 0 0 0 
_1.ptx 210 : 256 2867 0 0 0 0 0 0 0 
_1.ptx 211 : 256 1851 0 0 0 0 0 0 0 
_1.ptx 212 : 256 2839 0 0 0 0 0 0 0 
_1.ptx 213 : 256 2870 0 0 0 0 0 0 0 
_1.ptx 214 : 256 2846 0 0 0 0 0 0 0 
_1.ptx 215 : 256 2847 0 0 0 0 0 0 0 
_1.ptx 216 : 256 1881 0 0 0 0 0 0 0 
_1.ptx 217 : 256 1858 0 0 0 0 0 0 0 
_1.ptx 218 : 256 1860 0 0 0 0 0 0 0 
_1.ptx 219 : 256 1848 0 0 0 0 0 0 0 
_1.ptx 220 : 256 2788 0 0 0 0 0 0 0 
_1.ptx 221 : 256 3130 0 0 0 0 0 0 0 
_1.ptx 222 : 256 3330 0 0 0 0 0 0 0 
_1.ptx 223 : 256 3605 0 0 0 0 0 0 0 
_1.ptx 224 : 256 2864 0 0 0 0 0 0 0 
_1.ptx 225 : 256 6998 0 0 0 0 0 0 0 
_1.ptx 226 : 256 2845 0 0 0 0 0 0 0 
_1.ptx 227 : 256 1943 0 0 0 0 0 0 0 
_1.ptx 231 : 2560 819654 7808 0 0 2560 2560 0 0 
_1.ptx 232 : 2560 78738 0 2560 2560 0 0 0 0 
_1.ptx 233 : 2560 25899 0 0 0 0 0 0 0 
_1.ptx 234 : 2560 28386 0 0 0 0 0 0 0 
_1.ptx 235 : 2560 28324 0 0 0 0 0 0 0 
_1.ptx 236 : 2560 20781 0 0 0 0 0 0 0 
_1.ptx 237 : 2560 14160 0 0 0 0 0 0 0 
_1.ptx 238 : 256 1614 0 0 0 0 0 0 0 
_1.ptx 240 : 65280 662552 0 0 0 0 0 0 0 
_1.ptx 241 : 65280 530484 0 0 0 0 0 0 0 
_1.ptx 242 : 65280 399237 0 0 0 0 0 0 256 
_1.ptx 243 : 256 0 0 0 0 0 0 0 0 
_1.ptx 244 : 256 1812 0 0 0 0 0 0 0 
_1.ptx 245 : 256 1568 0 0 0 0 0 0 0 
_1.ptx 246 : 256 2835 0 0 0 0 0 0 0 
_1.ptx 247 : 256 1546 0 0 0 0 0 0 0 
_1.ptx 248 : 256 2847 0 0 0 0 0 0 0 
_1.ptx 249 : 256 2640 0 0 0 0 0 0 0 
_1.ptx 250 : 256 2843 0 0 0 0 0 0 0 
_1.ptx 251 : 256 1643 0 0 0 0 0 0 0 
_1.ptx 252 : 256 2833 0 0 0 0 0 0 0 
_1.ptx 253 : 256 2839 0 0 0 0 0 0 0 
_1.ptx 254 : 256 1817 0 0 0 0 0 0 0 
_1.ptx 255 : 256 2839 0 0 0 0 0 0 0 
_1.ptx 256 : 256 2855 0 0 0 0 0 0 0 
_1.ptx 257 : 256 2830 0 0 0 0 0 0 0 
_1.ptx 258 : 256 2866 0 0 0 0 0 0 0 
_1.ptx 259 : 256 1869 0 0 0 0 0 0 0 
_1.ptx 260 : 256 1838 0 0 0 0 0 0 0 
_1.ptx 261 : 256 1818 0 0 0 0 0 0 0 
_1.ptx 262 : 256 1824 0 0 0 0 0 0 0 
_1.ptx 263 : 256 2606 0 0 0 0 0 0 0 
_1.ptx 264 : 256 2681 0 0 0 0 0 0 0 
_1.ptx 265 : 256 2823 0 0 0 0 0 0 0 
_1.ptx 266 : 256 2830 0 0 0 0 0 0 0 
_1.ptx 267 : 256 2829 0 0 0 0 0 0 0 
_1.ptx 268 : 256 1046 0 0 0 0 0 0 0 
_1.ptx 269 : 256 2842 0 0 0 0 0 0 0 
_1.ptx 270 : 256 1833 0 0 0 0 0 0 0 
_1.ptx 274 : 2560 319661 2432 0 0 2560 2560 0 0 
_1.ptx 275 : 2560 13648 0 2560 2560 0 0 0 0 
_1.ptx 276 : 2560 26674 0 0 0 0 0 0 0 
_1.ptx 277 : 2560 28940 0 0 0 0 0 0 0 
_1.ptx 278 : 2560 29066 0 0 0 0 0 0 0 
_1.ptx 279 : 2560 21920 0 0 0 0 0 0 0 
_1.ptx 280 : 2560 15022 0 0 0 0 0 0 0 
_1.ptx 285 : 65536 413152 0 0 0 0 0 0 0 
_1.ptx 286 : 65536 512128 0 0 0 0 0 0 0 
_1.ptx 287 : 65536 602688 0 0 0 0 0 0 0 
_1.ptx 288 : 65536 0 0 0 0 0 0 0 0 
_1.ptx 289 : 65536 582944 0 0 0 0 0 0 0 
_1.ptx 290 : 65536 526016 0 0 0 0 0 0 0 
_1.ptx 291 : 65536 1077600 0 0 0 0 0 0 0 
_1.ptx 292 : 65536 523072 0 0 0 0 0 0 0 
_1.ptx 293 : 65536 1306752 0 0 0 0 0 0 0 
_1.ptx 294 : 65536 745344 0 0 0 0 0 0 0 
_1.ptx 295 : 65536 1377632 0 0 0 0 0 0 0 
_1.ptx 296 : 65536 799680 0 0 0 0 0 0 0 
_1.ptx 297 : 65536 580192 0 0 0 0 0 0 0 
_1.ptx 298 : 65536 807712 0 0 0 0 0 0 0 
_1.ptx 299 : 65536 1447392 0 0 0 0 0 0 0 
_1.ptx 300 : 65536 765312 0 0 0 0 0 0 0 
_1.ptx 301 : 65536 802016 0 0 0 0 0 0 0 
_1.ptx 302 : 65536 778048 0 0 0 0 0 0 0 
_1.ptx 303 : 65536 782208 0 0 0 0 0 0 0 
_1.ptx 304 : 65536 822784 0 0 0 0 0 0 0 
_1.ptx 305 : 65536 635872 0 0 0 0 0 0 0 
_1.ptx 306 : 65536 624448 0 0 0 0 0 0 0 
_1.ptx 307 : 65536 1141600 0 0 0 0 0 0 0 
_1.ptx 308 : 65536 1165184 0 0 0 0 0 0 0 
_1.ptx 309 : 65536 616064 0 0 0 0 0 0 0 
_1.ptx 310 : 65536 799552 0 0 0 0 0 0 0 
_1.ptx 311 : 65536 1201792 0 0 0 0 0 0 0 
_1.ptx 312 : 65536 791776 0 0 0 0 0 0 0 
_1.ptx 313 : 65536 796832 0 0 0 0 0 0 0 
_1.ptx 314 : 65536 607904 0 0 0 0 0 0 0 
_1.ptx 315 : 65536 1165472 0 0 0 0 0 0 0 
_1.ptx 316 : 65536 794496 0 0 0 0 0 0 0 
_1.ptx 317 : 65536 796256 0 0 0 0 0 0 0 
_1.ptx 318 : 65536 795520 0 0 0 0 0 0 0 
_1.ptx 319 : 65536 597824 0 0 0 0 0 0 0 
_1.ptx 320 : 65536 1093184 0 0 0 0 0 0 0 
_1.ptx 321 : 65536 779424 0 0 0 0 0 0 0 
_1.ptx 322 : 65536 234272 0 0 0 0 0 0 0 
_1.ptx 323 : 65536 1093952 0 0 0 0 0 0 0 
_1.ptx 324 : 65536 773728 0 0 0 0 0 0 0 
_1.ptx 325 : 65536 564512 0 0 0 0 0 0 0 
_1.ptx 326 : 65536 1010368 0 0 0 0 0 0 0 
_1.ptx 327 : 65536 762720 0 0 0 0 0 0 0 
_1.ptx 328 : 65536 251520 0 0 0 0 0 0 0 
_1.ptx 329 : 65536 258752 0 0 0 0 0 0 0 
_1.ptx 330 : 65536 248448 0 0 0 0 0 0 0 
_1.ptx 331 : 65536 540768 0 0 0 0 0 0 0 
_1.ptx 335 : 524288 5537568 0 16384 16384 0 0 0 0 
_1.ptx 336 : 524288 5569600 0 16384 16384 0 0 0 0 
_1.ptx 337 : 524288 5842496 0 16384 16384 0 0 0 0 
_1.ptx 338 : 524288 6203328 0 16384 16384 0 0 0 0 
_1.ptx 339 : 524288 6000352 0 0 0 0 0 0 0 
_1.ptx 340 : 524288 6025120 0 0 0 0 0 0 0 
_1.ptx 341 : 524288 6028320 0 0 0 0 0 0 0 
_1.ptx 342 : 524288 6051328 0 0 0 0 0 0 0 
_1.ptx 343 : 524288 6461600 0 16384 16384 0 0 0 0 
_1.ptx 344 : 524288 4992832 0 0 0 0 0 0 0 
_1.ptx 345 : 524288 5575552 0 16384 16384 0 0 0 0 
_1.ptx 346 : 524288 5719552 0 16384 16384 0 0 0 0 
_1.ptx 347 : 524288 6058720 0 16384 16384 0 0 0 0 
_1.ptx 348 : 524288 6307584 0 16384 16384 0 0 0 0 
_1.ptx 349 : 524288 6011360 0 0 0 0 0 0 0 
_1.ptx 350 : 524288 6060640 0 0 0 0 0 0 0 
_1.ptx 351 : 524288 6050144 0 0 0 0 0 0 0 
_1.ptx 352 : 524288 5027616 0 0 0 0 0 0 0 
_1.ptx 353 : 524288 12540000 1676032 0 0 32768 16384 0 0 
_1.ptx 354 : 524288 5571232 0 0 0 0 0 0 0 
_1.ptx 355 : 524288 6019520 0 0 0 0 0 0 0 
_1.ptx 356 : 524288 6053504 0 0 0 0 0 0 0 
_1.ptx 357 : 524288 6040800 0 0 0 0 0 0 0 
_1.ptx 358 : 524288 6056160 0 0 0 0 0 0 0 
_1.ptx 359 : 524288 4652960 0 0 0 0 0 0 0 
_1.ptx 360 : 524288 3172288 0 0 0 0 0 0 0 
_1.ptx 363 : 65536 432768 0 0 0 0 0 0 0 
