kernel line : count latency dram_traffic smem_bk_conflicts smem_warp gmem_access_generated gmem_warp exposed_latency warp_divergence
_1.ptx 823 : 509868 2999097 0 0 0 0 0 0 1125 
_1.ptx 825 : 74702 580824 0 0 0 0 0 0 0 
_1.ptx 827 : 74702 606196 0 0 0 0 0 0 0 
_1.ptx 829 : 509868 5513029 0 0 0 0 0 0 0 
_1.ptx 830 : 509868 5566630 0 0 0 0 0 0 0 
_1.ptx 831 : 509868 3762383 0 0 0 0 0 0 0 
_1.ptx 832 : 509868 4438407 0 0 0 0 0 0 0 
_1.ptx 833 : 509868 2616759 0 0 0 0 0 0 0 
_1.ptx 834 : 127467 883879 0 0 0 0 0 0 0 
_1.ptx 835 : 127467 1091021 0 0 0 0 0 0 0 
_1.ptx 836 : 127467 1005802 0 0 0 0 0 0 0 
_1.ptx 837 : 127467 874520 0 0 0 0 0 0 0 
_1.ptx 838 : 127467 1087010 0 0 0 0 0 0 0 
_1.ptx 839 : 127467 991306 0 0 0 0 0 0 0 
_1.ptx 840 : 127467 1092666 0 0 0 0 0 0 0 
_1.ptx 841 : 127467 873299 0 0 0 0 0 0 0 
_1.ptx 842 : 127467 1081985 0 0 0 0 0 0 0 
_1.ptx 843 : 127467 425776 0 0 0 0 0 0 631 
_1.ptx 845 : 62282 667211 0 0 0 0 0 0 0 
_1.ptx 847 : 62282 496735 0 0 0 0 0 0 0 
_1.ptx 848 : 62282 474294 0 0 0 0 0 0 0 
_1.ptx 849 : 62282 784772 0 0 0 0 0 0 0 
_1.ptx 850 : 62282 707856 0 0 0 0 0 0 0 
_1.ptx 851 : 62282 288121 0 0 0 2349 2349 0 0 
_1.ptx 852 : 62282 289514 0 0 0 2349 2349 0 0 
_1.ptx 853 : 62282 287286 0 0 0 2544 2349 0 0 
_1.ptx 854 : 62282 294551 0 0 0 2544 2349 0 0 
_1.ptx 855 : 62282 283386 0 0 0 2544 2349 0 0 
_1.ptx 856 : 62282 290052 0 0 0 2544 2349 0 0 
_1.ptx 857 : 62282 286978 0 0 0 2544 2349 0 0 
_1.ptx 859 : 62282 698173 0 0 0 0 0 0 0 
_1.ptx 860 : 62282 700505 0 0 0 0 0 0 0 
_1.ptx 861 : 62282 699704 0 0 0 0 0 0 0 
_1.ptx 862 : 62282 711483 0 0 0 0 0 0 0 
_1.ptx 863 : 62282 720058 0 0 0 0 0 0 0 
_1.ptx 864 : 62282 711587 0 0 0 0 0 0 0 
_1.ptx 865 : 62282 343331 0 0 0 2544 2349 0 0 
_1.ptx 866 : 62282 426120 0 0 0 0 0 0 0 
_1.ptx 867 : 62282 529235 0 0 0 0 0 0 0 
_1.ptx 868 : 62282 124036 0 0 0 0 0 0 305 
_1.ptx 870 : 43133 298151 0 0 0 0 0 0 0 
_1.ptx 871 : 43133 297371 0 0 0 0 0 0 0 
_1.ptx 872 : 43133 298917 0 0 0 0 0 0 0 
_1.ptx 873 : 43133 292405 0 0 0 0 0 0 0 
_1.ptx 875 : 19149 65721 0 0 0 0 0 0 0 
_1.ptx 876 : 19149 218374 0 0 0 0 0 0 0 
_1.ptx 877 : 19149 217447 0 0 0 0 0 0 0 
_1.ptx 878 : 19149 220227 0 0 0 0 0 0 0 
_1.ptx 879 : 19149 221900 0 0 0 0 0 0 0 
_1.ptx 880 : 19149 224266 0 0 0 0 0 0 0 
_1.ptx 881 : 19149 181912 0 0 0 0 0 0 0 
_1.ptx 882 : 19149 182468 0 0 0 0 0 0 0 
_1.ptx 883 : 19149 598035 0 0 0 0 0 0 0 
_1.ptx 884 : 19149 225715 0 0 0 0 0 0 0 
_1.ptx 885 : 19149 225370 0 0 0 0 0 0 0 
_1.ptx 886 : 19149 227555 0 0 0 0 0 0 0 
_1.ptx 888 : 62282 721718 0 0 0 0 0 0 0 
_1.ptx 889 : 62282 720464 0 0 0 0 0 0 0 
_1.ptx 890 : 62282 736005 0 0 0 0 0 0 0 
_1.ptx 891 : 62282 745188 0 0 0 0 0 0 0 
_1.ptx 892 : 62282 603259 0 0 0 0 0 0 0 
_1.ptx 893 : 62282 594469 0 0 0 0 0 0 0 
_1.ptx 894 : 62282 1984955 0 0 0 0 0 0 0 
_1.ptx 895 : 62282 711160 0 0 0 0 0 0 0 
_1.ptx 896 : 62282 709046 0 0 0 0 0 0 0 
_1.ptx 897 : 62282 717557 0 0 0 0 0 0 0 
_1.ptx 898 : 62282 706100 0 0 0 0 0 0 0 
_1.ptx 899 : 62282 587596 0 0 0 0 0 0 0 
_1.ptx 900 : 62282 590589 0 0 0 0 0 0 0 
_1.ptx 901 : 62282 412591 0 0 0 0 0 0 0 
_1.ptx 902 : 62282 531893 0 0 0 0 0 0 0 
_1.ptx 903 : 62282 420828 0 0 0 0 0 0 0 
_1.ptx 910 : 62282 477145 0 0 0 0 0 0 0 
_1.ptx 911 : 62282 480238 0 0 0 0 0 0 0 
_1.ptx 912 : 62282 491255 0 0 0 0 0 0 0 
_1.ptx 915 : 62282 433575 0 0 0 0 0 0 0 
_1.ptx 916 : 62282 714225 0 0 0 0 0 0 0 
_1.ptx 917 : 62282 479562 0 0 0 0 0 0 0 
_1.ptx 918 : 62282 907728 0 0 0 0 0 0 0 
_1.ptx 919 : 62282 702333 0 0 0 0 0 0 0 
_1.ptx 920 : 62282 483881 18400 0 0 0 0 0 0 
_1.ptx 921 : 62282 398627 0 0 0 0 0 0 0 
_1.ptx 922 : 62282 701825 0 0 0 0 0 0 0 
_1.ptx 923 : 62282 663891 37696 0 0 0 0 0 0 
_1.ptx 924 : 62282 397631 0 0 0 0 0 0 0 
_1.ptx 925 : 62282 702520 0 0 0 0 0 0 0 
_1.ptx 926 : 62282 886657 24064 0 0 0 0 0 0 
_1.ptx 927 : 62282 394814 0 0 0 0 0 0 0 
_1.ptx 928 : 62282 702884 0 0 0 0 0 0 0 
_1.ptx 929 : 62282 934775 18464 0 0 0 0 0 0 
_1.ptx 931 : 62282 397946 0 0 0 0 0 0 0 
_1.ptx 932 : 62282 707342 0 0 0 0 0 0 0 
_1.ptx 933 : 62282 407170 0 0 0 0 0 0 0 
_1.ptx 934 : 62282 705676 0 0 0 0 0 0 0 
_1.ptx 935 : 62282 393695 0 0 0 0 0 0 0 
_1.ptx 936 : 62282 707976 0 0 0 0 0 0 0 
_1.ptx 937 : 62282 735191 0 0 0 0 0 0 0 
_1.ptx 938 : 62282 592909 0 0 0 0 0 0 0 
_1.ptx 939 : 62282 586805 0 0 0 0 0 0 0 
_1.ptx 940 : 62282 2275425 0 0 0 0 0 0 0 
_1.ptx 941 : 62282 728987 0 0 0 0 0 0 0 
_1.ptx 942 : 62282 731299 0 0 0 0 0 0 0 
_1.ptx 943 : 62282 740434 0 0 0 0 0 0 0 
_1.ptx 944 : 62282 734122 0 0 0 0 0 0 0 
_1.ptx 945 : 62282 592061 0 0 0 0 0 0 0 
_1.ptx 946 : 62282 591573 0 0 0 0 0 0 0 
_1.ptx 947 : 62282 421839 0 0 0 0 0 0 0 
_1.ptx 948 : 62282 532625 0 0 0 0 0 0 0 
_1.ptx 949 : 62282 36069 0 0 0 0 0 0 318 
_1.ptx 951 : 56815 437038 0 0 0 0 0 0 0 
_1.ptx 952 : 56815 351253 0 0 0 0 0 0 0 
_1.ptx 955 : 220903 979180 0 0 0 8579 8579 0 0 
_1.ptx 956 : 220903 991135 128 0 0 8579 8579 0 0 
_1.ptx 957 : 220903 969468 0 0 0 8579 8579 0 0 
_1.ptx 958 : 220903 971069 0 0 0 8579 8579 0 0 
_1.ptx 959 : 220903 1446473 0 0 0 0 0 0 0 
_1.ptx 960 : 220903 1873019 0 0 0 0 0 0 0 
_1.ptx 961 : 220903 1116132 0 0 0 0 0 0 0 
_1.ptx 963 : 56815 427974 0 0 0 0 0 0 0 
_1.ptx 964 : 56815 371129 0 0 0 0 0 0 0 
_1.ptx 965 : 56815 472493 0 0 0 0 0 0 0 
_1.ptx 966 : 56815 361113 0 0 0 0 0 0 0 
_1.ptx 971 : 56815 358889 0 0 0 0 0 0 0 
_1.ptx 972 : 56815 524901 0 0 0 0 0 0 0 
_1.ptx 973 : 56815 634318 0 0 0 0 0 0 0 
_1.ptx 974 : 56815 3204232 0 0 0 0 0 0 0 
_1.ptx 976 : 56815 357088 0 0 0 0 0 0 0 
_1.ptx 977 : 56815 361353 0 0 0 0 0 0 0 
_1.ptx 978 : 56815 480271 0 0 0 0 0 0 0 
_1.ptx 979 : 56815 525312 0 0 0 0 0 0 0 
_1.ptx 982 : 56815 425220 0 0 0 0 0 0 0 
_1.ptx 983 : 56815 370423 0 0 0 0 0 0 0 
_1.ptx 986 : 164088 739052 0 0 0 6402 6402 0 0 
_1.ptx 987 : 164088 620266 0 0 0 0 0 0 0 
_1.ptx 988 : 164088 1921224 0 0 0 0 0 0 0 
_1.ptx 989 : 164088 1125050 0 0 0 0 0 0 0 
_1.ptx 990 : 164088 1932972 0 0 0 0 0 0 0 
_1.ptx 991 : 164088 1155548 0 0 0 0 0 0 0 
_1.ptx 992 : 164088 1938482 0 0 0 0 0 0 0 
_1.ptx 993 : 164088 1183088 0 0 0 0 0 0 0 
_1.ptx 994 : 164088 1930762 0 0 0 0 0 0 0 
_1.ptx 995 : 164088 1934085 0 0 0 0 0 0 0 
_1.ptx 996 : 164088 1977556 0 0 0 0 0 0 0 
_1.ptx 997 : 164088 1963079 0 0 0 0 0 0 0 
_1.ptx 998 : 164088 1974556 0 0 0 0 0 0 0 
_1.ptx 999 : 164088 1974666 0 0 0 0 0 0 0 
_1.ptx 1000 : 164088 1983745 0 0 0 0 0 0 0 
_1.ptx 1001 : 164088 2001405 0 0 0 0 0 0 0 
_1.ptx 1002 : 164088 1650328 0 0 0 0 0 0 0 
_1.ptx 1003 : 164088 1644994 0 0 0 0 0 0 0 
_1.ptx 1004 : 164088 1968541 0 0 0 0 0 0 0 
_1.ptx 1005 : 164088 1622825 0 0 0 0 0 0 0 
_1.ptx 1006 : 164088 1625307 0 0 0 0 0 0 0 
_1.ptx 1007 : 164088 1988752 0 0 0 0 0 0 0 
_1.ptx 1008 : 164088 1477531 0 0 0 0 0 0 0 
_1.ptx 1009 : 164088 1361634 0 0 0 0 0 0 0 
_1.ptx 1010 : 164088 1153255 0 0 0 0 0 0 0 
_1.ptx 1011 : 164088 1438017 0 0 0 0 0 0 0 
_1.ptx 1012 : 164088 1331311 0 0 0 0 0 0 0 
_1.ptx 1013 : 164088 1448116 0 0 0 0 0 0 0 
_1.ptx 1014 : 164088 1173670 0 0 0 0 0 0 0 
_1.ptx 1015 : 164088 1440748 0 0 0 0 0 0 0 
_1.ptx 1016 : 164088 804821 0 0 0 0 0 0 965 
_1.ptx 1017 : 50431 363163 0 0 0 0 0 0 0 
_1.ptx 1018 : 50431 358440 0 0 0 0 0 0 0 
_1.ptx 1020 : 113657 1335193 0 0 0 0 0 0 0 
_1.ptx 1021 : 113657 1329737 0 0 0 0 0 0 0 
_1.ptx 1022 : 113657 998539 0 0 0 0 0 0 0 
_1.ptx 1023 : 113657 43825 0 0 0 0 0 0 344 
_1.ptx 1024 : 107587 780299 0 0 0 0 0 0 0 
_1.ptx 1025 : 107587 781387 0 0 0 0 0 0 0 
_1.ptx 1028 : 6070 70357 0 0 0 0 0 0 0 
_1.ptx 1029 : 6070 105724 0 0 0 0 0 0 0 
_1.ptx 1030 : 6070 71086 0 0 0 0 0 0 0 
_1.ptx 1031 : 6070 72647 0 0 0 0 0 0 0 
_1.ptx 1032 : 6070 58408 0 0 0 0 0 0 0 
_1.ptx 1036 : 164088 1326285 0 0 0 0 0 0 0 
_1.ptx 1039 : 220903 1537786 0 0 0 0 0 0 0 
_1.ptx 1040 : 220903 1895798 0 0 0 0 0 0 0 
_1.ptx 1041 : 220903 1463853 0 0 0 0 0 0 370 
_1.ptx 1042 : 6068 70859 0 0 0 0 0 0 0 
_1.ptx 1043 : 6068 71040 0 0 0 0 0 0 0 
_1.ptx 1044 : 6068 72406 0 0 0 0 0 0 0 
_1.ptx 1045 : 6068 72274 0 0 0 0 0 0 0 
_1.ptx 1046 : 6068 72358 0 0 0 0 0 0 0 
_1.ptx 1047 : 6068 73139 0 0 0 0 0 0 0 
_1.ptx 1048 : 6068 75376 0 0 0 0 0 0 0 
_1.ptx 1049 : 6068 60855 0 0 0 0 0 0 0 
_1.ptx 1050 : 6068 60039 0 0 0 0 0 0 0 
_1.ptx 1051 : 6068 54814 0 0 0 0 0 0 0 
_1.ptx 1052 : 6068 44336 0 0 0 0 0 0 0 
_1.ptx 1057 : 220903 2363841 0 0 0 0 0 0 0 
_1.ptx 1058 : 220903 2376447 0 0 0 0 0 0 0 
_1.ptx 1059 : 220903 1660174 0 0 0 0 0 0 0 
_1.ptx 1060 : 220903 1907489 0 0 0 0 0 0 0 
_1.ptx 1061 : 220903 362552 0 0 0 0 0 0 0 
_1.ptx 1062 : 169119 1190273 0 0 0 0 0 0 0 
_1.ptx 1063 : 169119 1438914 0 0 0 0 0 0 0 
_1.ptx 1064 : 169119 1114220 0 0 0 0 0 0 295 
_1.ptx 1065 : 5031 34486 0 0 0 0 0 0 0 
_1.ptx 1067 : 51784 359123 0 0 0 0 0 0 0 
_1.ptx 1068 : 51784 449036 0 0 0 0 0 0 0 
_1.ptx 1071 : 56815 41767 0 0 0 0 0 0 318 
_1.ptx 1073 : 50745 589365 0 0 0 0 0 0 0 
_1.ptx 1074 : 50745 599232 0 0 0 0 0 0 0 
_1.ptx 1075 : 50745 599922 0 0 0 0 0 0 0 
_1.ptx 1076 : 50745 621601 0 0 0 0 0 0 0 
_1.ptx 1077 : 50745 496307 0 0 0 0 0 0 0 
_1.ptx 1078 : 50745 491529 0 0 0 0 0 0 0 
_1.ptx 1079 : 50745 1359063 0 0 0 0 0 0 0 
_1.ptx 1081 : 50745 359048 0 0 0 0 0 0 0 
_1.ptx 1082 : 50745 1070773 0 0 0 0 0 0 0 
_1.ptx 1083 : 50745 401215 0 0 0 0 0 0 0 
_1.ptx 1084 : 50745 724259 0 0 0 0 0 0 0 
_1.ptx 1085 : 50745 641636 0 0 0 0 0 0 0 
_1.ptx 1086 : 50745 589672 0 0 0 0 0 0 0 
_1.ptx 1087 : 50745 279651 128 0 0 0 0 0 0 
_1.ptx 1088 : 50745 341310 0 0 0 0 0 0 0 
_1.ptx 1089 : 50745 575159 0 0 0 0 0 0 0 
_1.ptx 1090 : 50745 580245 0 0 0 0 0 0 0 
_1.ptx 1091 : 50745 579887 0 0 0 0 0 0 0 
_1.ptx 1092 : 50745 302532 0 0 0 0 0 0 0 
_1.ptx 1093 : 50745 335719 0 0 0 0 0 0 0 
_1.ptx 1094 : 50745 579260 0 0 0 0 0 0 0 
_1.ptx 1095 : 50745 582736 0 0 0 0 0 0 0 
_1.ptx 1096 : 50745 586997 0 0 0 0 0 0 0 
_1.ptx 1097 : 50745 586315 0 0 0 0 0 0 0 
_1.ptx 1098 : 50745 342376 0 0 0 0 0 0 0 
_1.ptx 1099 : 50745 586967 0 0 0 0 0 0 0 
_1.ptx 1100 : 50745 483410 0 0 0 0 0 0 0 
_1.ptx 1101 : 50745 667863 128 0 0 0 0 0 0 
_1.ptx 1103 : 50745 579550 0 0 0 0 0 0 0 
_1.ptx 1104 : 50745 583650 0 0 0 0 0 0 0 
_1.ptx 1105 : 50745 583569 0 0 0 0 0 0 0 
_1.ptx 1106 : 50745 494709 0 0 0 0 0 0 0 
_1.ptx 1107 : 50745 605765 0 0 0 0 0 0 0 
_1.ptx 1108 : 50745 504209 0 0 0 0 0 0 0 
_1.ptx 1109 : 50745 375274 0 0 0 0 0 0 0 
_1.ptx 1110 : 50745 1097306 0 0 0 0 0 0 0 
_1.ptx 1111 : 50745 414334 0 0 0 0 0 0 0 
_1.ptx 1112 : 50745 1092992 0 0 0 0 0 0 0 
_1.ptx 1113 : 50745 417142 0 0 0 0 0 0 0 
_1.ptx 1114 : 50745 455059 0 0 0 0 0 0 0 
_1.ptx 1115 : 50745 360405 0 0 0 0 0 0 0 
_1.ptx 1121 : 50745 401899 0 0 0 0 0 0 0 
_1.ptx 1122 : 50745 356333 0 0 0 0 0 0 0 
_1.ptx 1123 : 50745 426712 0 0 0 0 0 0 0 
_1.ptx 1124 : 50745 0 0 0 0 0 0 0 0 
_1.ptx 1125 : 50745 316936 0 0 0 0 0 0 0 
_1.ptx 1133 : 50745 316094 0 0 0 0 0 0 0 
_1.ptx 1134 : 50745 417308 0 0 0 0 0 0 0 
_1.ptx 1135 : 50745 326119 0 0 0 0 0 0 0 
_1.ptx 1140 : 50745 320878 0 0 0 0 0 0 0 
_1.ptx 1141 : 50745 419593 0 0 0 0 0 0 0 
_1.ptx 1142 : 50745 325623 0 0 0 0 0 0 0 
_1.ptx 1157 : 50745 321957 0 0 0 0 0 0 0 
_1.ptx 1158 : 50745 421011 0 0 0 0 0 0 0 
_1.ptx 1159 : 50745 321371 0 0 0 0 0 0 0 
_1.ptx 1181 : 50745 319645 0 0 0 0 0 0 0 
_1.ptx 1182 : 50745 420711 0 0 0 0 0 0 0 
_1.ptx 1183 : 50745 322400 0 0 0 0 0 0 0 
_1.ptx 1196 : 50745 368511 0 0 0 0 0 0 0 
_1.ptx 1197 : 50745 371372 0 0 0 0 0 0 0 
_1.ptx 1198 : 50745 375228 0 0 0 0 0 0 0 
_1.ptx 1199 : 50745 378854 0 0 0 0 0 0 0 
_1.ptx 1200 : 50745 336317 0 0 0 0 0 0 0 
_1.ptx 1201 : 50745 421227 0 0 0 0 0 0 0 
_1.ptx 1202 : 50745 326009 0 0 0 0 0 0 0 
_1.ptx 1213 : 50745 412821 0 0 0 0 0 0 0 
_1.ptx 1216 : 50745 566836 0 0 0 0 0 0 0 
_1.ptx 1218 : 50745 423199 0 0 0 0 0 0 0 
_1.ptx 1219 : 50745 382882 0 0 0 0 0 0 0 
_1.ptx 1220 : 50745 383932 0 0 0 0 0 0 0 
_1.ptx 1221 : 50745 391521 0 0 0 0 0 0 0 
_1.ptx 1222 : 50745 345825 0 0 0 0 0 0 0 
_1.ptx 1223 : 50745 430958 0 0 0 0 0 0 0 
_1.ptx 1224 : 50745 208160 0 0 0 0 0 0 727 
_1.ptx 1226 : 21083 151728 0 0 0 0 0 0 0 
_1.ptx 1227 : 21083 248018 0 0 0 0 0 0 0 
_1.ptx 1229 : 21083 239487 0 0 0 0 0 0 0 
_1.ptx 1232 : 50745 384243 0 0 0 0 0 0 0 
_1.ptx 1233 : 50745 588769 0 0 0 0 0 0 0 
_1.ptx 1234 : 50745 320759 0 0 0 0 0 0 0 
_1.ptx 1235 : 50745 583967 0 0 0 0 0 0 0 
_1.ptx 1236 : 50745 611479 0 0 0 0 0 0 0 
_1.ptx 1237 : 50745 471948 0 0 0 0 0 0 0 
_1.ptx 1238 : 50745 2154372 0 0 0 0 0 0 0 
_1.ptx 1239 : 50745 403979 0 0 0 0 0 0 0 
_1.ptx 1240 : 50745 599301 0 0 0 0 0 0 0 
_1.ptx 1241 : 50745 395451 0 0 0 0 0 0 0 
_1.ptx 1242 : 50745 399060 0 0 0 0 0 0 0 
_1.ptx 1243 : 50745 396927 0 0 0 0 0 0 0 
_1.ptx 1244 : 50745 396590 0 0 0 0 0 0 0 
_1.ptx 1245 : 50745 401418 0 0 0 0 0 0 0 
_1.ptx 1246 : 50745 582397 0 0 0 0 0 0 0 
_1.ptx 1247 : 50745 582667 0 0 0 0 0 0 0 
_1.ptx 1248 : 50745 593411 0 0 0 0 0 0 0 
_1.ptx 1249 : 50745 475413 0 0 0 0 0 0 0 
_1.ptx 1250 : 50745 472677 0 0 0 0 0 0 0 
_1.ptx 1252 : 50745 608596 0 0 0 0 0 0 0 
_1.ptx 1253 : 50745 638252 0 0 0 0 0 0 0 
_1.ptx 1254 : 50745 432319 0 0 0 0 0 0 0 
_1.ptx 1255 : 50745 435731 0 0 0 0 0 0 0 
_1.ptx 1256 : 50745 516934 0 0 0 0 0 0 0 
_1.ptx 1257 : 50745 388406 0 0 0 0 0 0 0 
_1.ptx 1258 : 50745 505095 0 0 0 0 0 0 0 
_1.ptx 1259 : 50745 614999 0 0 0 0 0 0 0 
_1.ptx 1260 : 50745 619475 0 0 0 0 0 0 0 
_1.ptx 1261 : 50745 610225 0 0 0 0 0 0 0 
_1.ptx 1262 : 50745 601154 0 0 0 0 0 0 0 
_1.ptx 1263 : 50745 598414 0 0 0 0 0 0 0 
_1.ptx 1264 : 50745 591452 0 0 0 0 0 0 0 
_1.ptx 1265 : 50745 589504 0 0 0 0 0 0 0 
_1.ptx 1266 : 50745 583848 0 0 0 0 0 0 0 
_1.ptx 1267 : 50745 566261 0 0 0 0 0 0 0 
_1.ptx 1269 : 50745 571337 0 0 0 0 0 0 0 
_1.ptx 1271 : 50745 582186 0 0 0 0 0 0 0 
_1.ptx 1272 : 50745 617359 0 0 0 0 0 0 0 
_1.ptx 1274 : 50745 469430 0 0 0 0 0 0 0 
_1.ptx 1275 : 50745 423040 0 0 0 0 0 0 0 
_1.ptx 1276 : 50745 620336 0 0 0 0 0 0 0 
_1.ptx 1277 : 50745 621761 0 0 0 0 0 0 0 
_1.ptx 1279 : 50745 405405 0 0 0 0 0 0 0 
_1.ptx 1280 : 50745 615423 0 0 0 0 0 0 0 
_1.ptx 1281 : 50745 617037 0 0 0 0 0 0 0 
_1.ptx 1282 : 50745 602554 0 0 0 0 0 0 0 
_1.ptx 1283 : 50745 596993 0 0 0 0 0 0 0 
_1.ptx 1284 : 50745 590005 0 0 0 0 0 0 0 
_1.ptx 1286 : 50745 589300 0 0 0 0 0 0 0 
_1.ptx 1288 : 50745 348466 0 0 0 0 0 0 0 
_1.ptx 1289 : 50745 582219 0 0 0 0 0 0 0 
_1.ptx 1290 : 50745 591043 0 0 0 0 0 0 0 
_1.ptx 1291 : 50745 458623 0 0 0 0 0 0 0 
_1.ptx 1292 : 50745 631897 0 0 0 0 0 0 0 
_1.ptx 1293 : 50745 402886 0 0 0 0 0 0 0 
_1.ptx 1294 : 50745 490859 0 0 0 0 0 0 0 
_1.ptx 1295 : 50745 356373 0 0 0 0 0 0 0 
_1.ptx 1296 : 50745 487907 0 0 0 0 0 0 0 
_1.ptx 1297 : 50745 347887 0 0 0 0 0 0 0 
_1.ptx 1298 : 50745 490597 0 0 0 0 0 0 0 
_1.ptx 1299 : 50745 348702 0 0 0 0 0 0 0 
_1.ptx 1300 : 50745 486539 0 0 0 0 0 0 0 
_1.ptx 1301 : 50745 596538 0 0 0 0 0 0 0 
_1.ptx 1303 : 50745 408689 0 0 0 0 0 0 0 
_1.ptx 1304 : 50745 588136 0 0 0 0 0 0 0 
_1.ptx 1305 : 50745 582104 0 0 0 0 0 0 0 
_1.ptx 1307 : 50745 375695 0 0 0 0 0 0 0 
_1.ptx 1308 : 50745 381292 0 0 0 0 0 0 0 
_1.ptx 1309 : 50745 395852 0 0 0 0 0 0 0 
_1.ptx 1310 : 50745 350922 0 0 0 0 0 0 0 
_1.ptx 1311 : 50745 420063 0 0 0 0 0 0 0 
_1.ptx 1312 : 50745 320312 0 0 0 0 0 0 0 
_1.ptx 1321 : 50745 375853 0 0 0 0 0 0 0 
_1.ptx 1322 : 50745 337043 0 0 0 0 0 0 0 
_1.ptx 1323 : 50745 569945 0 0 0 0 0 0 0 
_1.ptx 1324 : 50745 397407 0 0 0 0 0 0 0 
_1.ptx 1325 : 50745 360827 0 0 0 0 0 0 0 
_1.ptx 1326 : 50745 363691 0 0 0 0 0 0 0 
_1.ptx 1327 : 50745 2337201 0 0 0 0 0 0 0 
_1.ptx 1328 : 50745 313184 0 0 0 0 0 0 0 
_1.ptx 1329 : 50745 323867 0 0 0 0 0 0 0 
_1.ptx 1330 : 50745 474314 0 0 0 0 0 0 0 
_1.ptx 1331 : 50745 485651 0 0 0 0 0 0 0 
_1.ptx 1332 : 50745 347506 0 0 0 0 0 0 0 
_1.ptx 1333 : 50745 652431 0 0 0 0 0 0 0 
_1.ptx 1334 : 50745 3284718 0 0 0 0 0 0 0 
_1.ptx 1335 : 50745 585440 0 0 0 0 0 0 0 
_1.ptx 1336 : 50745 323077 0 0 0 0 0 0 0 
_1.ptx 1337 : 50745 431526 0 0 0 0 0 0 0 
_1.ptx 1338 : 50745 472526 0 0 0 0 0 0 0 
_1.ptx 1339 : 50745 328728 0 0 0 0 0 0 0 
_1.ptx 1340 : 50745 426062 0 0 0 0 0 0 0 
_1.ptx 1341 : 50745 467913 0 0 0 0 0 0 0 
_1.ptx 1343 : 50745 375704 0 0 0 0 0 0 0 
_1.ptx 1344 : 50745 316881 0 0 0 0 0 0 0 
_1.ptx 1345 : 50745 424771 0 0 0 0 0 0 0 
_1.ptx 1346 : 50745 0 0 0 0 0 0 0 0 
_1.ptx 1348 : 50745 482192 0 0 0 0 0 0 0 
_1.ptx 1351 : 50745 413742 0 0 0 0 0 0 0 
_1.ptx 1352 : 50745 362791 0 0 0 0 0 0 0 
_1.ptx 1353 : 50745 407698 0 0 0 0 0 0 0 
_1.ptx 1354 : 50745 410160 0 0 0 0 0 0 0 
_1.ptx 1355 : 50745 363167 0 0 0 0 0 0 0 
_1.ptx 1356 : 50745 606871 0 0 0 0 0 0 0 
_1.ptx 1357 : 50745 596906 0 0 0 0 0 0 0 
_1.ptx 1358 : 50745 415438 0 0 0 0 0 0 0 
_1.ptx 1359 : 50745 356774 0 0 0 0 0 0 0 
_1.ptx 1360 : 50745 437777 0 0 0 0 0 0 0 
_1.ptx 1361 : 50745 393447 0 0 0 0 0 0 0 
_1.ptx 1362 : 50745 426261 0 0 0 0 0 0 0 
_1.ptx 1363 : 50745 313683 0 0 0 0 0 0 0 
_1.ptx 1364 : 50745 419023 0 0 0 0 0 0 0 
_1.ptx 1365 : 50745 320869 0 0 0 0 0 0 0 
_1.ptx 1372 : 50745 377256 0 0 0 0 0 0 0 
_1.ptx 1375 : 50745 331829 0 0 0 0 0 0 0 
_1.ptx 1376 : 50745 569718 0 0 0 0 0 0 0 
_1.ptx 1377 : 50745 573709 0 0 0 0 0 0 0 
_1.ptx 1378 : 50745 487976 0 0 0 0 0 0 0 
_1.ptx 1380 : 50745 564778 0 0 0 0 0 0 0 
_1.ptx 1381 : 50745 591755 0 0 0 0 0 0 0 
_1.ptx 1383 : 50745 573935 0 0 0 0 0 0 0 
_1.ptx 1384 : 50745 772062 0 0 0 0 0 0 0 
_1.ptx 1388 : 62282 708525 0 0 0 0 0 0 0 
_1.ptx 1389 : 62282 710147 0 0 0 0 0 0 0 
_1.ptx 1390 : 62282 713562 0 0 0 0 0 0 0 
_1.ptx 1391 : 62282 733722 0 0 0 0 0 0 0 
_1.ptx 1392 : 62282 724615 0 0 0 0 0 0 0 
_1.ptx 1393 : 62282 755185 0 0 0 0 0 0 0 
_1.ptx 1395 : 62282 727035 0 0 0 0 0 0 0 
_1.ptx 1396 : 62282 745156 0 0 0 0 0 0 0 
_1.ptx 1397 : 62282 740482 0 0 0 0 0 0 0 
_1.ptx 1398 : 62282 757028 0 0 0 0 0 0 0 
_1.ptx 1399 : 62282 614113 0 0 0 0 0 0 0 
_1.ptx 1400 : 62282 597122 0 0 0 0 0 0 0 
_1.ptx 1401 : 62282 2492008 0 0 0 0 0 0 0 
_1.ptx 1402 : 62282 709829 0 0 0 0 0 0 0 
_1.ptx 1403 : 62282 715098 0 0 0 0 0 0 0 
_1.ptx 1404 : 62282 716606 0 0 0 0 0 0 0 
_1.ptx 1405 : 62282 477469 0 0 0 0 0 0 0 
_1.ptx 1406 : 62282 478683 0 0 0 0 0 0 0 
_1.ptx 1408 : 62282 415976 0 0 0 0 0 0 0 
_1.ptx 1409 : 62282 584291 0 0 0 0 0 0 0 
_1.ptx 1410 : 62282 409414 0 0 0 0 0 0 0 
_1.ptx 1411 : 62282 587007 0 0 0 0 0 0 0 
_1.ptx 1412 : 62282 417925 0 0 0 0 0 0 0 
_1.ptx 1413 : 62282 610546 0 0 0 0 0 0 0 
_1.ptx 1416 : 127467 1395442 0 0 0 0 0 0 0 
_1.ptx 1417 : 127467 943729 0 0 0 0 0 0 0 
_1.ptx 1418 : 127467 1085621 0 0 0 0 0 0 0 
_1.ptx 1419 : 127467 6947 0 0 0 0 0 0 0 
_1.ptx 1420 : 126435 1071906 0 0 0 0 0 0 0 
_1.ptx 1421 : 126435 411713 0 0 0 0 0 0 550 
_1.ptx 1424 : 65536 705408 0 0 0 0 0 0 0 
_1.ptx 1425 : 65536 504128 0 0 0 0 0 0 0 
_1.ptx 1426 : 65536 418368 0 0 0 0 0 0 0 
_1.ptx 1427 : 65536 544512 0 0 0 0 0 0 0 
_1.ptx 604 : 65536 412320 0 0 0 0 0 0 0 
_1.ptx 1428 : 65536 356857 0 0 0 0 0 0 218 
_1.ptx 605 : 65536 490432 39040 0 0 0 0 0 0 
_1.ptx 1429 : 10434 78107 0 0 0 0 0 0 0 
_1.ptx 606 : 65536 406688 0 0 0 0 0 0 0 
_1.ptx 1430 : 10434 77458 0 0 0 0 0 0 0 
_1.ptx 607 : 65536 886272 39424 0 0 0 0 0 0 
_1.ptx 1431 : 10434 123520 0 0 0 0 0 0 0 
_1.ptx 608 : 65536 407840 0 0 0 0 0 0 0 
_1.ptx 1432 : 10434 119040 0 0 0 0 0 0 0 
_1.ptx 609 : 65536 944288 38912 0 0 0 0 0 0 
_1.ptx 1433 : 10434 80282 0 0 0 0 0 0 0 
_1.ptx 610 : 65536 411392 0 0 0 0 0 0 0 
_1.ptx 611 : 65536 1101824 38912 0 0 0 0 0 0 
_1.ptx 612 : 65536 410144 0 0 0 0 0 0 0 
_1.ptx 613 : 65536 1449312 50944 0 0 0 0 0 0 
_1.ptx 1437 : 15923 2167881 12800 0 0 0 0 0 0 
_1.ptx 614 : 65536 409504 0 0 0 0 0 0 0 
_1.ptx 1438 : 15923 2120072 5504 0 0 0 0 0 0 
_1.ptx 615 : 65536 1375552 52864 0 0 0 0 0 0 
_1.ptx 1439 : 15923 2423359 8192 0 0 0 0 0 0 
_1.ptx 616 : 65536 408576 0 0 0 0 0 0 0 
_1.ptx 1440 : 15923 2401116 128 0 0 0 0 0 0 
_1.ptx 617 : 65536 1438080 58752 0 0 0 0 0 0 
_1.ptx 1441 : 15923 2262447 0 0 0 0 0 0 0 
_1.ptx 618 : 65536 409952 0 0 0 0 0 0 0 
_1.ptx 1442 : 15923 2520495 384 0 0 0 0 0 0 
_1.ptx 619 : 65536 1482240 51584 0 0 0 0 0 0 
_1.ptx 1443 : 15923 2531792 11264 0 0 0 0 0 0 
_1.ptx 620 : 65536 408928 0 0 0 0 0 0 0 
_1.ptx 1444 : 15923 2556434 0 0 0 0 0 0 0 
_1.ptx 621 : 65536 1497024 52096 0 0 0 0 0 0 
_1.ptx 1445 : 15923 98868 0 0 0 0 0 0 0 
_1.ptx 622 : 65536 410624 0 0 0 0 0 0 0 
_1.ptx 1446 : 15923 147131 0 0 0 0 0 0 0 
_1.ptx 623 : 65536 1547456 58624 0 0 0 0 0 0 
_1.ptx 1447 : 15923 124053 128 0 0 0 0 0 0 
_1.ptx 624 : 65536 410176 0 0 0 0 0 0 0 
_1.ptx 1448 : 15923 100181 0 0 0 0 0 0 0 
_1.ptx 625 : 65536 1603776 53376 0 0 0 0 0 0 
_1.ptx 1449 : 15923 146423 0 0 0 0 0 0 0 
_1.ptx 626 : 65536 412576 0 0 0 0 0 0 0 
_1.ptx 1450 : 15923 117616 128 0 0 0 0 0 0 
_1.ptx 627 : 65536 1298016 60288 0 0 0 0 0 0 
_1.ptx 1451 : 15923 100426 0 0 0 0 0 0 0 
_1.ptx 628 : 65536 412064 0 0 0 0 0 0 0 
_1.ptx 1452 : 15923 146693 0 0 0 0 0 0 0 
_1.ptx 629 : 65536 1438848 60032 0 0 0 0 0 0 
_1.ptx 1453 : 15923 117354 128 0 0 0 0 0 0 
_1.ptx 630 : 65536 411232 0 0 0 0 0 0 0 
_1.ptx 1454 : 15923 100790 0 0 0 0 0 0 0 
_1.ptx 631 : 65536 1410816 62464 0 0 0 0 0 0 
_1.ptx 1455 : 15923 147477 0 0 0 0 0 0 0 
_1.ptx 632 : 65536 412128 0 0 0 0 0 0 0 
_1.ptx 1456 : 15923 119233 0 0 0 0 0 0 0 
_1.ptx 633 : 65536 1471424 63872 0 0 0 0 0 0 
_1.ptx 1457 : 15923 164981 0 0 0 0 0 0 0 
_1.ptx 634 : 65536 409824 0 0 0 0 0 0 0 
_1.ptx 1458 : 15923 165670 0 0 0 0 0 0 0 
_1.ptx 635 : 65536 1627328 57344 0 0 0 0 0 0 
_1.ptx 1459 : 15923 106194 0 0 0 0 0 0 0 
_1.ptx 636 : 65536 409824 0 0 0 0 0 0 0 
_1.ptx 1460 : 15923 132369 0 0 0 0 0 0 0 
_1.ptx 637 : 65536 1721888 64384 0 0 0 0 0 0 
_1.ptx 1461 : 15923 34807 0 0 0 0 0 0 386 
_1.ptx 638 : 65536 409664 0 0 0 0 0 0 0 
_1.ptx 639 : 65536 1715200 57984 0 0 0 0 0 0 
_1.ptx 640 : 65536 410240 0 0 0 0 0 0 0 
_1.ptx 1464 : 65536 14048256 17152 0 0 4096 2048 0 0 
_1.ptx 641 : 65536 1586784 68864 0 0 0 0 0 0 
_1.ptx 1465 : 65536 4857632 256 0 0 0 0 0 0 
_1.ptx 642 : 65536 413184 0 0 0 0 0 0 0 
_1.ptx 1466 : 65536 484064 0 0 0 0 0 0 0 
_1.ptx 643 : 65536 1251936 73344 0 0 0 0 0 0 
_1.ptx 1467 : 65536 420000 0 0 0 0 0 0 0 
_1.ptx 644 : 65536 412512 0 0 0 0 0 0 0 
_1.ptx 1468 : 65536 734080 0 0 0 0 0 0 0 
_1.ptx 645 : 65536 415552 0 0 0 0 0 0 0 
_1.ptx 1469 : 65536 480864 0 0 0 0 0 0 0 
_1.ptx 646 : 65536 547552 0 0 0 0 0 0 0 
_1.ptx 1470 : 65536 4155968 0 0 0 0 0 0 0 
_1.ptx 647 : 65536 414624 0 0 0 0 0 0 0 
_1.ptx 1471 : 65536 484032 0 0 0 0 0 0 0 
_1.ptx 648 : 65536 420960 0 0 0 0 0 0 0 
_1.ptx 1472 : 65536 418592 0 0 0 0 0 0 0 
_1.ptx 649 : 65536 544704 0 0 0 0 0 0 0 
_1.ptx 1473 : 65536 736224 0 0 0 0 0 0 0 
_1.ptx 650 : 65536 419200 0 0 0 0 0 0 0 
_1.ptx 1474 : 65536 484832 0 0 0 0 0 0 0 
_1.ptx 651 : 65536 734432 0 0 0 0 0 0 0 
_1.ptx 1475 : 65536 486656 0 0 0 0 0 0 0 
_1.ptx 652 : 65536 417728 0 0 0 0 0 0 0 
_1.ptx 1476 : 65536 539936 0 0 0 0 0 0 0 
_1.ptx 653 : 65536 732256 0 0 0 0 0 0 0 
_1.ptx 1477 : 65536 3869248 0 0 0 0 0 0 0 
_1.ptx 654 : 65536 1934944 128 0 0 0 0 0 0 
_1.ptx 1478 : 65536 485120 0 0 0 0 0 0 0 
_1.ptx 655 : 65536 1770752 0 0 0 0 0 0 0 
_1.ptx 1479 : 65536 422944 0 0 0 0 0 0 0 
_1.ptx 656 : 65536 539680 0 0 0 0 0 0 0 
_1.ptx 1480 : 65536 734208 0 0 0 0 0 0 0 
_1.ptx 657 : 65536 484192 0 0 0 0 0 0 0 
_1.ptx 1481 : 65536 481472 0 0 0 0 0 0 0 
_1.ptx 658 : 65536 542304 0 0 0 0 0 0 0 
_1.ptx 1482 : 65536 481504 0 0 0 0 0 0 0 
_1.ptx 659 : 65536 485408 0 0 0 0 0 0 0 
_1.ptx 1483 : 65536 4263392 384 0 0 0 0 0 0 
_1.ptx 660 : 65536 551712 0 0 0 0 0 0 0 
_1.ptx 1484 : 65536 486784 0 0 0 0 0 0 0 
_1.ptx 661 : 65536 420640 0 0 0 0 0 0 0 
_1.ptx 1485 : 65536 423904 0 0 0 0 0 0 0 
_1.ptx 662 : 65536 543200 0 0 0 0 0 0 0 
_1.ptx 1486 : 65536 738624 0 0 0 0 0 0 0 
_1.ptx 663 : 65536 0 0 0 0 0 0 0 0 
_1.ptx 1487 : 65536 484704 0 0 0 0 0 0 0 
_1.ptx 1488 : 65536 483616 0 0 0 0 0 0 0 
_1.ptx 665 : 65536 789120 0 0 0 0 0 0 0 
_1.ptx 1489 : 65536 539488 0 0 0 0 0 0 0 
_1.ptx 666 : 65536 636384 0 0 0 0 0 0 0 
_1.ptx 1490 : 65536 539520 0 0 0 0 0 0 0 
_1.ptx 667 : 65536 735488 0 0 0 0 0 0 0 
_1.ptx 1491 : 65536 733984 0 0 0 0 0 0 0 
_1.ptx 668 : 65536 487680 0 0 0 0 0 0 0 
_1.ptx 1492 : 65536 555648 0 0 0 4096 2048 0 0 
_1.ptx 669 : 65536 722976 0 0 0 0 0 0 0 
_1.ptx 670 : 65536 738848 0 0 0 0 0 0 0 
_1.ptx 671 : 65536 421568 0 0 0 0 0 0 0 
_1.ptx 1495 : 65536 407808 0 0 0 0 0 0 0 
_1.ptx 672 : 65536 1380128 160256 0 0 4096 2048 0 0 
_1.ptx 674 : 65536 2486368 128 0 0 0 0 0 0 
_1.ptx 675 : 65536 2257056 0 0 0 0 0 0 0 
_1.ptx 676 : 65536 507520 0 0 0 0 0 0 0 
_1.ptx 678 : 65536 407456 0 0 0 0 0 0 0 
_1.ptx 679 : 65536 345792 0 0 0 0 0 0 0 
_1.ptx 680 : 65536 742336 0 0 0 0 0 0 0 
_1.ptx 681 : 65536 1343776 0 0 0 0 0 0 0 
_1.ptx 682 : 65536 537088 0 0 0 0 0 0 0 
_1.ptx 683 : 65536 530496 0 0 0 0 0 0 0 
_1.ptx 684 : 65536 482176 0 0 0 0 0 0 0 
_1.ptx 685 : 65536 751456 0 0 0 0 0 0 0 
_1.ptx 686 : 65536 400320 0 0 0 0 0 0 0 
_1.ptx 687 : 65536 759584 0 0 0 0 0 0 0 
_1.ptx 688 : 65536 517152 0 0 0 0 0 0 0 
_1.ptx 689 : 65536 516928 0 0 0 0 0 0 0 
_1.ptx 690 : 65536 516928 0 0 0 0 0 0 0 
_1.ptx 691 : 65536 450688 0 0 0 0 0 0 0 
_1.ptx 692 : 65536 3130240 0 0 0 0 0 0 0 
_1.ptx 693 : 65536 417920 0 0 0 0 0 0 0 
_1.ptx 694 : 65536 739008 0 0 0 0 0 0 0 
_1.ptx 695 : 65536 753696 0 0 0 0 0 0 0 
_1.ptx 696 : 65536 432640 0 0 0 0 0 0 0 
_1.ptx 697 : 65536 748576 0 0 0 0 0 0 0 
_1.ptx 698 : 65536 738240 0 0 0 0 0 0 0 
_1.ptx 699 : 65536 466432 0 0 0 0 0 0 0 
_1.ptx 700 : 65536 738464 0 0 0 0 0 0 0 
_1.ptx 701 : 65536 361440 0 0 0 0 0 0 0 
_1.ptx 702 : 65536 739200 0 0 0 0 0 0 0 
_1.ptx 703 : 65536 379072 0 0 0 0 0 0 0 
_1.ptx 704 : 65536 738528 0 0 0 0 0 0 0 
_1.ptx 705 : 65536 301696 0 0 0 0 0 0 0 
_1.ptx 706 : 65536 740448 0 0 0 0 0 0 0 
_1.ptx 707 : 65536 333504 0 0 0 0 0 0 0 
_1.ptx 708 : 65536 737536 0 0 0 0 0 0 0 
_1.ptx 709 : 65536 352384 0 0 0 0 0 0 0 
_1.ptx 710 : 65536 754208 0 0 0 0 0 0 0 
_1.ptx 711 : 65536 766624 0 0 0 0 0 0 0 
_1.ptx 712 : 65536 778240 0 0 0 0 0 0 0 
_1.ptx 713 : 65536 780800 0 0 0 0 0 0 0 
_1.ptx 714 : 65536 791328 0 0 0 0 0 0 0 
_1.ptx 715 : 65536 798240 0 0 0 0 0 0 0 
_1.ptx 716 : 65536 807328 0 0 0 0 0 0 0 
_1.ptx 717 : 65536 795392 0 0 0 0 0 0 0 
_1.ptx 718 : 65536 786208 0 0 0 0 0 0 0 
_1.ptx 719 : 65536 782880 0 0 0 0 0 0 0 
_1.ptx 720 : 65536 779136 0 0 0 0 0 0 0 
_1.ptx 721 : 65536 775584 0 0 0 0 0 0 0 
_1.ptx 722 : 65536 775680 0 0 0 0 0 0 0 
_1.ptx 723 : 65536 788032 0 0 0 0 0 0 0 
_1.ptx 724 : 65536 636384 0 0 0 0 0 0 0 
_1.ptx 725 : 65536 615008 0 0 0 0 0 0 0 
_1.ptx 726 : 65536 1791456 0 0 0 0 0 0 0 
_1.ptx 727 : 65536 754720 0 0 0 0 0 0 0 
_1.ptx 728 : 65536 759008 0 0 0 0 0 0 0 
_1.ptx 729 : 65536 766464 0 0 0 0 0 0 0 
_1.ptx 731 : 65536 443488 0 0 0 0 0 0 0 
_1.ptx 733 : 65536 493472 0 0 0 0 0 0 0 
_1.ptx 734 : 65536 506048 0 0 0 0 0 0 0 
_1.ptx 735 : 65536 487008 0 0 0 0 0 0 0 
_1.ptx 736 : 65536 486304 0 0 0 0 0 0 0 
_1.ptx 738 : 127467 988768 0 0 0 0 0 0 0 
_1.ptx 739 : 127467 869622 0 0 0 0 0 0 0 
_1.ptx 740 : 127467 839825 0 0 0 0 0 0 0 
_1.ptx 744 : 509868 4085393 256 0 0 17236 17236 0 0 
_1.ptx 745 : 509868 3822803 0 0 0 17236 17236 0 0 
_1.ptx 746 : 509868 4277137 128 0 0 17236 17236 0 0 
_1.ptx 747 : 509868 3057595 0 0 0 17236 17236 0 0 
_1.ptx 748 : 509868 2835585 0 0 0 17236 17236 0 0 
_1.ptx 749 : 509868 3377799 0 0 0 0 0 0 0 
_1.ptx 750 : 509868 4382437 0 0 0 0 0 0 0 
_1.ptx 751 : 509868 2680126 0 0 0 0 0 0 0 
_1.ptx 753 : 127467 973680 0 0 0 0 0 0 0 
_1.ptx 754 : 127467 849924 0 0 0 0 0 0 0 
_1.ptx 755 : 127467 1078929 0 0 0 0 0 0 0 
_1.ptx 756 : 127467 850774 0 0 0 0 0 0 0 
_1.ptx 761 : 127467 1444511 0 0 0 0 0 0 0 
_1.ptx 762 : 127467 6209440 0 0 0 0 0 0 0 
_1.ptx 763 : 127467 822432 0 0 0 0 0 0 0 
_1.ptx 764 : 127467 833065 0 0 0 0 0 0 0 
_1.ptx 765 : 127467 1068774 0 0 0 0 0 0 0 
_1.ptx 766 : 127467 1203844 0 0 0 0 0 0 0 
_1.ptx 769 : 127467 998843 0 0 0 0 0 0 0 
_1.ptx 770 : 127467 882225 0 0 0 0 0 0 0 
_1.ptx 773 : 382401 4462346 0 0 0 0 0 0 0 
_1.ptx 774 : 382401 1264159 0 0 0 0 0 0 0 
_1.ptx 775 : 382401 4508672 0 0 0 0 0 0 0 
_1.ptx 776 : 382401 4509290 0 0 0 0 0 0 0 
_1.ptx 777 : 382401 4548636 0 0 0 0 0 0 0 
_1.ptx 778 : 382401 4559936 0 0 0 0 0 0 0 
_1.ptx 779 : 382401 4554581 0 0 0 0 0 0 0 
_1.ptx 780 : 382401 4580326 0 0 0 0 0 0 0 
_1.ptx 781 : 382401 3733182 0 0 0 0 0 0 0 
_1.ptx 782 : 382401 3817166 0 0 0 0 0 0 0 
_1.ptx 783 : 382401 3720341 0 0 0 0 0 0 0 
_1.ptx 784 : 382401 3815385 0 0 0 0 0 0 0 
_1.ptx 785 : 382401 3367828 0 0 0 0 0 0 0 
_1.ptx 786 : 382401 3128303 0 0 0 0 0 0 0 
_1.ptx 787 : 382401 2735294 0 0 0 0 0 0 0 
_1.ptx 788 : 382401 3355535 0 0 0 0 0 0 0 
_1.ptx 789 : 382401 3107061 0 0 0 0 0 0 0 
_1.ptx 790 : 382401 3370747 0 0 0 0 0 0 0 
_1.ptx 791 : 382401 2739917 0 0 0 0 0 0 0 
_1.ptx 792 : 382401 3348074 0 0 0 0 0 0 0 
_1.ptx 793 : 382401 1953729 0 0 0 0 0 0 1523 
_1.ptx 794 : 105477 761391 0 0 0 0 0 0 0 
_1.ptx 795 : 105477 757868 0 0 0 0 0 0 0 
_1.ptx 797 : 276924 3240900 0 0 0 0 0 0 0 
_1.ptx 798 : 276924 3233289 0 0 0 0 0 0 0 
_1.ptx 799 : 276924 2408095 0 0 0 0 0 0 0 
_1.ptx 800 : 276924 137131 0 0 0 0 0 0 715 
_1.ptx 801 : 257599 1835228 0 0 0 0 0 0 0 
_1.ptx 802 : 257599 1850982 0 0 0 0 0 0 0 
_1.ptx 805 : 19325 223422 0 0 0 0 0 0 0 
_1.ptx 806 : 19325 323512 0 0 0 0 0 0 0 
_1.ptx 807 : 19325 224377 0 0 0 0 0 0 0 
_1.ptx 808 : 19325 229345 0 0 0 0 0 0 0 
_1.ptx 809 : 19325 183933 0 0 0 0 0 0 0 
_1.ptx 813 : 382401 3117359 0 0 0 0 0 0 0 
_1.ptx 815 : 509868 3561681 0 0 0 0 0 0 0 
_1.ptx 816 : 509868 4366754 0 0 0 0 0 0 0 
_1.ptx 817 : 509868 4035714 0 0 0 0 0 0 0 
_1.ptx 818 : 509868 4372717 0 0 0 0 0 0 0 
_1.ptx 819 : 509868 4041202 0 0 0 0 0 0 0 
_1.ptx 820 : 509868 4421477 0 0 0 0 0 0 0 
_1.ptx 821 : 509868 3502116 0 0 0 0 0 0 0 
_1.ptx 822 : 509868 4395202 0 0 0 0 0 0 0 
