kernel line : count latency dram_traffic smem_bk_conflicts smem_warp gmem_access_generated gmem_warp exposed_latency warp_divergence
_1.ptx 409 : 10000 75056 0 0 0 0 0 0 0 
_1.ptx 410 : 10000 184496 0 0 0 0 0 0 0 
_1.ptx 411 : 10000 112256 0 0 0 0 0 0 0 
_1.ptx 412 : 10000 89872 0 0 0 313 313 0 0 
_1.ptx 413 : 10000 193328 0 0 0 0 0 0 0 
_1.ptx 414 : 10000 116352 0 0 0 0 0 0 0 
_1.ptx 415 : 10000 79344 0 0 0 0 0 0 0 
_1.ptx 416 : 10000 83168 0 0 0 0 0 0 0 
_1.ptx 417 : 10000 95952 0 0 0 0 0 0 0 
_1.ptx 418 : 10000 92768 0 0 0 0 0 0 0 
_1.ptx 419 : 10000 126480 0 0 0 0 0 0 0 
_1.ptx 420 : 10000 123120 0 0 0 0 0 0 0 
_1.ptx 421 : 10000 88496 0 0 0 0 0 0 0 
_1.ptx 422 : 10000 119376 0 0 0 0 0 0 0 
_1.ptx 423 : 10000 84720 0 0 0 0 0 0 0 
_1.ptx 424 : 10000 58926 0 0 0 0 0 0 0 
_1.ptx 425 : 10000 80752 0 0 0 0 0 0 0 
_1.ptx 426 : 10000 189952 0 0 0 0 0 0 0 
_1.ptx 427 : 10000 110352 0 0 0 0 0 0 0 
_1.ptx 428 : 10000 106192 0 0 0 313 313 0 0 
_1.ptx 430 : 10000 1218800 0 0 0 0 0 0 0 
_1.ptx 431 : 10000 111248 0 0 0 0 0 0 0 
_1.ptx 432 : 10000 3780432 40064 0 0 313 313 0 0 
_1.ptx 433 : 10000 95120 0 0 0 0 0 0 0 
_1.ptx 434 : 10000 91824 0 0 0 0 0 0 0 
_1.ptx 435 : 10000 166736 0 0 0 0 0 0 0 
_1.ptx 436 : 10000 109056 0 0 0 0 0 0 0 
_1.ptx 437 : 10000 104128 0 0 0 0 0 0 0 
_1.ptx 438 : 10000 601536 0 0 0 0 0 0 0 
_1.ptx 439 : 10000 93088 0 0 0 0 0 0 0 
_1.ptx 440 : 10000 87328 0 0 0 0 0 0 0 
_1.ptx 441 : 10000 128784 0 0 0 0 0 0 0 
_1.ptx 442 : 10000 409008 0 0 0 0 0 0 0 
_1.ptx 443 : 10000 74368 0 0 0 0 0 0 0 
_1.ptx 444 : 10000 66048 0 0 0 0 0 0 0 
_1.ptx 445 : 10000 804400 0 0 0 0 0 0 0 
_1.ptx 446 : 10000 70832 0 0 0 0 0 0 0 
_1.ptx 447 : 10000 662080 0 0 0 0 0 0 0 
_1.ptx 448 : 10000 61248 0 0 0 0 0 0 0 
_1.ptx 449 : 10000 114192 0 0 0 0 0 0 0 
_1.ptx 450 : 10000 62688 0 0 0 0 0 0 0 
_1.ptx 451 : 10000 112624 0 0 0 0 0 0 0 
_1.ptx 452 : 10000 796320 0 0 0 0 0 0 0 
_1.ptx 453 : 10000 113136 0 0 0 0 0 0 0 
_1.ptx 454 : 10000 77360 0 0 0 0 0 0 0 
_1.ptx 455 : 10000 72512 0 0 0 0 0 0 0 
_1.ptx 456 : 10000 161280 0 0 0 0 0 0 0 
_1.ptx 457 : 10000 77072 0 0 0 0 0 0 0 
_1.ptx 458 : 10000 50704 0 0 0 313 313 0 0 
_1.ptx 460 : 10000 2196448 0 0 0 313 313 0 0 
_1.ptx 461 : 10000 133696 0 0 0 0 0 0 0 
_1.ptx 462 : 10000 112064 0 0 0 0 0 0 0 
_1.ptx 464 : 10000 74736 0 0 0 0 0 0 0 
_1.ptx 465 : 10000 74976 0 0 0 0 0 0 0 
_1.ptx 466 : 10000 90224 0 0 0 0 0 0 0 
_1.ptx 467 : 10000 85104 0 0 0 0 0 0 0 
_1.ptx 468 : 10000 124672 0 0 0 0 0 0 0 
_1.ptx 469 : 10000 117936 0 0 0 0 0 0 0 
_1.ptx 470 : 10000 84144 0 0 0 0 0 0 0 
_1.ptx 471 : 10000 117232 0 0 0 0 0 0 0 
_1.ptx 472 : 10000 83680 0 0 0 0 0 0 0 
_1.ptx 473 : 10000 58437 0 0 0 0 0 0 0 
_1.ptx 474 : 10000 81904 0 0 0 0 0 0 0 
_1.ptx 475 : 10000 113200 0 0 0 0 0 0 0 
_1.ptx 476 : 10000 116336 0 0 0 0 0 0 0 
_1.ptx 477 : 10000 95168 0 0 0 313 313 0 0 
_1.ptx 478 : 10000 143088 0 0 0 0 0 0 0 
_1.ptx 479 : 10000 114768 0 0 0 0 0 0 0 
_1.ptx 480 : 10000 77472 0 0 0 0 0 0 0 
_1.ptx 481 : 10000 81856 0 0 0 0 0 0 0 
_1.ptx 482 : 10000 89600 0 0 0 0 0 0 0 
_1.ptx 483 : 10000 82576 0 0 0 0 0 0 0 
_1.ptx 484 : 10000 143120 0 0 0 0 0 0 0 
_1.ptx 485 : 10000 118704 0 0 0 0 0 0 0 
_1.ptx 486 : 10000 88160 0 0 0 0 0 0 0 
_1.ptx 487 : 10000 119920 0 0 0 0 0 0 0 
_1.ptx 488 : 10000 87968 0 0 0 0 0 0 0 
_1.ptx 489 : 10000 59139 0 0 0 0 0 0 0 
_1.ptx 490 : 10000 84080 0 0 0 0 0 0 0 
_1.ptx 491 : 10000 128800 0 0 0 0 0 0 0 
_1.ptx 492 : 10000 116688 0 0 0 0 0 0 0 
_1.ptx 493 : 10000 111760 0 0 0 313 313 0 0 
_1.ptx 495 : 10000 71088 0 0 0 0 0 0 0 
_1.ptx 496 : 10000 61728 0 0 0 0 0 0 0 
_1.ptx 497 : 10000 711344 0 0 0 0 0 0 0 
_1.ptx 498 : 10000 76672 0 0 0 0 0 0 0 
_1.ptx 499 : 10000 40752 0 0 0 0 0 0 0 
_1.ptx 500 : 10000 114992 0 0 0 0 0 0 0 
_1.ptx 501 : 10000 76336 0 0 0 0 0 0 0 
_1.ptx 502 : 10000 594688 0 0 0 0 0 0 0 
_1.ptx 503 : 10000 65440 0 0 0 0 0 0 0 
_1.ptx 504 : 10000 952848 0 0 0 0 0 0 0 
_1.ptx 505 : 10000 67136 0 0 0 0 0 0 0 
_1.ptx 506 : 10000 113744 0 0 0 0 0 0 0 
_1.ptx 507 : 10000 75216 0 0 0 0 0 0 0 
_1.ptx 508 : 10000 66432 0 0 0 0 0 0 0 
_1.ptx 509 : 10000 114736 0 0 0 0 0 0 0 
_1.ptx 510 : 10000 69872 0 0 0 0 0 0 0 
_1.ptx 511 : 10000 115872 0 0 0 0 0 0 0 
_1.ptx 512 : 10000 748000 0 0 0 0 0 0 0 
_1.ptx 513 : 10000 769440 0 0 0 0 0 0 0 
_1.ptx 514 : 10000 119920 0 0 0 0 0 0 0 
_1.ptx 515 : 10000 79888 0 0 0 0 0 0 0 
_1.ptx 516 : 10000 2697744 40064 0 0 313 313 0 0 
_1.ptx 517 : 10000 111712 0 0 0 0 0 0 0 
_1.ptx 518 : 10000 109536 0 0 0 0 0 0 0 
_1.ptx 519 : 10000 171024 0 0 0 0 0 0 0 
_1.ptx 520 : 10000 192560 0 0 0 0 0 0 0 
_1.ptx 521 : 10000 175024 0 0 0 0 0 0 0 
_1.ptx 522 : 10000 112672 0 0 0 0 0 0 0 
_1.ptx 523 : 10000 50448 0 0 0 313 313 0 0 
_1.ptx 525 : 10000 100256 0 0 0 0 0 0 0 
_1.ptx 527 : 10240 1440 0 0 0 0 0 0 1 
_1.ptx 528 : 10000 31088 0 0 0 0 0 0 0 
_1.ptx 529 : 10000 62432 0 0 0 0 0 0 0 
_1.ptx 530 : 10000 82464 0 0 0 0 0 0 0 
_1.ptx 531 : 10000 0 0 0 0 0 0 0 0 
_1.ptx 532 : 10000 30096 0 0 0 0 0 0 0 
_1.ptx 533 : 10000 71632 0 0 0 0 0 0 0 
_1.ptx 534 : 10000 62656 0 0 0 0 0 0 0 
_1.ptx 535 : 10000 127808 0 0 0 0 0 0 0 
_1.ptx 536 : 10000 30256 0 0 0 0 0 0 0 
_1.ptx 537 : 10000 72688 0 0 0 0 0 0 0 
_1.ptx 538 : 10000 30352 0 0 0 0 0 0 0 
_1.ptx 539 : 10000 73168 0 0 0 0 0 0 0 
_1.ptx 540 : 10000 30096 0 0 0 0 0 0 0 
_1.ptx 541 : 10000 72896 0 0 0 0 0 0 0 
_1.ptx 542 : 10000 72496 0 0 0 0 0 0 0 
_1.ptx 543 : 10000 130576 0 0 0 0 0 0 0 
_1.ptx 544 : 10000 167104 0 0 0 0 0 0 0 
_1.ptx 545 : 10000 30416 0 0 0 0 0 0 0 
_1.ptx 546 : 10000 30800 0 0 0 0 0 0 0 
_1.ptx 547 : 10000 110928 0 0 0 0 0 0 0 
_1.ptx 548 : 10000 30576 0 0 0 0 0 0 0 
_1.ptx 549 : 10000 110768 0 0 0 0 0 0 0 
_1.ptx 550 : 10000 31136 0 0 0 0 0 0 0 
_1.ptx 551 : 10000 72976 0 0 0 0 0 0 0 
_1.ptx 552 : 10000 136688 0 0 0 0 0 0 0 
_1.ptx 553 : 10000 111728 0 0 0 0 0 0 0 
_1.ptx 554 : 10000 34160 0 0 0 0 0 0 0 
_1.ptx 555 : 10000 73552 0 0 0 0 0 0 0 
_1.ptx 559 : 690000 292020512 624128 0 0 21597 21597 0 0 
_1.ptx 560 : 690000 4998496 0 0 0 0 0 0 0 
_1.ptx 561 : 690000 5042720 0 0 0 0 0 0 0 
_1.ptx 562 : 690000 5118368 0 0 0 0 0 0 0 
_1.ptx 563 : 690000 5115680 0 0 0 0 0 0 0 
_1.ptx 564 : 690000 5082192 0 0 0 0 0 0 0 
_1.ptx 565 : 690000 7735216 0 0 0 0 0 0 0 
_1.ptx 566 : 690000 5038544 0 0 0 0 0 0 0 
_1.ptx 567 : 690000 4337936 0 0 0 0 0 0 0 
_1.ptx 568 : 690000 5632048 0 0 0 0 0 0 0 
_1.ptx 569 : 690000 6284224 0 0 0 0 0 0 0 
_1.ptx 570 : 690000 4229952 0 0 0 0 0 0 0 
_1.ptx 571 : 690000 5601520 0 0 0 0 0 0 0 
_1.ptx 572 : 690000 4222528 0 0 0 0 0 0 0 
_1.ptx 577 : 690000 213162688 2944 0 0 21597 21597 0 0 
_1.ptx 578 : 690000 4974240 0 0 0 0 0 0 0 
_1.ptx 579 : 690000 7725664 0 0 0 0 0 0 0 
_1.ptx 581 : 690000 280576288 584704 0 0 21597 21597 0 0 
_1.ptx 583 : 690000 5076528 0 0 0 0 0 0 0 
_1.ptx 584 : 690000 5124928 0 0 0 0 0 0 0 
_1.ptx 585 : 690000 5144704 0 0 0 0 0 0 0 
_1.ptx 586 : 690000 5190240 0 0 0 0 0 0 0 
_1.ptx 587 : 690000 5153536 0 0 0 0 0 0 0 
_1.ptx 588 : 690000 7765600 0 0 0 0 0 0 0 
_1.ptx 589 : 690000 5119616 0 0 0 0 0 0 0 
_1.ptx 590 : 690000 4468224 0 0 0 0 0 0 0 
_1.ptx 591 : 690000 5653248 0 0 0 0 0 0 0 
_1.ptx 592 : 690000 6314096 0 0 0 0 0 0 0 
_1.ptx 593 : 690000 4296304 0 0 0 0 0 0 0 
_1.ptx 594 : 690000 5616432 0 0 0 0 0 0 0 
_1.ptx 595 : 690000 4239728 0 0 0 0 0 0 0 
_1.ptx 600 : 690000 193999120 1152 0 0 21597 21597 0 0 
_1.ptx 601 : 690000 4989792 0 0 0 0 0 0 0 
_1.ptx 602 : 690000 7728720 0 0 0 0 0 0 0 
_1.ptx 604 : 690000 7764240 0 0 0 0 0 0 0 
_1.ptx 605 : 690000 7807712 0 0 0 0 0 0 0 
_1.ptx 606 : 690000 9090496 0 0 0 0 0 0 0 
_1.ptx 607 : 690000 7733568 0 0 0 0 0 0 0 
_1.ptx 608 : 690000 5041504 0 0 0 0 0 0 0 
_1.ptx 609 : 690000 4997632 0 0 0 0 0 0 0 
_1.ptx 610 : 690000 326984448 9966688 0 0 690000 21597 0 0 
_1.ptx 612 : 690000 217897536 0 0 0 0 0 0 0 
_1.ptx 614 : 690000 5604144 0 0 0 0 0 0 0 
_1.ptx 615 : 690000 4031936 0 0 0 0 0 0 0 
_1.ptx 617 : 50000 304512 0 0 0 0 0 0 0 
_1.ptx 618 : 50000 22661904 74752 0 0 50000 1565 0 0 
_1.ptx 620 : 690000 7103632 0 0 0 0 0 0 0 
_1.ptx 621 : 690000 7111632 0 0 0 0 0 0 0 
_1.ptx 622 : 690000 7203136 0 0 0 0 0 0 0 
_1.ptx 623 : 690000 5659360 0 0 0 0 0 0 0 
_1.ptx 624 : 690000 4238240 0 0 0 0 0 0 0 
_1.ptx 625 : 10000 60768 0 0 0 0 0 0 0 
_1.ptx 631 : 10000 0 0 0 0 0 0 0 0 
_1.ptx 633 : 10000 3207920 0 0 0 0 0 0 0 
_1.ptx 635 : 10000 70608 0 0 0 0 0 0 0 
_1.ptx 636 : 10000 780752 0 0 0 0 0 0 0 
_1.ptx 637 : 10000 70704 0 0 0 0 0 0 0 
_1.ptx 638 : 10000 110512 0 0 0 0 0 0 0 
_1.ptx 639 : 10000 3127616 0 0 0 0 0 0 0 
_1.ptx 640 : 10000 70992 0 0 0 0 0 0 0 
_1.ptx 641 : 10000 465120 0 0 0 0 0 0 0 
_1.ptx 642 : 10000 110608 0 0 0 0 0 0 0 
_1.ptx 643 : 10000 2787792 0 0 0 0 0 0 0 
_1.ptx 644 : 10000 61056 0 0 0 0 0 0 0 
_1.ptx 645 : 10000 71024 0 0 0 0 0 0 0 
_1.ptx 649 : 690000 782477408 25358464 0 0 690000 21597 0 0 
_1.ptx 650 : 690000 4841216 0 0 0 0 0 0 0 
_1.ptx 652 : 690000 230400448 0 0 0 0 0 0 0 
_1.ptx 654 : 690000 7610928 0 0 0 0 0 0 0 
_1.ptx 655 : 690000 449661792 103808 0 0 492702 21597 0 0 
_1.ptx 656 : 690000 6956352 0 0 0 0 0 0 0 
_1.ptx 657 : 690000 4908112 0 0 0 0 0 0 0 
_1.ptx 658 : 690000 6960416 0 0 0 0 0 0 0 
_1.ptx 659 : 690000 4909664 0 0 0 0 0 0 0 
_1.ptx 660 : 690000 4910352 0 0 0 0 0 0 0 
_1.ptx 662 : 690000 4240416 0 0 0 0 0 0 0 
_1.ptx 663 : 690000 4231952 0 0 0 0 0 0 0 
_1.ptx 666 : 1380000 9891232 0 0 0 0 0 0 0 
_1.ptx 667 : 1380000 8617008 0 0 0 0 0 0 0 
_1.ptx 668 : 1380000 11168272 0 0 0 0 0 0 0 
_1.ptx 669 : 1380000 4203872 0 0 0 0 0 0 0 
_1.ptx 671 : 690000 7720704 0 0 0 0 0 0 0 
_1.ptx 674 : 1380000 9872016 0 0 0 0 0 0 0 
_1.ptx 675 : 1380000 8568352 0 0 0 0 0 0 0 
_1.ptx 676 : 1380000 11170192 0 0 0 0 0 0 0 
_1.ptx 677 : 1380000 4206752 0 0 0 0 0 0 0 
_1.ptx 679 : 690000 4901552 0 0 0 0 0 0 0 
_1.ptx 680 : 690000 4229648 0 0 0 0 0 0 0 
_1.ptx 683 : 690000 4894880 0 0 0 0 0 0 0 
_1.ptx 684 : 690000 7712416 0 0 0 0 0 0 0 
_1.ptx 685 : 690000 4254048 0 0 0 0 0 0 0 
_1.ptx 688 : 690000 4939680 0 0 0 0 0 0 0 
_1.ptx 690 : 690000 4278160 0 0 0 0 0 0 0 
_1.ptx 691 : 690000 4220928 0 0 0 0 0 0 0 
_1.ptx 694 : 1380000 9874784 0 0 0 0 0 0 0 
_1.ptx 695 : 1380000 8559072 0 0 0 0 0 0 0 
_1.ptx 696 : 1380000 11171024 0 0 0 0 0 0 0 
_1.ptx 697 : 1380000 4209120 0 0 0 0 0 0 0 
_1.ptx 699 : 690000 7688400 0 0 0 0 0 0 0 
_1.ptx 702 : 1380000 10018416 0 0 0 0 0 0 0 
_1.ptx 703 : 1380000 8581184 0 0 0 0 0 0 0 
_1.ptx 704 : 1380000 11166912 0 0 0 0 0 0 0 
_1.ptx 705 : 1380000 4208976 0 0 0 0 0 0 0 
_1.ptx 706 : 690000 4228304 0 0 0 0 0 0 0 
_1.ptx 709 : 690000 4897824 0 0 0 0 0 0 0 
_1.ptx 710 : 690000 7706784 0 0 0 0 0 0 0 
_1.ptx 711 : 690000 4253728 0 0 0 0 0 0 0 
_1.ptx 714 : 690000 4886768 0 0 0 0 0 0 0 
_1.ptx 715 : 690000 7625360 0 0 0 0 0 0 0 
_1.ptx 716 : 690000 4934416 0 0 0 0 0 0 0 
_1.ptx 717 : 690000 4270176 0 0 0 0 0 0 0 
_1.ptx 718 : 690000 317441216 0 0 0 0 0 0 0 
_1.ptx 719 : 690000 10370672 0 0 0 0 0 0 0 
_1.ptx 720 : 690000 4857696 0 0 0 0 0 0 0 
_1.ptx 721 : 690000 6921792 0 0 0 0 0 0 0 
_1.ptx 722 : 690000 6932192 0 0 0 0 0 0 0 
_1.ptx 723 : 690000 5562224 0 0 0 0 0 0 0 
_1.ptx 724 : 690000 4093728 0 0 0 0 0 0 0 
_1.ptx 725 : 10000 60480 0 0 0 0 0 0 0 
_1.ptx 730 : 10000 1681424 0 0 0 0 0 0 0 
_1.ptx 732 : 10000 70416 0 0 0 0 0 0 0 
_1.ptx 733 : 10000 1223328 0 0 0 0 0 0 0 
_1.ptx 734 : 10000 1717840 0 0 0 0 0 0 0 
_1.ptx 735 : 10000 110384 0 0 0 0 0 0 0 
_1.ptx 736 : 10000 1911024 40000 0 0 313 313 0 0 
_1.ptx 738 : 10000 60288 0 0 0 0 0 0 0 
_1.ptx 740 : 10000 0 0 0 0 0 0 0 0 
_1.ptx 742 : 10000 70816 0 0 0 0 0 0 0 
_1.ptx 743 : 10000 228800 0 0 0 0 0 0 0 
_1.ptx 744 : 10000 86704 0 0 0 0 0 0 0 
_1.ptx 745 : 10000 111568 0 0 0 0 0 0 0 
_1.ptx 746 : 10000 3574240 40064 0 0 313 313 0 0 
_1.ptx 747 : 10000 102784 0 0 0 0 0 0 0 
_1.ptx 748 : 10000 111152 0 0 0 0 0 0 0 
_1.ptx 749 : 10000 3240144 24576 0 0 313 313 0 0 
_1.ptx 750 : 10000 110000 0 0 0 0 0 0 0 
_1.ptx 751 : 10000 131632 0 0 0 313 313 0 0 
_1.ptx 753 : 10000 60064 0 0 0 0 0 0 0 
_1.ptx 754 : 10000 62368 0 0 0 0 0 0 0 
_1.ptx 756 : 10000 72752 0 0 0 0 0 0 0 
_1.ptx 757 : 10000 367712 0 0 0 0 0 0 0 
_1.ptx 758 : 10000 110928 0 0 0 0 0 0 0 
_1.ptx 759 : 10000 2587984 0 0 0 313 313 0 0 
_1.ptx 760 : 10000 241936 0 313 313 0 0 0 0 
_1.ptx 762 : 10000 60032 0 0 0 0 0 0 0 
_1.ptx 764 : 10000 72480 0 0 0 0 0 0 0 
_1.ptx 765 : 10000 76112 0 0 0 0 0 0 0 
_1.ptx 766 : 10000 68768 0 0 0 0 0 0 0 
_1.ptx 767 : 10000 82912 0 0 0 0 0 0 0 
_1.ptx 768 : 10000 0 0 0 0 0 0 0 0 
_1.ptx 770 : 90000 747952 0 0 0 0 0 0 0 
_1.ptx 771 : 90000 525858 0 0 0 0 0 0 100 
_1.ptx 773 : 10220 117745 0 400 400 0 0 0 0 
_1.ptx 774 : 10220 117476 0 0 0 0 0 0 0 
_1.ptx 775 : 10220 77009 0 0 0 0 0 0 0 
_1.ptx 776 : 10220 271256 0 0 0 0 0 0 0 
_1.ptx 777 : 10220 113510 0 0 0 0 0 0 0 
_1.ptx 778 : 10220 218515 0 400 400 0 0 0 0 
_1.ptx 779 : 10220 112967 0 0 0 0 0 0 0 
_1.ptx 780 : 10220 207677 0 400 400 0 0 0 0 
_1.ptx 783 : 90000 555664 0 0 0 0 0 0 0 
_1.ptx 785 : 90000 660240 0 0 0 0 0 0 0 
_1.ptx 786 : 90000 597312 0 0 0 0 0 0 0 
_1.ptx 787 : 90000 753056 0 0 0 0 0 0 0 
_1.ptx 788 : 90000 530256 0 0 0 0 0 0 0 
_1.ptx 790 : 10000 69360 0 0 0 0 0 0 0 
_1.ptx 791 : 10000 82912 0 0 0 0 0 0 0 
_1.ptx 382 : 10240 61440 0 0 0 0 0 0 0 
_1.ptx 792 : 10000 62622 0 0 0 0 0 0 20 
_1.ptx 383 : 10240 61440 0 0 0 0 0 0 0 
_1.ptx 384 : 10240 61440 0 0 0 0 0 0 0 
_1.ptx 794 : 20 169 0 20 20 0 0 0 0 
_1.ptx 385 : 10240 191040 0 0 0 0 0 0 0 
_1.ptx 795 : 20 89 0 0 0 0 0 0 0 
_1.ptx 386 : 10240 113504 0 0 0 0 0 0 0 
_1.ptx 796 : 20 127 0 0 0 0 0 0 0 
_1.ptx 387 : 10240 2502080 128 0 0 0 0 0 0 
_1.ptx 797 : 20 368 0 0 0 0 0 0 0 
_1.ptx 388 : 10240 85920 0 0 0 0 0 0 0 
_1.ptx 798 : 20 221 0 0 0 0 0 0 0 
_1.ptx 389 : 10240 1872 0 0 0 0 0 0 1 
_1.ptx 799 : 20 214 64 0 0 20 20 0 0 
_1.ptx 391 : 10000 77920 0 0 0 0 0 0 0 
_1.ptx 392 : 10000 117712 0 0 0 0 0 0 0 
_1.ptx 393 : 10000 30144 0 0 0 0 0 0 0 
_1.ptx 394 : 10000 110000 0 0 0 0 0 0 0 
_1.ptx 803 : 10240 61600 0 0 0 0 0 0 0 
_1.ptx 395 : 10000 4333200 40064 0 0 313 313 0 0 
_1.ptx 396 : 10000 104768 0 0 0 0 0 0 0 
_1.ptx 397 : 10000 107456 0 0 0 0 0 0 0 
_1.ptx 399 : 10000 66896 0 0 0 0 0 0 0 
_1.ptx 400 : 10000 67280 0 0 0 0 0 0 0 
_1.ptx 401 : 10000 85632 0 0 0 0 0 0 0 
_1.ptx 402 : 10000 78704 0 0 0 0 0 0 0 
_1.ptx 403 : 10000 115568 0 0 0 0 0 0 0 
_1.ptx 404 : 10000 114928 0 0 0 0 0 0 0 
_1.ptx 405 : 10000 78512 0 0 0 0 0 0 0 
_1.ptx 406 : 10000 113872 0 0 0 0 0 0 0 
_1.ptx 407 : 10000 77200 0 0 0 0 0 0 0 
_1.ptx 408 : 10000 56744 0 0 0 0 0 0 0 
