kernel line : count latency dram_traffic smem_bk_conflicts smem_warp gmem_access_generated gmem_warp exposed_latency warp_divergence
_3.ptx 1227 : 1000000 11111808 0 0 0 0 0 0 0 
_3.ptx 1228 : 1000000 26460512 0 0 0 0 0 0 0 
_3.ptx 1232 : 1000000 511435264 4000000 0 0 31250 31250 0 0 
_3.ptx 1233 : 1000000 10101120 0 0 0 0 0 0 0 
_3.ptx 1234 : 1000000 599869856 16000000 0 0 125000 31250 0 0 
_3.ptx 1235 : 1000000 7128352 0 0 0 0 0 0 0 
_3.ptx 1236 : 1000000 11068352 0 0 0 0 0 0 0 
_3.ptx 1237 : 1000000 529469152 8000000 0 0 62500 31250 0 0 
_3.ptx 1238 : 1000000 6176256 0 0 0 0 0 0 0 
_3.ptx 1239 : 1000000 8098112 0 0 0 0 0 0 0 
_3.ptx 1240 : 1000000 0 0 0 0 0 0 0 0 
_3.ptx 1242 : 1000000 37996576 3200 0 0 31250 31250 0 0 
_3.ptx 1244 : 1000000 498478112 4000000 0 0 31250 31250 0 0 
_3.ptx 1245 : 1000000 10112896 0 0 0 0 0 0 0 
_3.ptx 1246 : 1000000 38840608 0 0 0 31250 31250 0 0 
_3.ptx 1248 : 1000000 464255392 4000000 0 0 31250 31250 0 0 
_3.ptx 1249 : 1000000 10113632 0 0 0 0 0 0 0 
_3.ptx 1250 : 1000000 38758848 0 0 0 31250 31250 0 0 
_3.ptx 1252 : 1000000 6177664 0 0 0 0 0 0 0 
_3.ptx 1266 : 1000000 11094240 0 0 0 0 0 0 0 
_3.ptx 1267 : 1000000 11123488 0 0 0 0 0 0 0 
_3.ptx 1268 : 1000000 8130848 0 0 0 0 0 0 0 
_3.ptx 1269 : 1000000 0 0 0 0 0 0 0 0 
_3.ptx 1272 : 1000192 6131392 0 0 0 0 0 0 0 
_2.ptx 869 : 499968 3481376 0 0 0 0 0 0 0 
_2.ptx 870 : 499968 2249856 0 0 0 0 0 0 0 
_2.ptx 871 : 499968 3442528 0 0 0 0 0 0 0 
_2.ptx 872 : 499968 4343104 0 0 0 0 0 0 0 
_2.ptx 873 : 499968 0 0 0 0 0 0 0 0 
_2.ptx 874 : 499968 3682496 0 0 0 0 0 0 0 
_2.ptx 875 : 499968 4067488 0 0 0 0 0 0 0 
_2.ptx 876 : 499968 4406432 0 0 0 0 0 0 0 
_2.ptx 877 : 499968 3698848 0 0 0 0 0 0 0 
_2.ptx 881 : 499968 3677632 0 0 0 0 0 0 0 
_2.ptx 883 : 499968 3702560 0 0 0 0 0 0 0 
_2.ptx 884 : 499968 5946400 0 0 0 0 0 0 0 
_2.ptx 885 : 499968 3949152 0 0 0 0 0 0 0 
_2.ptx 886 : 499968 4188032 0 0 0 0 0 0 0 
_2.ptx 887 : 499968 6127264 0 0 0 0 0 0 0 
_2.ptx 888 : 499968 4246624 0 0 0 0 0 0 0 
_2.ptx 889 : 499968 5903456 0 0 0 0 0 0 0 
_2.ptx 890 : 499968 4194496 0 0 0 0 0 0 0 
_2.ptx 891 : 499968 6171648 0 0 0 0 0 0 0 
_2.ptx 892 : 499968 5812064 0 0 0 0 0 0 0 
_2.ptx 893 : 499968 2846368 0 0 0 0 0 0 0 
_2.ptx 894 : 499968 5756768 0 0 0 0 0 0 0 
_2.ptx 895 : 499968 249571936 1999872 0 0 15624 15624 0 0 
_2.ptx 896 : 499968 4095136 0 31248 15624 0 0 0 0 
_2.ptx 898 : 499968 5850400 0 0 0 0 0 0 0 
_2.ptx 899 : 499968 5884768 0 0 0 0 0 0 0 
_2.ptx 900 : 499968 4219008 0 0 0 0 0 0 0 
_2.ptx 901 : 499968 5594592 0 0 0 0 0 0 0 
_2.ptx 902 : 499968 4257088 0 0 0 0 0 0 0 
_2.ptx 903 : 499968 5884576 0 0 0 0 0 0 0 
_2.ptx 904 : 499968 4201888 0 0 0 0 0 0 0 
_2.ptx 905 : 499968 5606368 0 0 0 0 0 0 0 
_2.ptx 906 : 499968 5875776 0 0 0 0 0 0 0 
_2.ptx 907 : 499968 5874912 0 0 0 0 0 0 0 
_2.ptx 908 : 499968 202006592 1999872 0 0 15624 15624 0 0 
_2.ptx 909 : 499968 3569824 0 31248 15624 0 0 0 0 
_2.ptx 911 : 499968 3634784 0 0 0 0 0 0 0 
_2.ptx 912 : 499968 4138336 0 0 0 0 0 0 0 
_2.ptx 913 : 499968 3698304 0 0 0 0 0 0 0 
_2.ptx 914 : 499968 4430944 0 0 0 0 0 0 0 
_2.ptx 915 : 499968 0 0 0 0 0 0 0 0 
_2.ptx 916 : 499968 3615488 0 0 0 0 0 0 0 
_2.ptx 919 : 4499712 32221280 0 0 0 0 0 0 0 
_2.ptx 920 : 4499712 39514976 0 0 0 0 0 0 0 
_2.ptx 921 : 4499712 26097364 0 0 0 0 0 0 9765 
_2.ptx 923 : 997983 7605981 0 0 0 0 0 0 0 
_2.ptx 924 : 997983 8979649 0 0 0 0 0 0 0 
_2.ptx 925 : 997983 9321583 0 0 0 0 0 0 0 
_2.ptx 926 : 997983 11990654 0 0 0 0 0 0 0 
_2.ptx 927 : 997983 12008433 0 0 0 0 0 0 0 
_2.ptx 928 : 997983 11582131 0 0 0 0 0 0 0 
_2.ptx 929 : 997983 8705093 0 0 0 0 0 0 0 
_2.ptx 930 : 997983 11940147 0 0 0 0 0 0 0 
_2.ptx 931 : 997983 8603755 0 0 0 0 0 0 0 
_2.ptx 932 : 997983 11658880 0 0 0 0 0 0 0 
_2.ptx 933 : 997983 11864903 0 0 0 0 0 0 0 
_2.ptx 934 : 997983 10066281 0 66402 39060 0 0 0 0 
_2.ptx 935 : 997983 11137539 0 0 0 0 0 0 0 
_2.ptx 936 : 997983 8536462 0 0 0 0 0 0 0 
_2.ptx 937 : 997983 11818208 0 0 0 0 0 0 0 
_2.ptx 938 : 997983 8566902 0 0 0 0 0 0 0 
_2.ptx 939 : 997983 11527556 0 0 0 0 0 0 0 
_2.ptx 940 : 997983 11843201 0 0 0 0 0 0 0 
_2.ptx 941 : 997983 10083106 0 66402 39060 0 0 0 0 
_2.ptx 942 : 997983 11734243 0 0 0 0 0 0 0 
_2.ptx 943 : 997983 6688645 0 66402 39060 0 0 0 0 
_2.ptx 946 : 4499712 53932896 0 0 0 0 0 0 0 
_2.ptx 948 : 4499712 37351648 0 0 0 0 0 0 0 
_2.ptx 949 : 4499712 33668096 0 0 0 0 0 0 0 
_2.ptx 950 : 4499712 40076384 0 0 0 0 0 0 0 
_2.ptx 951 : 4499712 29335296 0 0 0 0 0 0 0 
_2.ptx 952 : 499968 3601344 0 0 0 0 0 0 0 
_2.ptx 957 : 499968 3491488 0 0 0 0 0 0 0 
_2.ptx 958 : 499968 4305344 0 0 0 0 0 0 0 
_2.ptx 959 : 499968 3529369 0 0 0 0 0 0 1953 
_2.ptx 961 : 1953 14976 0 0 0 0 0 0 0 
_2.ptx 962 : 1953 20582 0 0 0 0 0 0 0 
_2.ptx 963 : 1953 14887 0 0 0 0 0 0 0 
_2.ptx 964 : 1953 22195 0 0 0 0 0 0 0 
_2.ptx 965 : 1953 15142 0 0 0 0 0 0 0 
_2.ptx 966 : 1953 21189 0 0 0 0 0 0 0 
_2.ptx 967 : 1953 22299 0 0 0 0 0 0 0 
_2.ptx 968 : 1953 6566 0 0 0 0 0 0 0 
_2.ptx 969 : 1953 16405 0 1953 1953 0 0 0 0 
_2.ptx 970 : 1953 6471 0 0 0 0 0 0 0 
_2.ptx 971 : 1953 13063 0 0 0 0 0 0 0 
_2.ptx 972 : 1953 13075 0 0 0 0 0 0 0 
_2.ptx 973 : 1953 16397 0 0 0 0 0 0 0 
_2.ptx 974 : 1953 18280 0 0 0 0 0 0 0 
_2.ptx 975 : 1953 14959 0 0 0 0 0 0 0 
_2.ptx 976 : 1953 21157 0 0 0 0 0 0 0 
_2.ptx 977 : 1953 22210 0 0 0 0 0 0 0 
_2.ptx 978 : 1953 11280 4512 0 0 1953 1953 0 0 
_2.ptx 980 : 1953 13206 0 0 0 0 0 0 0 
_2.ptx 981 : 1953 11094 0 1953 1953 0 0 0 0 
_2.ptx 984 : 499968 4030528 0 0 0 0 0 0 0 
_2.ptx 985 : 499968 3619104 0 0 0 0 0 0 0 
_2.ptx 986 : 499968 4370656 0 0 0 0 0 0 0 
_2.ptx 987 : 499968 0 0 0 0 0 0 0 0 
_2.ptx 988 : 499968 3550368 0 0 0 0 0 0 0 
_2.ptx 992 : 4499712 36608320 0 0 0 0 0 0 0 
_2.ptx 994 : 4499712 32498144 0 0 0 0 0 0 0 
_2.ptx 995 : 4499712 39400640 0 0 0 0 0 0 0 
_2.ptx 996 : 4499712 26135049 0 0 0 0 0 0 9765 
_2.ptx 998 : 997983 7411997 0 0 0 0 0 0 0 
_2.ptx 999 : 997983 8820251 0 0 0 0 0 0 0 
_2.ptx 1000 : 997983 8944945 0 0 0 0 0 0 0 
_2.ptx 1001 : 997983 11825027 0 0 0 0 0 0 0 
_2.ptx 1002 : 997983 11352757 0 0 0 0 0 0 0 
_2.ptx 1003 : 997983 8587977 0 0 0 0 0 0 0 
_2.ptx 1004 : 997983 11776187 0 0 0 0 0 0 0 
_2.ptx 1005 : 997983 8402700 0 0 0 0 0 0 0 
_2.ptx 1006 : 997983 11683585 0 0 0 0 0 0 0 
_2.ptx 1007 : 997983 11725633 0 0 0 0 0 0 0 
_2.ptx 1008 : 997983 10405865 0 66402 39060 0 0 0 0 
_2.ptx 1010 : 997983 11656521 0 0 0 0 0 0 0 
_2.ptx 1011 : 997983 11080528 0 0 0 0 0 0 0 
_2.ptx 1012 : 997983 8447633 0 0 0 0 0 0 0 
_2.ptx 1013 : 997983 11737257 0 0 0 0 0 0 0 
_2.ptx 1014 : 997983 8414075 0 0 0 0 0 0 0 
_2.ptx 1015 : 997983 11379946 0 0 0 0 0 0 0 
_2.ptx 1016 : 997983 11713566 0 0 0 0 0 0 0 
_2.ptx 1017 : 997983 10520390 0 66402 39060 0 0 0 0 
_2.ptx 1018 : 997983 7136314 0 66402 39060 0 0 0 0 
_2.ptx 1020 : 997983 10687597 0 66402 39060 0 0 0 0 
_2.ptx 1021 : 997983 11559008 0 0 0 0 0 0 0 
_2.ptx 1022 : 997983 7161168 0 66402 39060 0 0 0 0 
_2.ptx 1025 : 4499712 54250784 0 0 0 0 0 0 0 
_2.ptx 1026 : 4499712 39452032 0 0 0 0 0 0 0 
_2.ptx 1027 : 4499712 29025536 0 0 0 0 0 0 0 
_2.ptx 1030 : 499968 3601312 0 0 0 0 0 0 0 
_2.ptx 1032 : 499968 2642912 0 0 0 0 0 0 0 
_2.ptx 1033 : 499968 6051168 0 31248 15624 0 0 0 0 
_2.ptx 1034 : 499968 5727136 0 0 0 0 0 0 0 
_2.ptx 1035 : 499968 5144704 1999872 0 0 15624 15624 0 0 
_2.ptx 1037 : 499968 6990528 0 31248 15624 0 0 0 0 
_2.ptx 1038 : 499968 5672384 0 0 0 0 0 0 0 
_2.ptx 1039 : 499968 6701056 1999872 0 0 15624 15624 0 0 
_2.ptx 1041 : 499968 3414080 0 0 0 0 0 0 0 
_3.ptx 1185 : 1000192 6370400 0 0 0 0 0 0 0 
_3.ptx 1186 : 1000192 6372896 0 0 0 0 0 0 0 
_3.ptx 1187 : 1000192 14437216 0 0 0 0 0 0 0 
_3.ptx 1188 : 1000192 6285472 0 0 0 0 0 0 0 
_3.ptx 1189 : 1000192 11467840 0 0 0 0 0 0 0 
_3.ptx 1190 : 1000192 6648864 0 0 0 0 0 0 0 
_3.ptx 1191 : 1000192 12917696 0 0 0 0 0 0 0 
_3.ptx 1192 : 1000192 6547808 0 0 0 0 0 0 0 
_3.ptx 1193 : 1000192 11276160 0 0 0 0 0 0 0 
_3.ptx 1194 : 1000192 25576480 128 0 0 0 0 0 0 
_3.ptx 1195 : 1000192 18889056 0 0 0 0 0 0 0 
_3.ptx 1196 : 1000192 12852800 0 0 0 0 0 0 0 
_3.ptx 1197 : 1000192 8238784 0 0 0 0 0 0 0 
_3.ptx 1198 : 1000192 6367840 0 0 0 0 0 0 0 
_3.ptx 1199 : 192 1152 0 0 0 0 0 0 0 
_3.ptx 1202 : 1000000 13256224 0 0 0 0 0 0 0 
_3.ptx 1203 : 1000000 13536896 0 0 0 0 0 0 0 
_3.ptx 1204 : 1000000 6344704 0 0 0 0 0 0 0 
_3.ptx 1205 : 1000000 11217920 0 0 0 0 0 0 0 
_3.ptx 1206 : 1000000 7498816 0 0 0 0 0 0 0 
_3.ptx 1207 : 1000000 13460320 0 0 0 0 0 0 0 
_3.ptx 1208 : 1000000 10304224 0 0 0 0 0 0 0 
_3.ptx 1209 : 1000000 13514336 0 0 0 0 0 0 0 
_3.ptx 1210 : 1000000 8319456 0 0 0 0 0 0 0 
_3.ptx 1211 : 1000000 9219520 0 0 0 0 0 0 0 
_3.ptx 1212 : 1000000 8284096 0 0 0 0 0 0 0 
_3.ptx 1213 : 1000000 0 0 0 0 0 0 0 0 
_3.ptx 1214 : 1000000 7402368 0 0 0 0 0 0 0 
_3.ptx 1215 : 1000000 11807040 0 0 0 0 0 0 0 
_3.ptx 1216 : 1000000 25131136 0 0 0 0 0 0 0 
_3.ptx 1217 : 1000000 7391776 0 0 0 0 0 0 0 
_3.ptx 1218 : 1000000 12339936 0 0 0 0 0 0 0 
_3.ptx 1219 : 1000000 11201504 0 0 0 0 0 0 0 
_3.ptx 1220 : 1000000 7532672 0 0 0 0 0 0 0 
_3.ptx 1221 : 1000000 12383424 0 0 0 0 0 0 0 
_3.ptx 1222 : 1000000 24459168 0 0 0 0 0 0 0 
_3.ptx 1223 : 1000000 11156448 0 0 0 0 0 0 0 
_3.ptx 1224 : 1000000 23056512 0 0 0 0 0 0 0 
_3.ptx 1225 : 1000000 11134432 0 0 0 0 0 0 0 
_3.ptx 1226 : 1000000 23867744 0 0 0 0 0 0 0 
