kernel line : count latency dram_traffic smem_bk_conflicts smem_warp gmem_access_generated gmem_warp exposed_latency warp_divergence
_1.ptx 2786 : 2771 8622 0 0 0 0 0 0 0 
_1.ptx 2787 : 2771 19954 0 0 0 0 0 0 0 
_1.ptx 2791 : 2780 30954 0 0 0 0 0 0 0 
_1.ptx 2792 : 2780 20077 0 0 0 0 0 0 0 
_1.ptx 2793 : 2780 29192 0 0 0 0 0 0 0 
_1.ptx 2794 : 2780 17315 0 0 0 0 0 0 0 
_1.ptx 2795 : 2780 30935 0 0 0 0 0 0 0 
_1.ptx 2796 : 2780 29254 0 0 0 578 221 0 0 
_1.ptx 2798 : 2780 17158 0 0 0 0 0 0 0 
_1.ptx 2799 : 2780 31114 0 0 0 0 0 0 0 
_1.ptx 2800 : 2780 32691 0 0 0 578 221 0 0 
_1.ptx 2802 : 2780 28157 0 0 0 0 0 0 0 
_1.ptx 2803 : 2780 17400 0 0 0 0 0 0 0 
_1.ptx 2804 : 2780 22504 0 0 0 0 0 0 0 
_1.ptx 2805 : 2780 59 0 0 0 0 0 0 4 
_1.ptx 2808 : 7680 77824 0 0 0 0 0 0 0 
_1.ptx 2809 : 7680 62048 0 0 0 0 0 0 0 
_1.ptx 2810 : 7680 46816 0 0 0 0 0 0 0 
_1.ptx 2816 : 7680 46432 0 0 0 0 0 0 0 
_1.ptx 2630 : 7680 46080 0 0 0 0 0 0 0 
_1.ptx 2631 : 7680 46080 0 0 0 0 0 0 0 
_1.ptx 2632 : 7680 120000 0 0 0 0 0 0 0 
_1.ptx 2633 : 7680 994560 128 0 0 0 0 0 0 
_1.ptx 2634 : 7680 131520 0 0 0 0 0 0 0 
_1.ptx 2635 : 7680 23040 0 0 0 0 0 0 0 
_1.ptx 2636 : 7680 23040 0 0 0 0 0 0 0 
_1.ptx 2637 : 7680 88000 0 0 0 0 0 0 0 
_1.ptx 2638 : 7680 52096 0 0 0 0 0 0 0 
_1.ptx 2639 : 7680 86336 0 0 0 0 0 0 0 
_1.ptx 2640 : 7680 85664 0 0 0 0 0 0 0 
_1.ptx 2641 : 7680 77056 0 0 0 0 0 0 0 
_1.ptx 2642 : 7680 1349216 0 0 0 0 0 0 0 
_1.ptx 2643 : 7680 85088 0 0 0 0 0 0 0 
_1.ptx 2644 : 7680 85920 0 0 0 0 0 0 0 
_1.ptx 2645 : 7680 55488 0 0 0 0 0 0 0 
_1.ptx 2646 : 7680 86208 0 0 0 0 0 0 0 
_1.ptx 2647 : 7680 63488 0 0 0 0 0 0 0 
_1.ptx 2648 : 7680 0 0 0 0 0 0 0 0 
_1.ptx 2649 : 7680 23040 0 0 0 0 0 0 0 
_1.ptx 2650 : 7680 62528 0 0 0 0 0 0 0 
_1.ptx 2651 : 7680 0 0 0 0 0 0 0 0 
_1.ptx 2652 : 7680 62912 0 0 0 0 0 0 0 
_1.ptx 2655 : 7680 59552 0 0 0 0 0 0 0 
_1.ptx 2656 : 7680 0 0 0 0 0 0 0 0 
_1.ptx 2657 : 7680 91360 0 0 0 0 0 0 0 
_1.ptx 2658 : 7680 59296 0 0 0 0 0 0 0 
_1.ptx 2659 : 7680 55008 0 0 0 0 0 0 0 
_1.ptx 2660 : 7680 56864 0 0 0 0 0 0 0 
_1.ptx 2661 : 7680 65824 0 0 0 0 0 0 0 
_1.ptx 2662 : 7680 50656 0 0 0 0 0 0 0 
_1.ptx 2663 : 7680 60256 0 0 0 0 0 0 0 
_1.ptx 2666 : 29491200 242192512 0 0 0 0 0 0 0 
_1.ptx 2667 : 29491200 48340 0 0 0 0 0 0 7680 
_1.ptx 2669 : 29483520 92837459 0 0 0 0 0 0 0 
_1.ptx 2670 : 29483520 184552862 0 0 0 0 0 0 0 
_1.ptx 2671 : 29483520 184491672 0 0 0 0 0 0 0 
_1.ptx 2672 : 29483520 215513644 0 0 0 0 0 0 0 
_1.ptx 2673 : 29483520 305924850 0 0 0 0 0 0 0 
_1.ptx 2674 : 29483520 329700874 0 0 0 0 0 0 0 
_1.ptx 2675 : 29483520 191879722 92160 0 0 2764800 921600 0 0 
_1.ptx 2676 : 29483520 184599820 0 0 0 0 0 0 0 
_1.ptx 2677 : 29483520 242710977 0 0 0 0 0 0 0 
_1.ptx 2678 : 29483520 270932279 0 0 0 0 0 0 0 
_1.ptx 2680 : 29483520 306701540 0 0 0 0 0 0 0 
_1.ptx 2681 : 29483520 190323712 0 0 0 0 0 0 0 
_1.ptx 2682 : 29483520 191273705 0 0 0 0 0 0 0 
_1.ptx 2683 : 29483520 216420987 0 0 0 0 0 0 0 
_1.ptx 2684 : 29483520 307083738 0 0 0 0 0 0 0 
_1.ptx 2685 : 29483520 330188198 0 0 0 0 0 0 0 
_1.ptx 2686 : 29483520 282737399 0 0 0 921600 921600 0 0 
_1.ptx 2687 : 29483520 185581002 0 0 0 0 0 0 0 
_1.ptx 2688 : 29483520 242964768 0 0 0 0 0 0 0 
_1.ptx 2689 : 29483520 272673898 0 0 0 0 0 0 0 
_1.ptx 2690 : 29483520 191166294 0 0 0 0 0 0 0 
_1.ptx 2691 : 29483520 243730430 0 0 0 0 0 0 0 
_1.ptx 2692 : 29483520 0 0 0 0 0 0 0 0 
_1.ptx 2693 : 29483520 218821766 0 0 0 0 0 0 0 
_1.ptx 2694 : 29483520 191278455 0 0 0 0 0 0 0 
_1.ptx 2695 : 29483520 245150605 0 0 0 0 0 0 0 
_1.ptx 2696 : 29483520 196069694 0 0 0 0 0 0 0 
_1.ptx 2697 : 29483520 196177877 0 0 0 0 0 0 0 
_1.ptx 2698 : 29483520 190816522 0 0 0 0 0 0 0 
_1.ptx 2699 : 29483520 219389207 0 0 0 0 0 0 0 
_1.ptx 2702 : 88442886 0 0 0 0 0 0 0 0 
_1.ptx 2703 : 88442886 649001567 0 0 0 0 0 0 0 
_1.ptx 2704 : 88442886 987787444 0 0 0 0 0 0 0 
_1.ptx 2705 : 88442886 650082608 0 0 0 0 0 0 0 
_1.ptx 2706 : 88442886 918450613 0 0 0 0 0 0 0 
_1.ptx 2707 : 88442886 986601564 0 0 0 0 0 0 0 
_1.ptx 2708 : 88442886 561838720 0 0 0 8343221 2808545 0 0 
_1.ptx 2709 : 88442886 556480805 0 0 0 0 0 0 0 
_1.ptx 2710 : 88442886 646705327 0 0 0 0 0 0 0 
_1.ptx 2713 : 265316072 2983756624 0 0 0 0 0 0 0 
_1.ptx 2714 : 265316072 1933765436 0 0 0 0 0 0 0 
_1.ptx 2715 : 265316072 2744154077 0 0 0 0 0 0 0 
_1.ptx 2716 : 265316072 2958981082 0 0 0 0 0 0 0 
_1.ptx 2717 : 265316072 1138570084 0 0 0 8469172 8469172 0 0 
_1.ptx 2718 : 265316072 2176752078 0 0 0 0 0 0 0 
_1.ptx 2719 : 265316072 1661037166 0 0 0 0 0 0 59253 
_1.ptx 2721 : 98010 1010146 0 0 0 0 0 0 0 
_1.ptx 2722 : 98010 632026 0 0 0 0 0 0 0 
_1.ptx 2723 : 98010 803835 0 0 0 0 0 0 0 
_1.ptx 2724 : 98010 487713 0 0 0 0 0 0 0 
_1.ptx 2726 : 20260 149278 0 0 0 0 0 0 0 
_1.ptx 2727 : 20260 132142 0 0 0 0 0 0 0 
_1.ptx 2730 : 77750 565979 0 0 0 0 0 0 0 
_1.ptx 2733 : 265295812 2712133265 0 0 0 0 0 0 0 
_1.ptx 2734 : 265295812 2169938863 0 0 0 0 0 0 0 
_1.ptx 2735 : 265295812 1106405275 0 0 0 0 0 0 0 
_1.ptx 2738 : 88422626 908285317 0 0 0 0 0 0 0 
_1.ptx 2739 : 88422626 725573949 0 0 0 0 0 0 0 
_1.ptx 2740 : 88422626 371109086 0 0 0 0 0 0 0 
_1.ptx 2743 : 29463260 184767977 0 0 0 0 0 0 0 
_1.ptx 2746 : 29483520 217432819 0 0 0 0 0 0 0 
_1.ptx 2747 : 29483520 187928489 0 0 0 0 0 0 0 
_1.ptx 2748 : 29483520 241566609 0 0 0 0 0 0 0 
_1.ptx 2749 : 29483520 216337164 0 0 0 0 0 0 0 
_1.ptx 2750 : 29483520 243031098 0 0 0 0 0 0 0 
_1.ptx 2751 : 29483520 191771240 0 0 0 0 0 0 0 
_1.ptx 2752 : 29483520 241891251 0 0 0 0 0 0 0 
_1.ptx 2753 : 29483520 184601372 0 0 0 0 0 0 11247 
_1.ptx 2755 : 20260 225701 0 0 0 0 0 0 0 
_1.ptx 2756 : 20260 148214 0 0 0 0 0 0 0 
_1.ptx 2757 : 20260 209449 0 0 0 0 0 0 0 
_1.ptx 2758 : 20260 62502 0 0 0 0 0 0 0 
_1.ptx 2759 : 20260 226160 0 0 0 0 0 0 0 
_1.ptx 2760 : 20260 118208 26752 0 0 13785 11247 0 0 
_1.ptx 2762 : 20260 69398 0 0 0 0 0 0 0 
_1.ptx 2763 : 20260 225982 0 0 0 0 0 0 0 
_1.ptx 2764 : 20260 112555 26752 0 0 13785 11247 0 0 
_1.ptx 2766 : 20260 207274 0 0 0 0 0 0 0 
_1.ptx 2767 : 20260 130289 0 0 0 0 0 0 0 
_1.ptx 2768 : 20260 166412 0 0 0 0 0 0 0 
_1.ptx 2771 : 29491200 302571552 0 0 0 0 0 0 0 
_1.ptx 2772 : 29491200 241844448 0 0 0 0 0 0 0 
_1.ptx 2773 : 29491200 184758336 0 0 0 0 0 0 0 
_1.ptx 2774 : 7680 47488 0 0 0 0 0 0 0 
_1.ptx 2781 : 7680 29932 0 0 0 0 0 0 217 
_1.ptx 2782 : 2771 17090 0 0 0 0 0 0 0 
_1.ptx 2783 : 2771 30760 0 0 0 0 0 0 0 
_1.ptx 2784 : 2771 29890 0 0 0 0 0 0 0 
_1.ptx 2785 : 2771 8476 0 0 0 0 0 0 0 
