kernel line : count latency dram_traffic smem_bk_conflicts smem_warp gmem_access_generated gmem_warp exposed_latency warp_divergence
_1.ptx 1393 : 4200000 25200320 0 0 0 0 0 0 0 
_1.ptx 1398 : 448 2688 0 0 0 0 0 0 0 
_1.ptx 1400 : 4200448 25203360 0 0 0 0 0 0 0 
_1.ptx 1401 : 4200448 33633440 0 0 0 0 0 0 0 
_1.ptx 1402 : 4200448 2688 0 0 0 0 0 0 0 
_1.ptx 1404 : 4200000 25200832 0 0 0 0 0 0 0 
_1.ptx 1405 : 4200000 69688544 0 0 0 0 0 0 0 
_1.ptx 1406 : 4200000 27972096 5792 0 0 131250 131250 0 0 
_1.ptx 1010 : 1000448 6002688 0 0 0 0 0 0 0 
_1.ptx 1409 : 4200448 25202848 0 0 0 0 0 0 0 
_1.ptx 1011 : 1000448 6002688 0 0 0 0 0 0 0 
_1.ptx 1012 : 1000448 11035232 0 0 0 0 0 0 0 
_1.ptx 1013 : 1000448 6002688 0 0 0 0 0 0 0 
_1.ptx 1014 : 1000448 11009344 0 0 0 0 0 0 0 
_1.ptx 1015 : 1000448 18138976 128 0 0 0 0 0 0 
_1.ptx 1016 : 1000448 8022912 0 0 0 0 0 0 0 
_1.ptx 1017 : 1000448 2688 0 0 0 0 0 0 0 
_1.ptx 1019 : 1000000 7025696 0 0 0 0 0 0 0 
_1.ptx 1020 : 1000000 10096960 0 0 0 0 0 0 0 
_1.ptx 1021 : 1000000 6000000 0 0 0 0 0 0 0 
_1.ptx 1022 : 1000000 10842016 0 0 0 0 0 0 0 
_1.ptx 1023 : 1000000 11009440 0 0 0 0 0 0 0 
_1.ptx 1024 : 1000000 17668224 4000000 0 0 31250 31250 0 0 
_1.ptx 1025 : 1000000 6000000 0 0 0 0 0 0 0 
_1.ptx 1026 : 1000000 15773888 0 0 0 0 0 0 0 
_1.ptx 1027 : 1000000 11055968 0 0 0 0 0 0 0 
_1.ptx 1028 : 1000000 17649760 4000000 0 0 31250 31250 0 0 
_1.ptx 1029 : 1000000 6000000 0 0 0 0 0 0 0 
_1.ptx 1030 : 1000000 16196864 0 0 0 0 0 0 0 
_1.ptx 1031 : 1000000 11022496 0 0 0 0 0 0 0 
_1.ptx 1032 : 1000000 16887360 4000000 0 0 31250 31250 0 0 
_1.ptx 1232 : 4200448 25203200 0 0 0 0 0 0 0 
_1.ptx 1233 : 4200448 25203488 0 0 0 0 0 0 0 
_1.ptx 1234 : 4200448 53565312 0 0 0 0 0 0 0 
_1.ptx 1035 : 1000448 6002688 0 0 0 0 0 0 0 
_1.ptx 1235 : 4200448 20020160 0 0 0 0 0 0 0 
_1.ptx 1236 : 4200448 53531296 0 0 0 0 0 0 0 
_1.ptx 1237 : 4200448 25232928 0 0 0 0 0 0 0 
_1.ptx 1238 : 4200448 46220128 0 0 0 0 0 0 0 
_1.ptx 1239 : 4200448 15215008 0 0 0 0 0 0 0 
_1.ptx 1240 : 4200448 46215072 0 0 0 0 0 0 0 
_1.ptx 1241 : 4200448 42020224 0 0 0 0 0 0 0 
_1.ptx 1242 : 4200448 640137664 0 0 0 0 0 0 0 
_1.ptx 1243 : 4200448 639445632 0 0 0 0 0 0 0 
_1.ptx 1244 : 4200448 50391296 0 0 0 0 0 0 0 
_1.ptx 1245 : 4200448 33616032 0 0 0 0 0 0 0 
_1.ptx 1246 : 4200448 2688 0 0 0 0 0 0 0 
_1.ptx 1247 : 4200000 25202112 0 0 0 0 0 0 0 
_1.ptx 1248 : 4200000 33610336 0 0 0 0 0 0 0 
_1.ptx 1249 : 4200000 0 0 0 0 0 0 0 0 
_1.ptx 1250 : 4200000 29411360 0 0 0 0 0 0 0 
_1.ptx 1251 : 4200000 46207936 0 0 0 0 0 0 0 
_1.ptx 1252 : 4200000 46029824 0 0 0 0 0 0 0 
_1.ptx 1253 : 4200000 47033920 0 0 0 0 0 0 0 
_1.ptx 1254 : 4200000 39206176 128 0 0 0 0 0 0 
_1.ptx 1255 : 4200000 39493888 0 0 0 0 0 0 0 
_1.ptx 1256 : 4200000 25204768 0 0 0 0 0 0 0 
_1.ptx 1257 : 4200000 29423296 0 0 0 0 0 0 0 
_1.ptx 1260 : 4200000 29435008 0 0 0 0 0 0 0 
_1.ptx 1261 : 4200000 42064928 0 0 0 0 0 0 0 
_1.ptx 1265 : 12600000 88244544 0 0 0 0 0 0 0 
_1.ptx 1266 : 12600000 149165856 0 0 0 0 0 0 0 
_1.ptx 1267 : 12600000 138620064 0 0 0 0 0 0 0 
_1.ptx 1268 : 12600000 4648343840 70732800 0 0 1181250 393750 0 0 
_1.ptx 1269 : 12600000 88232768 0 0 0 0 0 0 0 
_1.ptx 1270 : 12600000 138645440 0 0 0 0 0 0 0 
_1.ptx 1271 : 12600000 9081880160 1373853440 0 0 12593833 393750 0 0 
_1.ptx 1272 : 12600000 75601952 0 0 0 0 0 0 0 
_1.ptx 1273 : 12600000 100809088 0 0 0 0 0 0 0 
_1.ptx 1274 : 12600000 0 0 0 0 0 0 0 0 
_1.ptx 1276 : 12600000 143346528 0 0 0 0 0 0 0 
_1.ptx 1277 : 12600000 138608000 0 0 0 0 0 0 0 
_1.ptx 1278 : 12600000 4368151328 58005376 0 0 1181250 393750 0 0 
_1.ptx 1279 : 12600000 100888032 0 0 0 0 0 0 0 
_1.ptx 1280 : 12600000 25200000 0 0 0 0 0 0 0 
_1.ptx 1282 : 8400000 58990880 0 0 0 0 0 0 0 
_1.ptx 1283 : 8400000 86276928 0 0 0 0 0 0 0 
_1.ptx 1284 : 8400000 274862656 0 0 0 0 0 0 0 
_1.ptx 1285 : 8400000 92411616 0 0 0 0 0 0 0 
_1.ptx 1286 : 8400000 1038828192 2234624 0 0 787500 262500 0 0 
_1.ptx 1287 : 8400000 58813728 0 0 0 0 0 0 0 
_1.ptx 1288 : 8400000 86115168 0 0 0 0 0 0 0 
_1.ptx 1289 : 8400000 92411584 0 0 0 0 0 0 0 
_1.ptx 1290 : 8400000 5610888672 637714176 0 0 8395986 262500 0 0 
_1.ptx 1291 : 8400000 92423072 0 0 0 0 0 0 0 
_1.ptx 1292 : 8400000 2054713536 0 0 0 787500 262500 0 0 
_1.ptx 1293 : 8400000 394684416 0 0 0 0 0 0 0 
_1.ptx 1294 : 8400000 50400032 0 0 0 0 0 0 0 
_1.ptx 1296 : 4200000 25200000 0 0 0 0 0 0 0 
_1.ptx 1298 : 12600000 126058400 0 0 0 0 0 0 0 
_1.ptx 1299 : 12600000 100853760 0 0 0 0 0 0 0 
_1.ptx 1300 : 12600000 25200032 0 0 0 0 0 0 0 
_1.ptx 1301 : 8400000 58864256 0 0 0 0 0 0 0 
_1.ptx 1302 : 8400000 91541504 0 0 0 0 0 0 0 
_1.ptx 1303 : 8400000 154936864 0 0 0 0 0 0 0 
_1.ptx 1304 : 8400000 92415872 0 0 0 0 0 0 0 
_1.ptx 1305 : 8400000 833240704 670592 0 0 787500 262500 0 0 
_1.ptx 1306 : 8400000 58811072 0 0 0 0 0 0 0 
_1.ptx 1307 : 8400000 86593088 0 0 0 0 0 0 0 
_1.ptx 1308 : 8400000 92449024 0 0 0 0 0 0 0 
_1.ptx 1309 : 8400000 6131521888 958911744 0 0 8395876 262500 0 0 
_1.ptx 1310 : 8400000 92419136 0 0 0 0 0 0 0 
_1.ptx 1311 : 8400000 2486854720 1792 0 0 787500 262500 0 0 
_1.ptx 1312 : 8400000 390519584 0 0 0 0 0 0 0 
_1.ptx 1313 : 8400000 92423072 0 0 0 0 0 0 0 
_1.ptx 1315 : 12600000 126107136 0 0 0 0 0 0 0 
_1.ptx 1316 : 12600000 100845344 0 0 0 0 0 0 0 
_1.ptx 1317 : 12600000 25200032 0 0 0 0 0 0 0 
_1.ptx 1318 : 8400000 58855008 0 0 0 0 0 0 0 
_1.ptx 1319 : 8400000 85214880 0 0 0 0 0 0 0 
_1.ptx 1320 : 8400000 94968576 0 0 0 0 0 0 0 
_1.ptx 1321 : 8400000 92420864 0 0 0 0 0 0 0 
_1.ptx 1322 : 8400000 734044256 851584 0 0 787500 262500 0 0 
_1.ptx 1323 : 8400000 58813792 0 0 0 0 0 0 0 
_1.ptx 1324 : 8400000 86546624 0 0 0 0 0 0 0 
_1.ptx 1325 : 8400000 92417888 0 0 0 0 0 0 0 
_1.ptx 1326 : 8400000 5601595296 647945216 0 0 8395804 262500 0 0 
_1.ptx 1327 : 8400000 92413376 0 0 0 0 0 0 0 
_1.ptx 1328 : 8400000 2221833568 7040 0 0 787500 262500 0 0 
_1.ptx 1329 : 8400000 398102688 0 0 0 0 0 0 0 
_1.ptx 1330 : 8400000 92406048 0 0 0 0 0 0 0 
_1.ptx 1332 : 12600000 138759392 0 0 0 0 0 0 0 
_1.ptx 1333 : 12600000 88252544 0 0 0 0 0 0 0 
_1.ptx 1334 : 12600000 88235712 0 0 0 0 0 0 0 
_1.ptx 1335 : 12600000 75647808 0 0 0 0 0 0 0 
_1.ptx 1336 : 12600000 100893952 0 0 0 0 0 0 0 
_1.ptx 1337 : 12600000 397440 0 0 0 0 0 0 59636 
_1.ptx 1339 : 12533760 199858599 246656 0 0 1181250 393750 0 0 
_1.ptx 1341 : 12533760 75202814 0 0 0 0 0 0 0 
_1.ptx 1342 : 12533760 87751727 0 0 0 0 0 0 0 
_1.ptx 1343 : 12533760 188070529 0 0 0 0 0 0 0 
_1.ptx 1344 : 12533760 87776062 0 0 0 0 0 0 0 
_1.ptx 1345 : 12533760 75241524 0 0 0 0 0 0 0 
_1.ptx 1346 : 12533760 87863908 0 0 0 0 0 0 0 
_1.ptx 1347 : 12533760 188049247 0 0 0 0 0 0 0 
_1.ptx 1348 : 12533760 75223529 0 0 0 0 0 0 0 
_1.ptx 1349 : 12533760 100283256 0 0 0 0 0 0 0 
_1.ptx 1350 : 12533760 74622 0 0 0 0 0 0 12221 
_1.ptx 1352 : 12521323 87695070 0 0 0 0 0 0 0 
_1.ptx 1353 : 12521323 4222413708 0 0 0 0 0 0 0 
_1.ptx 1354 : 12521323 87740913 0 0 0 0 0 0 0 
_1.ptx 1357 : 12533760 165769028 0 0 0 0 0 0 0 
_1.ptx 1358 : 12533760 112884611 0 0 0 0 0 0 0 
_1.ptx 1359 : 12533760 137906191 0 0 0 0 0 0 0 
_1.ptx 1360 : 12533760 9003592103 1536603648 0 0 12527654 393750 0 0 
_1.ptx 1361 : 12533760 137873777 0 0 0 0 0 0 0 
_1.ptx 1362 : 12533760 1064032281 6176 0 0 12527654 393750 0 0 
_1.ptx 1363 : 12533760 151029845 0 0 0 0 0 0 0 
_1.ptx 1364 : 12533760 138254024 0 0 0 0 0 0 0 
_1.ptx 1365 : 12533760 4562905317 26561536 0 0 1181250 393750 0 0 
_1.ptx 1366 : 12533760 75202560 0 0 0 0 0 0 0 
_1.ptx 1367 : 12533760 100361278 0 0 0 0 0 0 0 
_1.ptx 1368 : 12533760 37598726 0 0 0 0 0 0 393750 
_1.ptx 1370 : 6267449 202464699 0 0 0 0 0 0 0 
_1.ptx 1371 : 6267449 68956863 0 0 0 0 0 0 0 
_1.ptx 1372 : 6267449 3909999612 785348992 0 0 6265926 393750 0 0 
_1.ptx 1373 : 6267449 68946884 0 0 0 0 0 0 0 
_1.ptx 1374 : 6267449 237453071 1248 0 0 6265926 393750 0 0 
_1.ptx 1375 : 6267449 37605444 0 0 0 0 0 0 0 
_1.ptx 1378 : 6266311 59585445 0 0 0 0 0 0 0 
_1.ptx 1379 : 6266311 68956990 0 0 0 0 0 0 0 
_1.ptx 1380 : 6266311 3788440968 785181184 0 0 6264803 393750 0 0 
_1.ptx 1381 : 6266311 68933631 0 0 0 0 0 0 0 
_1.ptx 1382 : 6266311 235112874 1568 0 0 6264803 393750 0 0 
_1.ptx 1384 : 12533760 75203608 0 0 0 0 0 0 0 
_1.ptx 1387 : 12600000 126027840 0 0 0 0 0 0 0 
_1.ptx 1388 : 12600000 100847488 0 0 0 0 0 0 0 
_1.ptx 1389 : 12600000 50400320 0 0 0 0 0 0 0 
_1.ptx 1390 : 4200000 29407712 0 0 0 0 0 0 0 
_1.ptx 1391 : 4200000 33605760 0 0 0 0 0 0 0 
_1.ptx 1392 : 4200000 0 0 0 0 0 0 0 0 
