kernel line : count latency dram_traffic smem_bk_conflicts smem_warp gmem_access_generated gmem_warp exposed_latency warp_divergence
_3.ptx 1227 : 25604099 282102324 0 0 0 0 0 0 0 
_3.ptx 1228 : 25604099 31908140309 1048924416 0 0 25604099 1678196 0 0 
_3.ptx 1229 : 25604099 154054453 0 0 0 0 0 0 0 
_3.ptx 1230 : 25604099 205161783 0 0 0 0 0 0 0 
_3.ptx 1231 : 25604099 230947166 0 0 0 0 0 0 0 
_3.ptx 1233 : 25604099 153892622 0 0 0 0 0 0 0 
_3.ptx 1236 : 737280 5175743 0 0 0 0 0 0 0 
_3.ptx 1237 : 737280 8119702 0 0 0 0 0 0 0 
_3.ptx 1238 : 737280 692533722 41841536 0 0 737280 286414 0 0 
_3.ptx 1239 : 737280 4437260 0 0 0 0 0 0 0 
_3.ptx 1240 : 737280 5911269 0 0 0 0 0 0 0 
_3.ptx 1241 : 737280 3968948 0 0 0 0 0 0 11691 
_3.ptx 1242 : 76800 461532 0 0 0 0 0 0 0 
_3.ptx 1243 : 76800 461864 0 0 0 0 0 0 0 
_3.ptx 1246 : 660480 3967003 0 0 0 0 0 0 0 
_3.ptx 1247 : 660480 5299774 0 0 0 0 0 0 0 
_3.ptx 1248 : 660480 4652956 0 0 0 0 0 0 0 
_3.ptx 1249 : 660480 3988736 0 0 0 0 0 0 0 
_3.ptx 1252 : 146432 1030097 0 0 0 0 0 0 0 
_3.ptx 1253 : 146432 1613843 0 0 0 0 0 0 0 
_3.ptx 1254 : 146432 116724889 6325760 0 0 146432 64480 0 0 
_3.ptx 1255 : 146432 882372 0 0 0 0 0 0 0 
_3.ptx 1256 : 146432 1174970 0 0 0 0 0 0 0 
_3.ptx 1257 : 146432 541751 0 0 0 0 0 0 1204 
_3.ptx 1259 : 56320 338690 0 0 0 0 0 0 0 
_3.ptx 1260 : 56320 17764453 1498336 0 0 0 0 0 0 
_3.ptx 1261 : 56320 339732 0 0 0 0 0 0 0 
_3.ptx 1262 : 56320 15829609 516288 0 0 0 0 0 0 
_3.ptx 1263 : 56320 339714 0 0 0 0 0 0 0 
_3.ptx 1264 : 56320 14783754 70592 0 0 0 0 0 0 
_3.ptx 1265 : 56320 339721 0 0 0 0 0 0 0 
_3.ptx 1266 : 56320 14387717 61216 0 0 0 0 0 0 
_3.ptx 1267 : 56320 339794 0 0 0 0 0 0 0 
_3.ptx 1268 : 56320 14742106 1494560 0 0 0 0 0 0 
_3.ptx 1269 : 56320 339796 0 0 0 0 0 0 0 
_3.ptx 1273 : 281600 1986694 0 0 0 0 0 0 0 
_3.ptx 1274 : 281600 3107582 0 0 0 0 0 0 0 
_3.ptx 1275 : 281600 170166430 3340032 0 0 0 0 0 0 
_3.ptx 1276 : 281600 3110648 0 0 0 0 0 0 0 
_3.ptx 1277 : 281600 180316863 7557248 0 0 281600 121320 0 0 
_3.ptx 1278 : 281600 2262065 0 0 0 0 0 0 0 
_2.ptx 869 : 12288 73728 0 0 0 0 0 0 0 
_3.ptx 1279 : 281600 339006 0 0 0 0 0 0 0 
_2.ptx 870 : 12288 36864 0 0 0 0 0 0 0 
_2.ptx 871 : 12288 78080 0 0 0 0 0 0 0 
_3.ptx 1281 : 225280 2265776 0 0 0 0 0 0 0 
_2.ptx 872 : 12288 101824 0 0 0 0 0 0 0 
_3.ptx 1282 : 225280 1359279 0 0 0 0 0 0 0 
_2.ptx 873 : 12288 0 0 0 0 0 0 0 0 
_3.ptx 1283 : 225280 1810823 0 0 0 0 0 0 0 
_2.ptx 874 : 12288 73728 0 0 0 0 0 0 0 
_3.ptx 1284 : 225280 1356271 0 0 0 0 0 0 0 
_2.ptx 875 : 12288 86016 0 0 0 0 0 0 0 
_2.ptx 876 : 12288 99840 0 0 0 0 0 0 0 
_2.ptx 877 : 12288 76512 0 0 0 0 0 0 0 
_3.ptx 1290 : 56320 338767 0 0 0 0 0 0 0 
_2.ptx 881 : 12288 73728 0 0 0 0 0 0 0 
_3.ptx 1291 : 56320 452226 0 0 0 0 0 0 0 
_3.ptx 1292 : 56320 0 0 0 0 0 0 0 0 
_2.ptx 883 : 12288 73728 0 0 0 0 0 0 0 
_2.ptx 884 : 12288 150848 0 0 0 0 0 0 0 
_3.ptx 1294 : 56320 565671 0 0 0 0 0 0 0 
_2.ptx 885 : 12288 91616 0 0 0 0 0 0 0 
_2.ptx 886 : 12288 105344 0 0 0 0 0 0 0 
_3.ptx 1295 : 56320 339610 0 0 0 0 0 0 0 
_2.ptx 887 : 12288 224224 0 0 0 0 0 0 0 
_3.ptx 1296 : 56320 341395 0 0 0 0 0 0 0 
_2.ptx 888 : 12288 110592 0 0 0 0 0 0 0 
_2.ptx 889 : 12288 157088 0 0 0 0 0 0 0 
_2.ptx 890 : 12288 115360 0 0 0 0 0 0 0 
_2.ptx 891 : 12288 203264 0 0 0 0 0 0 0 
_2.ptx 892 : 12288 136416 0 0 0 0 0 0 0 
_2.ptx 893 : 12288 36864 0 0 0 0 0 0 0 
_2.ptx 894 : 12288 135904 0 0 0 0 0 0 0 
_3.ptx 1303 : 90112 541396 0 0 0 0 0 0 0 
_2.ptx 895 : 12288 5337248 49152 0 0 384 384 0 0 
_3.ptx 1304 : 90112 542008 0 0 0 0 0 0 0 
_2.ptx 896 : 12288 76512 0 768 384 0 0 0 0 
_3.ptx 1305 : 90112 541461 0 0 0 0 0 0 0 
_3.ptx 1306 : 90112 727298 0 0 0 0 0 0 0 
_2.ptx 898 : 12288 137600 0 0 0 0 0 0 0 
_3.ptx 1307 : 90112 812867 0 0 0 0 0 0 0 
_2.ptx 899 : 12288 138720 0 0 0 0 0 0 0 
_3.ptx 1308 : 90112 542176 0 0 0 0 0 0 0 
_2.ptx 900 : 12288 94432 0 0 0 0 0 0 0 
_2.ptx 901 : 12288 130656 0 0 0 0 0 0 0 
_2.ptx 902 : 12288 94496 0 0 0 0 0 0 0 
_3.ptx 1311 : 112640 792225 0 0 0 0 0 0 0 
_2.ptx 903 : 12288 138752 0 0 0 0 0 0 0 
_3.ptx 1312 : 112640 1241713 0 0 0 0 0 0 0 
_2.ptx 904 : 12288 94112 0 0 0 0 0 0 0 
_3.ptx 1313 : 112640 84736124 5648384 0 0 112640 47872 0 0 
_2.ptx 905 : 12288 132000 0 0 0 0 0 0 0 
_3.ptx 1314 : 112640 679929 0 0 0 0 0 0 0 
_2.ptx 906 : 12288 138432 0 0 0 0 0 0 0 
_3.ptx 1315 : 112640 904414 0 0 0 0 0 0 0 
_2.ptx 907 : 12288 138752 0 0 0 0 0 0 0 
_3.ptx 1316 : 112640 0 0 0 0 0 0 0 0 
_2.ptx 908 : 12288 3744640 49152 0 0 384 384 0 0 
_3.ptx 1317 : 112640 677762 0 0 0 0 0 0 0 
_2.ptx 909 : 12288 77376 0 768 384 0 0 0 0 
_3.ptx 1318 : 112640 904565 0 0 0 0 0 0 0 
_3.ptx 1319 : 112640 338937 0 0 0 0 0 0 656 
_2.ptx 911 : 12288 77344 0 0 0 0 0 0 0 
_2.ptx 912 : 12288 90688 0 0 0 0 0 0 0 
_2.ptx 913 : 12288 78144 0 0 0 0 0 0 0 
_3.ptx 1322 : 56320 339295 0 0 0 0 0 0 0 
_2.ptx 914 : 12288 101856 0 0 0 0 0 0 0 
_3.ptx 1323 : 56320 338812 0 0 0 0 0 0 0 
_2.ptx 915 : 12288 0 0 0 0 0 0 0 0 
_2.ptx 916 : 12288 78688 0 0 0 0 0 0 0 
_3.ptx 1326 : 56320 338794 0 0 0 0 0 0 0 
_3.ptx 1327 : 56320 339223 0 0 0 0 0 0 0 
_2.ptx 919 : 110592 724480 0 0 0 0 0 0 0 
_3.ptx 1328 : 56320 338708 0 0 0 0 0 0 0 
_2.ptx 920 : 110592 927264 0 0 0 0 0 0 0 
_3.ptx 1329 : 56320 452378 0 0 0 0 0 0 0 
_2.ptx 921 : 110592 589832 0 0 0 0 0 0 240 
_3.ptx 1330 : 56320 508929 0 0 0 0 0 0 0 
_3.ptx 1331 : 56320 339267 0 0 0 0 0 0 0 
_2.ptx 923 : 24528 179894 0 0 0 0 0 0 0 
_2.ptx 924 : 24528 211376 0 0 0 0 0 0 0 
_2.ptx 925 : 24528 223203 0 0 0 0 0 0 0 
_3.ptx 1334 : 56320 395832 0 0 0 0 0 0 0 
_2.ptx 926 : 24528 291527 0 0 0 0 0 0 0 
_3.ptx 1335 : 56320 620540 0 0 0 0 0 0 0 
_2.ptx 927 : 24528 292206 0 0 0 0 0 0 0 
_3.ptx 1336 : 56320 395746 0 0 0 0 0 0 0 
_2.ptx 928 : 24528 277827 0 0 0 0 0 0 0 
_3.ptx 1337 : 56320 41680397 2622976 0 0 56320 24264 0 0 
_2.ptx 929 : 24528 207289 0 0 0 0 0 0 0 
_3.ptx 1338 : 56320 339752 0 0 0 0 0 0 0 
_2.ptx 930 : 24528 291646 0 0 0 0 0 0 0 
_3.ptx 1339 : 56320 452152 0 0 0 0 0 0 0 
_2.ptx 931 : 24528 210053 0 0 0 0 0 0 0 
_3.ptx 1340 : 56320 0 0 0 0 0 0 0 0 
_2.ptx 932 : 24528 341294 0 0 0 0 0 0 0 
_2.ptx 933 : 24528 280461 0 0 0 0 0 0 0 
_2.ptx 934 : 24528 251525 0 1632 960 0 0 0 0 
_3.ptx 1343 : 1783808 17934378 0 0 0 0 0 0 0 
_2.ptx 935 : 24528 267417 0 0 0 0 0 0 0 
_3.ptx 1344 : 1783808 976337735 21323264 0 0 1783808 756307 0 0 
_2.ptx 936 : 24528 209574 0 0 0 0 0 0 0 
_3.ptx 1345 : 1783808 10772828 0 0 0 0 0 0 0 
_2.ptx 937 : 24528 291030 0 0 0 0 0 0 0 
_3.ptx 1346 : 1783808 14344624 0 0 0 0 0 0 0 
_2.ptx 938 : 24528 212275 0 0 0 0 0 0 0 
_3.ptx 1347 : 1783808 10423336 0 0 0 0 0 0 0 
_2.ptx 939 : 24528 294534 0 0 0 0 0 0 0 
_2.ptx 940 : 24528 286522 0 0 0 0 0 0 0 
_2.ptx 941 : 24528 267846 0 1632 960 0 0 0 0 
_3.ptx 1350 : 56320 397962 0 0 0 0 0 0 0 
_2.ptx 942 : 24528 276879 0 0 0 0 0 0 0 
_3.ptx 1351 : 56320 565696 0 0 0 0 0 0 0 
_2.ptx 943 : 24528 180278 0 1632 960 0 0 0 0 
_3.ptx 1352 : 56320 17309637 0 0 0 0 0 0 0 
_3.ptx 1353 : 56320 624038 0 0 0 0 0 0 0 
_3.ptx 1354 : 56320 42608246 2912512 0 0 24264 24264 0 0 
_2.ptx 946 : 110592 1382112 0 0 0 0 0 0 0 
_3.ptx 1355 : 56320 565258 0 0 0 0 0 0 0 
_3.ptx 1356 : 56320 17921031 237344 0 0 24264 24264 0 0 
_2.ptx 948 : 110592 842784 0 0 0 0 0 0 0 
_2.ptx 949 : 110592 781248 0 0 0 0 0 0 0 
_3.ptx 1358 : 56320 15066837 0 0 0 0 0 0 0 
_2.ptx 950 : 110592 962528 0 0 0 0 0 0 0 
_3.ptx 1359 : 56320 623615 0 0 0 0 0 0 0 
_2.ptx 951 : 110592 677088 0 0 0 0 0 0 0 
_3.ptx 1360 : 56320 43008330 2919552 0 0 24264 24264 0 0 
_2.ptx 952 : 12288 85216 0 0 0 0 0 0 0 
_3.ptx 1361 : 56320 565365 0 0 0 0 0 0 0 
_3.ptx 1362 : 56320 18254521 237376 0 0 24264 24264 0 0 
_3.ptx 1364 : 56320 15523830 0 0 0 0 0 0 0 
_3.ptx 1365 : 56320 624150 0 0 0 0 0 0 0 
_2.ptx 957 : 12288 78816 0 0 0 0 0 0 0 
_3.ptx 1366 : 56320 43180224 2911360 0 0 24264 24264 0 0 
_2.ptx 958 : 12288 102496 0 0 0 0 0 0 0 
_3.ptx 1367 : 56320 564869 0 0 0 0 0 0 0 
_2.ptx 959 : 12288 80565 0 0 0 0 0 0 48 
_3.ptx 1368 : 56320 18693167 257472 0 0 24264 24264 0 0 
_2.ptx 961 : 48 343 0 0 0 0 0 0 0 
_3.ptx 1370 : 56320 399758 0 0 0 0 0 0 0 
_2.ptx 962 : 48 486 0 0 0 0 0 0 0 
_3.ptx 1371 : 56320 398578 0 0 0 0 0 0 0 
_2.ptx 963 : 48 347 0 0 0 0 0 0 0 
_3.ptx 1372 : 56320 622644 0 0 0 0 0 0 0 
_2.ptx 964 : 48 531 0 0 0 0 0 0 0 
_3.ptx 1373 : 56320 623585 0 0 0 0 0 0 0 
_2.ptx 965 : 48 338 0 0 0 0 0 0 0 
_2.ptx 966 : 48 486 0 0 0 0 0 0 0 
_3.ptx 1375 : 56320 341454 0 0 0 0 0 0 0 
_2.ptx 967 : 48 539 0 0 0 0 0 0 0 
_2.ptx 968 : 48 148 0 0 0 0 0 0 0 
_2.ptx 969 : 48 387 0 48 48 0 0 0 0 
_3.ptx 1378 : 26656771 267162191 0 0 0 0 0 0 0 
_2.ptx 970 : 48 147 0 0 0 0 0 0 0 
_3.ptx 1379 : 26656771 213778677 0 0 0 0 0 0 0 
_2.ptx 971 : 48 292 0 0 0 0 0 0 0 
_3.ptx 1380 : 26656771 159999596 0 0 0 0 0 0 10462 
_2.ptx 972 : 48 292 0 0 0 0 0 0 0 
_2.ptx 973 : 48 385 0 0 0 0 0 0 0 
_2.ptx 974 : 48 434 0 0 0 0 0 0 0 
_3.ptx 1383 : 24681 272259 0 0 0 0 0 0 0 
_2.ptx 975 : 48 337 0 0 0 0 0 0 0 
_3.ptx 1384 : 24681 272515 0 0 0 0 0 0 0 
_2.ptx 976 : 48 486 0 0 0 0 0 0 0 
_3.ptx 1385 : 24681 198664 0 0 0 0 0 0 0 
_2.ptx 977 : 48 530 0 0 0 0 0 0 0 
_3.ptx 1386 : 24681 0 0 0 0 0 0 0 0 
_2.ptx 978 : 48 243 256 0 0 48 48 0 0 
_2.ptx 980 : 48 288 0 0 0 0 0 0 0 
_3.ptx 1389 : 24832 150016 0 0 0 0 0 0 0 
_2.ptx 981 : 48 242 0 48 48 0 0 0 0 
_2.ptx 984 : 12288 91968 0 0 0 0 0 0 0 
_2.ptx 985 : 12288 80800 0 0 0 0 0 0 0 
_2.ptx 986 : 12288 103680 0 0 0 0 0 0 0 
_2.ptx 987 : 12288 0 0 0 0 0 0 0 0 
_2.ptx 988 : 12288 80800 0 0 0 0 0 0 0 
_2.ptx 992 : 110592 874624 0 0 0 0 0 0 0 
_2.ptx 994 : 110592 777920 0 0 0 0 0 0 0 
_2.ptx 995 : 110592 944704 0 0 0 0 0 0 0 
_2.ptx 996 : 110592 620450 0 0 0 0 0 0 240 
_2.ptx 998 : 24528 183696 0 0 0 0 0 0 0 
_2.ptx 999 : 24528 216628 0 0 0 0 0 0 0 
_2.ptx 1000 : 24528 221405 0 0 0 0 0 0 0 
_2.ptx 1001 : 24528 293259 0 0 0 0 0 0 0 
_2.ptx 1002 : 24528 278257 0 0 0 0 0 0 0 
_2.ptx 1003 : 24528 213172 0 0 0 0 0 0 0 
_2.ptx 1004 : 24528 292401 0 0 0 0 0 0 0 
_2.ptx 1005 : 24528 209227 0 0 0 0 0 0 0 
_2.ptx 1006 : 24528 277527 0 0 0 0 0 0 0 
_2.ptx 1007 : 24528 289367 0 0 0 0 0 0 0 
_2.ptx 1008 : 24528 252667 0 1632 960 0 0 0 0 
_2.ptx 1010 : 24528 286799 0 0 0 0 0 0 0 
_2.ptx 1011 : 24528 268681 0 0 0 0 0 0 0 
_2.ptx 1012 : 24528 200833 0 0 0 0 0 0 0 
_2.ptx 1013 : 24528 285220 0 0 0 0 0 0 0 
_2.ptx 1014 : 24528 200048 0 0 0 0 0 0 0 
_2.ptx 1015 : 24528 278961 0 0 0 0 0 0 0 
_2.ptx 1016 : 24528 283394 0 0 0 0 0 0 0 
_2.ptx 1017 : 24528 264494 0 1632 960 0 0 0 0 
_2.ptx 1018 : 24528 178816 0 1632 960 0 0 0 0 
_2.ptx 1020 : 24528 272805 0 1632 960 0 0 0 0 
_2.ptx 1021 : 24528 278372 0 0 0 0 0 0 0 
_2.ptx 1022 : 24528 185854 0 1632 960 0 0 0 0 
_2.ptx 1025 : 110592 1517280 0 0 0 0 0 0 0 
_2.ptx 1026 : 110592 947872 0 0 0 0 0 0 0 
_2.ptx 1027 : 110592 703456 0 0 0 0 0 0 0 
_2.ptx 1030 : 12288 79456 0 0 0 0 0 0 0 
_2.ptx 1032 : 12288 74784 0 0 0 0 0 0 0 
_2.ptx 1033 : 12288 155264 0 768 384 0 0 0 0 
_2.ptx 1034 : 12288 136256 0 0 0 0 0 0 0 
_2.ptx 1035 : 12288 126848 49152 0 0 384 384 0 0 
_2.ptx 1037 : 12288 175936 0 768 384 0 0 0 0 
_2.ptx 1038 : 12288 135616 0 0 0 0 0 0 0 
_2.ptx 1039 : 12288 187104 49152 0 0 384 384 0 0 
_2.ptx 1041 : 12288 74176 0 0 0 0 0 0 0 
_3.ptx 1146 : 24832 152640 0 0 0 0 0 0 0 
_3.ptx 1147 : 24832 153088 0 0 0 0 0 0 0 
_3.ptx 1148 : 24832 490464 0 0 0 0 0 0 0 
_3.ptx 1149 : 24832 171712 0 0 0 0 0 0 0 
_3.ptx 1150 : 24832 302368 0 0 0 0 0 0 0 
_3.ptx 1151 : 24832 201504 0 0 0 0 0 0 0 
_3.ptx 1152 : 24832 483776 0 0 0 0 0 0 0 
_3.ptx 1153 : 24832 158688 0 0 0 0 0 0 0 
_3.ptx 1154 : 24832 279712 0 0 0 0 0 0 0 
_3.ptx 1155 : 24832 3039072 128 0 0 0 0 0 0 
_3.ptx 1156 : 24832 1870272 0 0 0 0 0 0 0 
_3.ptx 1157 : 24832 455520 0 0 0 0 0 0 0 
_3.ptx 1158 : 24832 204736 0 0 0 0 0 0 0 
_3.ptx 1159 : 24832 158998 0 0 0 0 0 0 1 
_3.ptx 1160 : 151 906 0 0 0 0 0 0 0 
_3.ptx 1163 : 24681 507436 0 0 0 0 0 0 0 
_3.ptx 1164 : 24681 537411 0 0 0 0 0 0 0 
_3.ptx 1165 : 24681 161110 0 0 0 0 0 0 0 
_3.ptx 1166 : 24681 276675 0 0 0 0 0 0 0 
_3.ptx 1167 : 24681 187103 0 0 0 0 0 0 0 
_3.ptx 1168 : 24681 561804 0 0 0 0 0 0 0 
_3.ptx 1169 : 24681 251226 0 0 0 0 0 0 0 
_3.ptx 1170 : 24681 524524 0 0 0 0 0 0 0 
_3.ptx 1171 : 24681 208296 0 0 0 0 0 0 0 
_3.ptx 1172 : 24681 233169 0 0 0 0 0 0 0 
_3.ptx 1173 : 24681 206888 0 0 0 0 0 0 0 
_3.ptx 1174 : 24681 0 0 0 0 0 0 0 0 
_3.ptx 1175 : 24681 186655 0 0 0 0 0 0 0 
_3.ptx 1176 : 24681 442915 0 0 0 0 0 0 0 
_3.ptx 1177 : 24681 486348 0 0 0 0 0 0 0 
_3.ptx 1178 : 24681 181855 0 0 0 0 0 0 0 
_3.ptx 1179 : 24681 540547 0 0 0 0 0 0 0 
_3.ptx 1180 : 24681 274979 0 0 0 0 0 0 0 
_3.ptx 1181 : 24681 4843308 0 0 0 0 0 0 0 
_3.ptx 1182 : 24681 2048372 0 0 0 0 0 0 0 
_3.ptx 1183 : 24681 157174 0 0 0 0 0 0 0 
_3.ptx 1187 : 24681 19188398 395008 0 0 3086 772 0 0 
_3.ptx 1189 : 24681 173727 0 0 0 0 0 0 0 
_3.ptx 1190 : 24681 272067 0 0 0 0 0 0 0 
_3.ptx 1191 : 24681 19194236 296192 0 0 2314 772 0 0 
_3.ptx 1192 : 24681 173503 0 0 0 0 0 0 0 
_3.ptx 1193 : 24681 17444150 140672 0 0 3086 772 0 0 
_3.ptx 1194 : 24681 173599 0 0 0 0 0 0 0 
_3.ptx 1195 : 24681 272227 0 0 0 0 0 0 0 
_3.ptx 1196 : 24681 21856474 395008 0 0 3086 772 0 0 
_3.ptx 1197 : 24681 271843 0 0 0 0 0 0 0 
_3.ptx 1199 : 24681 21117937 152576 0 0 2314 772 0 0 
_3.ptx 1200 : 24681 148598 0 0 0 0 0 0 0 
_3.ptx 1201 : 24681 197704 0 0 0 0 0 0 0 
_3.ptx 1202 : 24681 0 0 0 0 0 0 0 0 
_3.ptx 1203 : 24681 148278 0 0 0 0 0 0 0 
_3.ptx 1204 : 24681 148214 0 0 0 0 0 0 0 
_3.ptx 1208 : 26656771 160099227 0 0 0 0 0 0 0 
_3.ptx 1209 : 26656771 213639719 0 0 0 0 0 0 0 
_3.ptx 1210 : 26656771 153809288 0 0 0 0 0 0 365891 
_3.ptx 1211 : 1052672 6322886 0 0 0 0 0 0 0 
_3.ptx 1212 : 1052672 8438914 0 0 0 0 0 0 0 
_3.ptx 1213 : 1052672 4427779 0 0 0 0 0 0 33260 
_3.ptx 1214 : 315392 1896131 0 0 0 0 0 0 0 
_3.ptx 1215 : 315392 2529521 0 0 0 0 0 0 0 
_3.ptx 1216 : 315392 879844 0 0 0 0 0 0 3383 
_3.ptx 1217 : 168960 1016080 0 0 0 0 0 0 0 
_3.ptx 1218 : 168960 1355724 0 0 0 0 0 0 0 
_3.ptx 1219 : 168960 677283 0 0 0 0 0 0 1744 
_3.ptx 1220 : 56320 338785 0 0 0 0 0 0 0 
_3.ptx 1221 : 56320 451930 0 0 0 0 0 0 0 
_3.ptx 1222 : 56320 338567 0 0 0 0 0 0 0 
_3.ptx 1225 : 25604099 153774961 0 0 0 0 0 0 0 
_3.ptx 1226 : 25604099 180075357 0 0 0 0 0 0 0 
