kernel line : count latency dram_traffic smem_bk_conflicts smem_warp gmem_access_generated gmem_warp exposed_latency warp_divergence
_1.ptx 62 : 16 96 0 0 0 0 0 0 0 
_1.ptx 64 : 16 4480 128 0 0 0 0 0 0 
_1.ptx 65 : 16 4464 0 0 0 0 0 0 0 
_1.ptx 66 : 16 176 0 0 0 0 0 0 0 
_1.ptx 67 : 16 96 0 0 0 0 0 0 0 
_1.ptx 68 : 16 112 0 0 0 0 0 0 0 
_1.ptx 69 : 16 176 0 0 0 0 0 0 0 
_1.ptx 70 : 16 160 0 0 0 0 0 0 0 
_1.ptx 71 : 16 176 0 0 0 0 0 0 0 
_1.ptx 72 : 16 48 0 0 0 0 0 0 0 
_1.ptx 73 : 16 176 0 0 0 0 0 0 0 
_1.ptx 74 : 16 112 0 0 0 0 0 0 0 
_1.ptx 75 : 16 160 0 0 0 0 0 0 0 
_1.ptx 76 : 16 176 0 0 0 0 0 0 0 
_1.ptx 77 : 16 4384 128 0 0 1 1 0 0 
_1.ptx 78 : 16 80 0 1 1 0 0 0 0 
_1.ptx 79 : 16 176 0 0 0 0 0 0 0 
_1.ptx 80 : 16 176 0 0 0 0 0 0 0 
_1.ptx 81 : 16 112 0 0 0 0 0 0 0 
_1.ptx 82 : 16 160 0 0 0 0 0 0 0 
_1.ptx 83 : 16 176 0 0 0 0 0 0 0 
_1.ptx 84 : 16 4384 128 0 0 1 1 0 0 
_1.ptx 85 : 16 80 0 1 1 0 0 0 0 
_1.ptx 86 : 16 176 0 0 0 0 0 0 0 
_1.ptx 87 : 16 176 0 0 0 0 0 0 0 
_1.ptx 88 : 16 112 0 0 0 0 0 0 0 
_1.ptx 89 : 16 160 0 0 0 0 0 0 0 
_1.ptx 90 : 16 176 0 0 0 0 0 0 0 
_1.ptx 91 : 16 4384 128 0 0 1 1 0 0 
_1.ptx 92 : 16 80 0 1 1 0 0 0 0 
_1.ptx 93 : 16 176 0 0 0 0 0 0 0 
_1.ptx 94 : 16 176 0 0 0 0 0 0 0 
_1.ptx 95 : 16 112 0 0 0 0 0 0 0 
_1.ptx 96 : 16 160 0 0 0 0 0 0 0 
_1.ptx 97 : 16 176 0 0 0 0 0 0 0 
_1.ptx 98 : 16 4240 128 0 0 1 1 0 0 
_1.ptx 99 : 16 80 0 1 1 0 0 0 0 
_1.ptx 100 : 16 176 0 0 0 0 0 0 0 
_1.ptx 101 : 16 176 0 0 0 0 0 0 0 
_1.ptx 102 : 16 112 0 0 0 0 0 0 0 
_1.ptx 103 : 16 160 0 0 0 0 0 0 0 
_1.ptx 104 : 16 176 0 0 0 0 0 0 0 
_1.ptx 105 : 16 4240 128 0 0 1 1 0 0 
_1.ptx 106 : 16 80 0 1 1 0 0 0 0 
_1.ptx 107 : 16 176 0 0 0 0 0 0 0 
_1.ptx 108 : 16 176 0 0 0 0 0 0 0 
_1.ptx 109 : 16 112 0 0 0 0 0 0 0 
_1.ptx 110 : 16 160 0 0 0 0 0 0 0 
_1.ptx 111 : 16 176 0 0 0 0 0 0 0 
_1.ptx 112 : 16 4240 128 0 0 1 1 0 0 
_1.ptx 113 : 16 80 0 1 1 0 0 0 0 
_1.ptx 114 : 16 176 0 0 0 0 0 0 0 
_1.ptx 115 : 16 176 0 0 0 0 0 0 0 
_1.ptx 116 : 16 112 0 0 0 0 0 0 0 
_1.ptx 117 : 16 160 0 0 0 0 0 0 0 
_1.ptx 118 : 16 176 0 0 0 0 0 0 0 
_1.ptx 119 : 16 4240 128 0 0 1 1 0 0 
_1.ptx 120 : 16 80 0 1 1 0 0 0 0 
_1.ptx 121 : 16 176 0 0 0 0 0 0 0 
_1.ptx 122 : 16 176 0 0 0 0 0 0 0 
_1.ptx 123 : 16 112 0 0 0 0 0 0 0 
_1.ptx 124 : 16 160 0 0 0 0 0 0 0 
_1.ptx 125 : 16 176 0 0 0 0 0 0 0 
_1.ptx 126 : 16 4224 128 0 0 1 1 0 0 
_1.ptx 127 : 16 80 0 1 1 0 0 0 0 
_1.ptx 128 : 16 176 0 0 0 0 0 0 0 
_1.ptx 129 : 16 176 0 0 0 0 0 0 0 
_1.ptx 130 : 16 112 0 0 0 0 0 0 0 
_1.ptx 131 : 16 160 0 0 0 0 0 0 0 
_1.ptx 132 : 16 176 0 0 0 0 0 0 0 
_1.ptx 133 : 16 4224 128 0 0 1 1 0 0 
_1.ptx 134 : 16 80 0 1 1 0 0 0 0 
_1.ptx 135 : 16 176 0 0 0 0 0 0 0 
_1.ptx 136 : 16 176 0 0 0 0 0 0 0 
_1.ptx 137 : 16 112 0 0 0 0 0 0 0 
_1.ptx 138 : 16 160 0 0 0 0 0 0 0 
_1.ptx 139 : 16 176 0 0 0 0 0 0 0 
_1.ptx 140 : 16 4240 128 0 0 1 1 0 0 
_1.ptx 141 : 16 80 0 1 1 0 0 0 0 
_1.ptx 143 : 16 176 0 0 0 0 0 0 0 
_1.ptx 145 : 16 176 0 0 0 0 0 0 0 
_1.ptx 146 : 16 112 0 0 0 0 0 0 0 
_1.ptx 147 : 16 160 0 0 0 0 0 0 0 
_1.ptx 148 : 16 176 0 0 0 0 0 0 0 
_1.ptx 149 : 16 4240 128 0 0 1 1 0 0 
_1.ptx 150 : 16 80 0 1 1 0 0 0 0 
_1.ptx 152 : 16 176 0 0 0 0 0 0 0 
_1.ptx 154 : 16 176 0 0 0 0 0 0 0 
_1.ptx 155 : 16 112 0 0 0 0 0 0 0 
_1.ptx 156 : 16 160 0 0 0 0 0 0 0 
_1.ptx 157 : 16 176 0 0 0 0 0 0 0 
_1.ptx 158 : 16 4224 128 0 0 1 1 0 0 
_1.ptx 159 : 16 80 0 1 1 0 0 0 0 
_1.ptx 161 : 16 176 0 0 0 0 0 0 0 
_1.ptx 163 : 16 176 0 0 0 0 0 0 0 
_1.ptx 164 : 16 112 0 0 0 0 0 0 0 
_1.ptx 165 : 16 160 0 0 0 0 0 0 0 
_1.ptx 166 : 16 176 0 0 0 0 0 0 0 
_1.ptx 167 : 16 4240 128 0 0 1 1 0 0 
_1.ptx 168 : 16 80 0 1 1 0 0 0 0 
_1.ptx 170 : 16 176 0 0 0 0 0 0 0 
_1.ptx 172 : 16 176 0 0 0 0 0 0 0 
_1.ptx 173 : 16 112 0 0 0 0 0 0 0 
_1.ptx 174 : 16 160 0 0 0 0 0 0 0 
_1.ptx 175 : 16 176 0 0 0 0 0 0 0 
_1.ptx 176 : 16 4240 128 0 0 1 1 0 0 
_1.ptx 177 : 16 80 0 1 1 0 0 0 0 
_1.ptx 179 : 16 176 0 0 0 0 0 0 0 
_1.ptx 181 : 16 176 0 0 0 0 0 0 0 
_1.ptx 182 : 16 112 0 0 0 0 0 0 0 
_1.ptx 183 : 16 160 0 0 0 0 0 0 0 
_1.ptx 184 : 16 176 0 0 0 0 0 0 0 
_1.ptx 185 : 16 4240 128 0 0 1 1 0 0 
_1.ptx 186 : 16 80 0 1 1 0 0 0 0 
_1.ptx 187 : 16 176 0 0 0 0 0 0 0 
_1.ptx 188 : 16 176 0 0 0 0 0 0 0 
_1.ptx 189 : 16 112 0 0 0 0 0 0 0 
_1.ptx 190 : 16 160 0 0 0 0 0 0 0 
_1.ptx 191 : 16 176 0 0 0 0 0 0 0 
_1.ptx 192 : 16 4240 128 0 0 1 1 0 0 
_1.ptx 193 : 16 80 0 1 1 0 0 0 0 
_1.ptx 195 : 16 96 0 0 0 0 0 0 0 
_1.ptx 196 : 16 96 0 0 0 0 0 0 0 
_1.ptx 199 : 240 1920 0 0 0 0 0 0 0 
_1.ptx 200 : 240 720 0 0 0 0 0 0 15 
_1.ptx 201 : 120 720 0 0 0 0 0 0 0 
_1.ptx 202 : 120 960 0 0 0 0 0 0 0 
_1.ptx 203 : 120 90 0 0 0 0 0 0 0 
_1.ptx 204 : 105 735 0 0 0 0 0 0 0 
_1.ptx 205 : 105 735 0 0 0 0 0 0 0 
_1.ptx 206 : 105 1050 0 0 0 0 0 0 0 
_1.ptx 207 : 105 1155 0 0 0 0 0 0 0 
_1.ptx 208 : 105 1050 0 0 0 0 0 0 0 
_1.ptx 209 : 105 1155 0 0 0 0 0 0 0 
_1.ptx 210 : 105 1050 0 0 0 0 0 0 0 
_1.ptx 211 : 105 1155 0 0 0 0 0 0 0 
_1.ptx 212 : 105 1050 0 0 0 0 0 0 0 
_1.ptx 213 : 105 1155 0 0 0 0 0 0 0 
_1.ptx 214 : 105 1267 0 56 14 0 0 0 0 
_1.ptx 215 : 105 630 0 0 0 0 0 0 0 
_1.ptx 216 : 105 735 0 0 0 0 0 0 0 
_1.ptx 220 : 560 4480 0 105 105 0 0 0 0 
_1.ptx 221 : 560 6160 0 308 105 0 0 0 0 
_1.ptx 222 : 560 6160 0 0 0 0 0 0 0 
_1.ptx 223 : 560 6160 0 0 0 0 0 0 0 
_1.ptx 224 : 560 4480 0 308 105 0 0 0 0 
_1.ptx 225 : 560 5600 0 0 0 0 0 0 0 
_1.ptx 226 : 560 5600 0 0 0 0 0 0 0 
_1.ptx 227 : 560 5600 0 0 0 0 0 0 0 
_1.ptx 228 : 560 4480 0 0 0 0 0 0 0 
_1.ptx 229 : 560 2730 0 0 0 0 0 0 0 
_1.ptx 230 : 105 630 0 0 0 0 0 0 0 
_1.ptx 232 : 15 105 0 0 0 0 0 0 0 
_1.ptx 233 : 15 150 0 0 0 0 0 0 0 
_1.ptx 234 : 15 165 0 0 0 0 0 0 0 
_1.ptx 235 : 15 150 0 0 0 0 0 0 0 
_1.ptx 236 : 15 165 0 0 0 0 0 0 0 
_1.ptx 237 : 15 225 0 8 1 0 0 0 0 
_1.ptx 240 : 120 840 0 0 0 0 0 0 0 
_1.ptx 241 : 120 1200 0 0 0 0 0 0 0 
_1.ptx 242 : 120 1320 0 0 0 0 0 0 0 
_1.ptx 243 : 120 960 0 15 15 0 0 0 0 
_1.ptx 244 : 120 5520 0 0 0 0 0 0 0 
_1.ptx 245 : 120 1132 0 64 15 0 0 0 0 
_1.ptx 248 : 240 1440 0 0 0 0 0 0 0 
_1.ptx 249 : 240 720 0 0 0 0 0 0 15 
_1.ptx 250 : 120 1200 0 0 0 0 0 0 0 
_1.ptx 251 : 120 720 0 0 0 0 0 0 0 
_1.ptx 252 : 120 960 0 0 0 0 0 0 0 
_1.ptx 253 : 120 0 0 0 0 0 0 0 0 
_1.ptx 254 : 120 840 0 0 0 0 0 0 0 
_1.ptx 255 : 120 840 0 0 0 0 0 0 0 
_1.ptx 256 : 120 1200 0 0 0 0 0 0 0 
_1.ptx 257 : 120 1320 0 0 0 0 0 0 0 
_1.ptx 258 : 120 1200 0 0 0 0 0 0 0 
_1.ptx 259 : 120 1320 0 0 0 0 0 0 0 
_1.ptx 260 : 120 1200 0 0 0 0 0 0 0 
_1.ptx 261 : 120 1320 0 0 0 0 0 0 0 
_1.ptx 262 : 120 840 0 0 0 0 0 0 0 
_1.ptx 263 : 120 1080 0 15 15 0 0 0 0 
_1.ptx 264 : 120 720 0 0 0 0 0 0 0 
_1.ptx 265 : 120 840 0 0 0 0 0 0 0 
_1.ptx 269 : 680 5440 0 120 120 0 0 0 0 
_1.ptx 270 : 680 5440 0 120 120 0 0 0 0 
_1.ptx 271 : 680 7480 0 0 0 0 0 0 0 
_1.ptx 272 : 680 7480 0 0 0 0 0 0 0 
_1.ptx 273 : 680 3400 0 120 120 0 0 0 0 
_1.ptx 274 : 680 7480 0 0 0 0 0 0 0 
_1.ptx 275 : 680 6800 0 0 0 0 0 0 0 
_1.ptx 276 : 680 6800 0 0 0 0 0 0 0 
_1.ptx 277 : 680 5440 0 0 0 0 0 0 0 
_1.ptx 278 : 680 3360 0 0 0 0 0 0 0 
_1.ptx 282 : 240 1440 0 0 0 0 0 0 0 
_1.ptx 283 : 240 2400 0 0 0 0 0 0 0 
_1.ptx 284 : 240 1680 0 0 0 0 0 0 0 
_1.ptx 285 : 240 1440 0 0 0 0 0 0 0 
_1.ptx 286 : 240 1920 0 0 0 0 0 0 0 
_1.ptx 287 : 240 1344 0 0 0 0 0 0 0 
_1.ptx 289 : 16 160 0 0 0 0 0 0 0 
_1.ptx 290 : 16 176 0 0 0 0 0 0 0 
_1.ptx 291 : 16 176 0 0 0 0 0 0 0 
_1.ptx 292 : 16 128 0 1 1 0 0 0 0 
_1.ptx 293 : 16 176 0 0 0 0 0 0 0 
_1.ptx 294 : 16 112 0 0 0 0 0 0 0 
_1.ptx 295 : 16 160 0 0 0 0 0 0 0 
_1.ptx 296 : 16 176 0 0 0 0 0 0 0 
_1.ptx 297 : 16 80 0 0 0 1 1 0 0 
_1.ptx 298 : 16 176 0 0 0 0 0 0 0 
_1.ptx 299 : 16 128 0 1 1 0 0 0 0 
_1.ptx 300 : 16 176 0 0 0 0 0 0 0 
_1.ptx 301 : 16 112 0 0 0 0 0 0 0 
_1.ptx 302 : 16 160 0 0 0 0 0 0 0 
_1.ptx 303 : 16 176 0 0 0 0 0 0 0 
_1.ptx 304 : 16 80 0 0 0 1 1 0 0 
_1.ptx 305 : 16 176 0 0 0 0 0 0 0 
_1.ptx 306 : 16 128 0 1 1 0 0 0 0 
_1.ptx 307 : 16 176 0 0 0 0 0 0 0 
_1.ptx 308 : 16 112 0 0 0 0 0 0 0 
_1.ptx 309 : 16 160 0 0 0 0 0 0 0 
_1.ptx 310 : 16 176 0 0 0 0 0 0 0 
_1.ptx 311 : 16 80 0 0 0 1 1 0 0 
_1.ptx 312 : 16 176 0 0 0 0 0 0 0 
_1.ptx 313 : 16 128 0 1 1 0 0 0 0 
_1.ptx 314 : 16 176 0 0 0 0 0 0 0 
_1.ptx 315 : 16 112 0 0 0 0 0 0 0 
_1.ptx 316 : 16 160 0 0 0 0 0 0 0 
_1.ptx 317 : 16 176 0 0 0 0 0 0 0 
_1.ptx 318 : 16 80 0 0 0 1 1 0 0 
_1.ptx 319 : 16 176 0 0 0 0 0 0 0 
_1.ptx 320 : 16 128 0 1 1 0 0 0 0 
_1.ptx 321 : 16 176 0 0 0 0 0 0 0 
_1.ptx 322 : 16 112 0 0 0 0 0 0 0 
_1.ptx 323 : 16 160 0 0 0 0 0 0 0 
_1.ptx 324 : 16 176 0 0 0 0 0 0 0 
_1.ptx 325 : 16 80 0 0 0 1 1 0 0 
_1.ptx 326 : 16 176 0 0 0 0 0 0 0 
_1.ptx 327 : 16 128 0 1 1 0 0 0 0 
_1.ptx 328 : 16 176 0 0 0 0 0 0 0 
_1.ptx 329 : 16 112 0 0 0 0 0 0 0 
_1.ptx 330 : 16 160 0 0 0 0 0 0 0 
_1.ptx 331 : 16 176 0 0 0 0 0 0 0 
_1.ptx 332 : 16 80 0 0 0 1 1 0 0 
_1.ptx 333 : 16 176 0 0 0 0 0 0 0 
_1.ptx 334 : 16 128 0 1 1 0 0 0 0 
_1.ptx 335 : 16 176 0 0 0 0 0 0 0 
_1.ptx 336 : 16 112 0 0 0 0 0 0 0 
_1.ptx 337 : 16 160 0 0 0 0 0 0 0 
_1.ptx 338 : 16 176 0 0 0 0 0 0 0 
_1.ptx 339 : 16 80 0 0 0 1 1 0 0 
_1.ptx 340 : 16 176 0 0 0 0 0 0 0 
_1.ptx 341 : 16 128 0 1 1 0 0 0 0 
_1.ptx 342 : 16 176 0 0 0 0 0 0 0 
_1.ptx 343 : 16 112 0 0 0 0 0 0 0 
_1.ptx 344 : 16 160 0 0 0 0 0 0 0 
_1.ptx 345 : 16 176 0 0 0 0 0 0 0 
_1.ptx 346 : 16 80 0 0 0 1 1 0 0 
_1.ptx 347 : 16 176 0 0 0 0 0 0 0 
_1.ptx 348 : 16 128 0 1 1 0 0 0 0 
_1.ptx 349 : 16 176 0 0 0 0 0 0 0 
_1.ptx 350 : 16 112 0 0 0 0 0 0 0 
_1.ptx 351 : 16 160 0 0 0 0 0 0 0 
_1.ptx 352 : 16 176 0 0 0 0 0 0 0 
_1.ptx 353 : 16 80 0 0 0 1 1 0 0 
_1.ptx 355 : 16 176 0 0 0 0 0 0 0 
_1.ptx 357 : 16 128 0 1 1 0 0 0 0 
_1.ptx 358 : 16 176 0 0 0 0 0 0 0 
_1.ptx 359 : 16 112 0 0 0 0 0 0 0 
_1.ptx 360 : 16 160 0 0 0 0 0 0 0 
_1.ptx 361 : 16 176 0 0 0 0 0 0 0 
_1.ptx 362 : 16 80 0 0 0 1 1 0 0 
_1.ptx 364 : 16 176 0 0 0 0 0 0 0 
_1.ptx 366 : 16 128 0 1 1 0 0 0 0 
_1.ptx 367 : 16 176 0 0 0 0 0 0 0 
_1.ptx 368 : 16 112 0 0 0 0 0 0 0 
_1.ptx 369 : 16 160 0 0 0 0 0 0 0 
_1.ptx 370 : 16 176 0 0 0 0 0 0 0 
_1.ptx 371 : 16 80 0 0 0 1 1 0 0 
_1.ptx 373 : 16 176 0 0 0 0 0 0 0 
_1.ptx 375 : 16 128 0 1 1 0 0 0 0 
_1.ptx 376 : 16 176 0 0 0 0 0 0 0 
_1.ptx 377 : 16 112 0 0 0 0 0 0 0 
_1.ptx 378 : 16 160 0 0 0 0 0 0 0 
_1.ptx 379 : 16 176 0 0 0 0 0 0 0 
_1.ptx 380 : 16 80 0 0 0 1 1 0 0 
_1.ptx 382 : 16 176 0 0 0 0 0 0 0 
_1.ptx 384 : 16 128 0 1 1 0 0 0 0 
_1.ptx 385 : 16 176 0 0 0 0 0 0 0 
_1.ptx 386 : 16 112 0 0 0 0 0 0 0 
_1.ptx 387 : 16 160 0 0 0 0 0 0 0 
_1.ptx 388 : 16 176 0 0 0 0 0 0 0 
_1.ptx 389 : 16 80 0 0 0 1 1 0 0 
_1.ptx 391 : 16 176 0 0 0 0 0 0 0 
_1.ptx 393 : 16 128 0 1 1 0 0 0 0 
_1.ptx 394 : 16 176 0 0 0 0 0 0 0 
_1.ptx 395 : 16 112 0 0 0 0 0 0 0 
_1.ptx 396 : 16 160 0 0 0 0 0 0 0 
_1.ptx 397 : 16 176 0 0 0 0 0 0 0 
_1.ptx 398 : 16 80 0 0 0 1 1 0 0 
_1.ptx 399 : 16 128 0 1 1 0 0 0 0 
_1.ptx 400 : 16 176 0 0 0 0 0 0 0 
_1.ptx 401 : 16 176 0 0 0 0 0 0 0 
_1.ptx 402 : 16 112 0 0 0 0 0 0 0 
_1.ptx 403 : 16 160 0 0 0 0 0 0 0 
_1.ptx 404 : 16 176 0 0 0 0 0 0 0 
_1.ptx 405 : 16 80 0 0 0 1 1 0 0 
_1.ptx 407 : 16 96 0 0 0 0 0 0 0 
