kernel line : count latency dram_traffic smem_bk_conflicts smem_warp gmem_access_generated gmem_warp exposed_latency warp_divergence
_3.ptx 1227 : 1000000 11021280 0 0 0 0 0 0 0 
_3.ptx 1228 : 1000000 3008896 0 0 0 0 0 0 0 
_3.ptx 1232 : 1000000 277664160 4000000 0 0 31250 31250 0 0 
_3.ptx 1233 : 1000000 10007168 0 0 0 0 0 0 0 
_3.ptx 1234 : 1000000 318607904 16000000 0 0 125000 31250 0 0 
_3.ptx 1235 : 1000000 7000064 0 0 0 0 0 0 0 
_3.ptx 1236 : 1000000 11000032 0 0 0 0 0 0 0 
_3.ptx 1237 : 1000000 287337856 8000000 0 0 62500 31250 0 0 
_3.ptx 1238 : 1000000 6000000 0 0 0 0 0 0 0 
_3.ptx 1239 : 1000000 8000064 0 0 0 0 0 0 0 
_3.ptx 1240 : 1000000 0 0 0 0 0 0 0 0 
_3.ptx 1242 : 1000000 5920608 0 0 0 31250 31250 0 0 
_3.ptx 1244 : 1000000 276613984 4000000 0 0 31250 31250 0 0 
_3.ptx 1245 : 1000000 10040000 0 0 0 0 0 0 0 
_3.ptx 1246 : 1000000 5041568 0 0 0 31250 31250 0 0 
_3.ptx 1248 : 1000000 277873504 4000000 0 0 31250 31250 0 0 
_3.ptx 1249 : 1000000 10056192 0 0 0 0 0 0 0 
_3.ptx 1250 : 1000000 5089344 0 0 0 31250 31250 0 0 
_3.ptx 1252 : 1000000 6018592 0 0 0 0 0 0 0 
_3.ptx 1266 : 1000000 11020224 0 0 0 0 0 0 0 
_3.ptx 1267 : 1000000 11043648 0 0 0 0 0 0 0 
_3.ptx 1268 : 1000000 8030080 0 0 0 0 0 0 0 
_3.ptx 1269 : 1000000 0 0 0 0 0 0 0 0 
_3.ptx 1272 : 1000192 6017632 0 0 0 0 0 0 0 
_2.ptx 869 : 499968 3067232 0 0 0 0 0 0 0 
_2.ptx 870 : 499968 1501504 0 0 0 0 0 0 0 
_2.ptx 871 : 499968 3001088 0 0 0 0 0 0 0 
_2.ptx 872 : 499968 4066784 0 0 0 0 0 0 0 
_2.ptx 873 : 499968 0 0 0 0 0 0 0 0 
_2.ptx 874 : 499968 3008992 0 0 0 0 0 0 0 
_2.ptx 875 : 499968 3517664 0 0 0 0 0 0 0 
_2.ptx 876 : 499968 4044800 0 0 0 0 0 0 0 
_2.ptx 877 : 499968 3104384 0 0 0 0 0 0 0 
_2.ptx 881 : 499968 3004160 0 0 0 0 0 0 0 
_2.ptx 883 : 499968 3004192 0 0 0 0 0 0 0 
_2.ptx 884 : 499968 5512480 0 0 0 0 0 0 0 
_2.ptx 885 : 499968 3001024 0 0 0 0 0 0 0 
_2.ptx 886 : 499968 3519040 0 0 0 0 0 0 0 
_2.ptx 887 : 499968 5092128 0 0 0 0 0 0 0 
_2.ptx 888 : 499968 3526304 0 0 0 0 0 0 0 
_2.ptx 889 : 499968 5507840 0 0 0 0 0 0 0 
_2.ptx 890 : 499968 3516352 0 0 0 0 0 0 0 
_2.ptx 891 : 499968 5034592 0 0 0 0 0 0 0 
_2.ptx 892 : 499968 5511968 0 0 0 0 0 0 0 
_2.ptx 893 : 499968 1516128 0 0 0 0 0 0 0 
_2.ptx 894 : 499968 5505664 0 0 0 0 0 0 0 
_2.ptx 895 : 499968 134121344 1999872 0 0 15624 15624 0 0 
_2.ptx 896 : 499968 3007520 0 31248 15624 0 0 0 0 
_2.ptx 898 : 499968 5513440 0 0 0 0 0 0 0 
_2.ptx 899 : 499968 5503872 0 0 0 0 0 0 0 
_2.ptx 900 : 499968 3512736 0 0 0 0 0 0 0 
_2.ptx 901 : 499968 5201312 0 0 0 0 0 0 0 
_2.ptx 902 : 499968 3518688 0 0 0 0 0 0 0 
_2.ptx 903 : 499968 5508608 0 0 0 0 0 0 0 
_2.ptx 904 : 499968 3509952 0 0 0 0 0 0 0 
_2.ptx 905 : 499968 5039520 0 0 0 0 0 0 0 
_2.ptx 906 : 499968 5502944 0 0 0 0 0 0 0 
_2.ptx 907 : 499968 5516608 0 0 0 0 0 0 0 
_2.ptx 908 : 499968 134048864 1999872 0 0 15624 15624 0 0 
_2.ptx 909 : 499968 3009696 0 31248 15624 0 0 0 0 
_2.ptx 911 : 499968 3011840 0 0 0 0 0 0 0 
_2.ptx 912 : 499968 3540992 0 0 0 0 0 0 0 
_2.ptx 913 : 499968 3050432 0 0 0 0 0 0 0 
_2.ptx 914 : 499968 4003552 0 0 0 0 0 0 0 
_2.ptx 915 : 499968 0 0 0 0 0 0 0 0 
_2.ptx 916 : 499968 3075904 0 0 0 0 0 0 0 
_2.ptx 919 : 4499712 27030176 0 0 0 0 0 0 0 
_2.ptx 920 : 4499712 36074080 0 0 0 0 0 0 0 
_2.ptx 921 : 4499712 21049638 0 0 0 0 0 0 9765 
_2.ptx 923 : 997983 5987930 0 0 0 0 0 0 0 
_2.ptx 924 : 997983 8093044 0 0 0 0 0 0 0 
_2.ptx 925 : 997983 8170021 0 0 0 0 0 0 0 
_2.ptx 926 : 997983 10999461 0 0 0 0 0 0 0 
_2.ptx 927 : 997983 10995059 0 0 0 0 0 0 0 
_2.ptx 928 : 997983 10019361 0 0 0 0 0 0 0 
_2.ptx 929 : 997983 7019693 0 0 0 0 0 0 0 
_2.ptx 930 : 997983 11011011 0 0 0 0 0 0 0 
_2.ptx 931 : 997983 7031803 0 0 0 0 0 0 0 
_2.ptx 932 : 997983 10513032 0 0 0 0 0 0 0 
_2.ptx 933 : 997983 11011675 0 0 0 0 0 0 0 
_2.ptx 934 : 997983 8990604 0 66402 39060 0 0 0 0 
_2.ptx 935 : 997983 9993228 0 0 0 0 0 0 0 
_2.ptx 936 : 997983 7065970 0 0 0 0 0 0 0 
_2.ptx 937 : 997983 11002245 0 0 0 0 0 0 0 
_2.ptx 938 : 997983 7041631 0 0 0 0 0 0 0 
_2.ptx 939 : 997983 10138022 0 0 0 0 0 0 0 
_2.ptx 940 : 997983 10986085 0 0 0 0 0 0 0 
_2.ptx 941 : 997983 8923885 0 66402 39060 0 0 0 0 
_2.ptx 942 : 997983 10999965 0 0 0 0 0 0 0 
_2.ptx 943 : 997983 5946079 0 66402 39060 0 0 0 0 
_2.ptx 946 : 4499712 46342976 0 0 0 0 0 0 0 
_2.ptx 948 : 4499712 32496928 0 0 0 0 0 0 0 
_2.ptx 949 : 4499712 28681408 0 0 0 0 0 0 0 
_2.ptx 950 : 4499712 36595072 0 0 0 0 0 0 0 
_2.ptx 951 : 4499712 24014592 0 0 0 0 0 0 0 
_2.ptx 952 : 499968 3002080 0 0 0 0 0 0 0 
_2.ptx 957 : 499968 3000288 0 0 0 0 0 0 0 
_2.ptx 958 : 499968 4001312 0 0 0 0 0 0 0 
_2.ptx 959 : 499968 2990390 0 0 0 0 0 0 1953 
_2.ptx 961 : 1953 13675 0 0 0 0 0 0 0 
_2.ptx 962 : 1953 21365 0 0 0 0 0 0 0 
_2.ptx 963 : 1953 13677 0 0 0 0 0 0 0 
_2.ptx 964 : 1953 21500 0 0 0 0 0 0 0 
_2.ptx 965 : 1953 13673 0 0 0 0 0 0 0 
_2.ptx 966 : 1953 19890 0 0 0 0 0 0 0 
_2.ptx 967 : 1953 21586 0 0 0 0 0 0 0 
_2.ptx 968 : 1953 5859 0 0 0 0 0 0 0 
_2.ptx 969 : 1953 15970 0 1953 1953 0 0 0 0 
_2.ptx 970 : 1953 5859 0 0 0 0 0 0 0 
_2.ptx 971 : 1953 11718 0 0 0 0 0 0 0 
_2.ptx 972 : 1953 11718 0 0 0 0 0 0 0 
_2.ptx 973 : 1953 15637 0 0 0 0 0 0 0 
_2.ptx 974 : 1953 17593 0 0 0 0 0 0 0 
_2.ptx 975 : 1953 13671 0 0 0 0 0 0 0 
_2.ptx 976 : 1953 19534 0 0 0 0 0 0 0 
_2.ptx 977 : 1953 21483 0 0 0 0 0 0 0 
_2.ptx 978 : 1953 9769 5888 0 0 1953 1953 0 0 
_2.ptx 980 : 1953 11718 0 0 0 0 0 0 0 
_2.ptx 981 : 1953 9765 0 1953 1953 0 0 0 0 
_2.ptx 984 : 499968 3559648 0 0 0 0 0 0 0 
_2.ptx 985 : 499968 3060384 0 0 0 0 0 0 0 
_2.ptx 986 : 499968 4000352 0 0 0 0 0 0 0 
_2.ptx 987 : 499968 0 0 0 0 0 0 0 0 
_2.ptx 988 : 499968 3060160 0 0 0 0 0 0 0 
_2.ptx 992 : 4499712 31946112 0 0 0 0 0 0 0 
_2.ptx 994 : 4499712 27318080 0 0 0 0 0 0 0 
_2.ptx 995 : 4499712 36123936 0 0 0 0 0 0 0 
_2.ptx 996 : 4499712 21086278 0 0 0 0 0 0 9765 
_2.ptx 998 : 997983 5987898 0 0 0 0 0 0 0 
_2.ptx 999 : 997983 7984536 0 0 0 0 0 0 0 
_2.ptx 1000 : 997983 8009776 0 0 0 0 0 0 0 
_2.ptx 1001 : 997983 10991597 0 0 0 0 0 0 0 
_2.ptx 1002 : 997983 10002870 0 0 0 0 0 0 0 
_2.ptx 1003 : 997983 7035827 0 0 0 0 0 0 0 
_2.ptx 1004 : 997983 10978803 0 0 0 0 0 0 0 
_2.ptx 1005 : 997983 6986265 0 0 0 0 0 0 0 
_2.ptx 1006 : 997983 10607220 0 0 0 0 0 0 0 
_2.ptx 1007 : 997983 11020145 0 0 0 0 0 0 0 
_2.ptx 1008 : 997983 8988666 0 66402 39060 0 0 0 0 
_2.ptx 1010 : 997983 11099419 0 0 0 0 0 0 0 
_2.ptx 1011 : 997983 9981480 0 0 0 0 0 0 0 
_2.ptx 1012 : 997983 6987069 0 0 0 0 0 0 0 
_2.ptx 1013 : 997983 10993874 0 0 0 0 0 0 0 
_2.ptx 1014 : 997983 6986379 0 0 0 0 0 0 0 
_2.ptx 1015 : 997983 10150332 0 0 0 0 0 0 0 
_2.ptx 1016 : 997983 10978817 0 0 0 0 0 0 0 
_2.ptx 1017 : 997983 8877171 0 66402 39060 0 0 0 0 
_2.ptx 1018 : 997983 6942612 0 66402 39060 0 0 0 0 
_2.ptx 1020 : 997983 11355213 0 66402 39060 0 0 0 0 
_2.ptx 1021 : 997983 10994517 0 0 0 0 0 0 0 
_2.ptx 1022 : 997983 5955987 0 66402 39060 0 0 0 0 
_2.ptx 1025 : 4499712 46955936 0 0 0 0 0 0 0 
_2.ptx 1026 : 4499712 36124960 0 0 0 0 0 0 0 
_2.ptx 1027 : 4499712 24017280 0 0 0 0 0 0 0 
_2.ptx 1030 : 499968 3000768 0 0 0 0 0 0 0 
_2.ptx 1032 : 499968 2029376 0 0 0 0 0 0 0 
_2.ptx 1033 : 499968 4968896 0 31248 15624 0 0 0 0 
_2.ptx 1034 : 499968 5560896 0 0 0 0 0 0 0 
_2.ptx 1035 : 499968 3247392 1999872 0 0 15624 15624 0 0 
_2.ptx 1037 : 499968 4810848 0 31248 15624 0 0 0 0 
_2.ptx 1038 : 499968 5529920 0 0 0 0 0 0 0 
_2.ptx 1039 : 499968 2571744 1999872 0 0 15624 15624 0 0 
_2.ptx 1041 : 499968 2999872 0 0 0 0 0 0 0 
_3.ptx 1185 : 1000192 6028320 0 0 0 0 0 0 0 
_3.ptx 1186 : 1000192 6027616 0 0 0 0 0 0 0 
_3.ptx 1187 : 1000192 11133600 0 0 0 0 0 0 0 
_3.ptx 1188 : 1000192 6019232 0 0 0 0 0 0 0 
_3.ptx 1189 : 1000192 11039200 0 0 0 0 0 0 0 
_3.ptx 1190 : 1000192 6018656 0 0 0 0 0 0 0 
_3.ptx 1191 : 1000192 11103264 0 0 0 0 0 0 0 
_3.ptx 1192 : 1000192 6018976 0 0 0 0 0 0 0 
_3.ptx 1193 : 1000192 11014592 0 0 0 0 0 0 0 
_3.ptx 1194 : 1000192 3494208 128 0 0 0 0 0 0 
_3.ptx 1195 : 1000192 3007712 0 0 0 0 0 0 0 
_3.ptx 1196 : 1000192 11116256 0 0 0 0 0 0 0 
_3.ptx 1197 : 1000192 8018688 0 0 0 0 0 0 0 
_3.ptx 1198 : 1000192 6018592 0 0 0 0 0 0 0 
_3.ptx 1199 : 192 1152 0 0 0 0 0 0 0 
_3.ptx 1202 : 1000000 11119424 0 0 0 0 0 0 0 
_3.ptx 1203 : 1000000 11100032 0 0 0 0 0 0 0 
_3.ptx 1204 : 1000000 6017152 0 0 0 0 0 0 0 
_3.ptx 1205 : 1000000 11046144 0 0 0 0 0 0 0 
_3.ptx 1206 : 1000000 7039520 0 0 0 0 0 0 0 
_3.ptx 1207 : 1000000 11097568 0 0 0 0 0 0 0 
_3.ptx 1208 : 1000000 10040736 0 0 0 0 0 0 0 
_3.ptx 1209 : 1000000 11098176 0 0 0 0 0 0 0 
_3.ptx 1210 : 1000000 8035968 0 0 0 0 0 0 0 
_3.ptx 1211 : 1000000 9031360 0 0 0 0 0 0 0 
_3.ptx 1212 : 1000000 8038624 0 0 0 0 0 0 0 
_3.ptx 1213 : 1000000 0 0 0 0 0 0 0 0 
_3.ptx 1214 : 1000000 7046976 0 0 0 0 0 0 0 
_3.ptx 1215 : 1000000 10193056 0 0 0 0 0 0 0 
_3.ptx 1216 : 1000000 3004320 0 0 0 0 0 0 0 
_3.ptx 1217 : 1000000 7084416 0 0 0 0 0 0 0 
_3.ptx 1218 : 1000000 10160704 0 0 0 0 0 0 0 
_3.ptx 1219 : 1000000 11049856 0 0 0 0 0 0 0 
_3.ptx 1220 : 1000000 7051232 0 0 0 0 0 0 0 
_3.ptx 1221 : 1000000 10200768 0 0 0 0 0 0 0 
_3.ptx 1222 : 1000000 3008192 0 0 0 0 0 0 0 
_3.ptx 1223 : 1000000 11024128 0 0 0 0 0 0 0 
_3.ptx 1224 : 1000000 3004608 0 0 0 0 0 0 0 
_3.ptx 1225 : 1000000 11016352 0 0 0 0 0 0 0 
_3.ptx 1226 : 1000000 3006144 0 0 0 0 0 0 0 
