kernel line : count latency dram_traffic smem_bk_conflicts smem_warp gmem_access_generated gmem_warp exposed_latency warp_divergence
_1.ptx 67 : 1179648 7148544 0 0 0 0 0 0 0 
_1.ptx 68 : 1179648 12979840 0 0 0 0 0 0 0 
_1.ptx 69 : 1179648 7246688 0 0 0 0 0 0 0 
_1.ptx 70 : 1179648 13457408 0 0 0 0 0 0 0 
_1.ptx 71 : 1179648 7323968 0 0 0 0 0 0 0 
_1.ptx 72 : 1179648 7432480 0 0 0 0 0 0 0 
_1.ptx 73 : 1179648 13389856 0 0 0 0 0 0 0 
_1.ptx 74 : 1179648 13594208 0 0 0 0 0 0 0 
_1.ptx 75 : 1179648 8169152 0 0 0 0 0 0 0 
_1.ptx 76 : 1179648 9359488 0 0 0 0 0 0 0 
_1.ptx 77 : 1179648 8970624 0 0 0 0 0 0 0 
_1.ptx 78 : 1179648 12623072 0 0 0 0 0 0 0 
_1.ptx 79 : 1179648 13200640 0 0 0 0 0 0 0 
_1.ptx 80 : 1179648 12456896 0 0 0 0 0 0 0 
_1.ptx 81 : 1179648 13185440 0 0 0 0 0 0 0 
_1.ptx 82 : 1179648 7331456 128 0 0 0 0 0 0 
_1.ptx 83 : 1179648 13540416 0 0 0 0 0 0 0 
_1.ptx 84 : 1179648 13225760 0 0 0 0 0 0 0 
_1.ptx 85 : 1179648 8594112 0 0 0 0 0 0 0 
_1.ptx 86 : 1179648 12388384 0 0 0 0 0 0 0 
_1.ptx 87 : 1179648 5817888 0 0 0 0 0 0 0 
_1.ptx 88 : 1179648 13167200 0 0 0 0 0 0 0 
_1.ptx 89 : 1179648 373035712 9436416 0 0 73728 36864 0 0 
_1.ptx 90 : 1179648 8613792 0 73728 36864 0 0 0 0 
_1.ptx 91 : 1179648 11682720 0 0 0 73728 36864 0 0 
_1.ptx 92 : 1179648 8639232 0 73728 36864 0 0 0 0 
_1.ptx 93 : 1179648 368241120 8750336 0 0 73728 36864 0 0 
_1.ptx 94 : 1179648 8477056 0 73728 36864 0 0 0 0 
_1.ptx 95 : 1179648 10121888 0 0 0 73728 36864 0 0 
_1.ptx 96 : 1179648 8518976 0 73728 36864 0 0 0 0 
_1.ptx 97 : 1179648 11954912 0 0 0 0 0 0 0 
_1.ptx 98 : 1179648 7131008 0 0 0 0 0 0 0 
_1.ptx 99 : 1179648 9540640 0 0 0 0 0 0 0 
_1.ptx 100 : 1179648 147968 0 0 0 0 0 0 0 
_1.ptx 102 : 1155072 184165056 686848 0 0 72192 36096 0 0 
_1.ptx 103 : 1155072 6951584 0 0 0 0 0 0 0 
_1.ptx 105 : 24576 148288 0 0 0 0 0 0 0 
_1.ptx 107 : 1179648 8435008 0 73728 36864 0 0 0 0 
_1.ptx 108 : 1179648 6820864 0 0 0 0 0 0 0 
_1.ptx 109 : 1179648 13079328 0 0 0 0 0 0 0 
_1.ptx 110 : 1179648 11997280 0 0 0 0 0 0 0 
_1.ptx 111 : 1179648 7167104 0 0 0 0 0 0 0 
_1.ptx 112 : 1179648 9577952 0 0 0 0 0 0 0 
_1.ptx 113 : 1179648 148416 0 0 0 0 0 0 0 
_1.ptx 115 : 1155072 162333984 768 0 0 72192 36096 0 0 
_1.ptx 116 : 1155072 6962208 0 0 0 0 0 0 0 
_1.ptx 118 : 24576 148032 0 0 0 0 0 0 0 
_1.ptx 120 : 1179648 8292640 0 73728 36864 0 0 0 0 
_1.ptx 122 : 1179648 7107168 0 0 0 0 0 0 0 
_1.ptx 124 : 1179648 7145152 0 0 0 0 0 0 0 
_1.ptx 125 : 1179648 7041344 128 0 0 0 0 0 0 
_1.ptx 126 : 1179648 12553120 0 73728 36864 0 0 0 0 
_1.ptx 127 : 1179648 10681280 0 0 0 0 0 0 0 
_1.ptx 128 : 1179648 6942432 0 0 0 0 0 0 0 
_1.ptx 129 : 1179648 12489408 0 73728 36864 0 0 0 0 
_1.ptx 130 : 1179648 10699616 0 0 0 0 0 0 0 
_1.ptx 131 : 1179648 6290880 0 0 0 0 0 0 0 
_1.ptx 132 : 1179648 12440928 0 73728 36864 0 0 0 0 
_1.ptx 133 : 1179648 10710816 0 0 0 0 0 0 0 
_1.ptx 134 : 1179648 6219744 0 0 0 0 0 0 0 
_1.ptx 135 : 1179648 12502592 0 73728 36864 0 0 0 0 
_1.ptx 136 : 1179648 10706304 0 0 0 0 0 0 0 
_1.ptx 137 : 1179648 6313920 0 0 0 0 0 0 0 
_1.ptx 138 : 1179648 12471968 0 73728 36864 0 0 0 0 
_1.ptx 139 : 1179648 10707040 0 0 0 0 0 0 0 
_1.ptx 140 : 1179648 6416640 0 0 0 0 0 0 0 
_1.ptx 141 : 1179648 12708352 0 73728 36864 0 0 0 0 
_1.ptx 142 : 1179648 10696864 0 0 0 0 0 0 0 
_1.ptx 143 : 1179648 6691840 0 0 0 0 0 0 0 
_1.ptx 144 : 1179648 12749280 0 73728 36864 0 0 0 0 
_1.ptx 145 : 1179648 10704736 0 0 0 0 0 0 0 
_1.ptx 146 : 1179648 6666976 0 0 0 0 0 0 0 
_1.ptx 147 : 1179648 12762528 0 73728 36864 0 0 0 0 
_1.ptx 148 : 1179648 10708352 0 0 0 0 0 0 0 
_1.ptx 149 : 1179648 6744928 0 0 0 0 0 0 0 
_1.ptx 150 : 1179648 12727328 0 73728 36864 0 0 0 0 
_1.ptx 151 : 1179648 10704448 0 0 0 0 0 0 0 
_1.ptx 152 : 1179648 6715168 0 0 0 0 0 0 0 
_1.ptx 153 : 1179648 12773376 0 73728 36864 0 0 0 0 
_1.ptx 154 : 1179648 10695680 0 0 0 0 0 0 0 
_1.ptx 155 : 1179648 6787360 0 0 0 0 0 0 0 
_1.ptx 156 : 1179648 12757600 0 73728 36864 0 0 0 0 
_1.ptx 157 : 1179648 10697120 0 0 0 0 0 0 0 
_1.ptx 158 : 1179648 6746144 0 0 0 0 0 0 0 
_1.ptx 159 : 1179648 12776960 0 73728 36864 0 0 0 0 
_1.ptx 160 : 1179648 10696992 0 0 0 0 0 0 0 
_1.ptx 161 : 1179648 6783552 0 0 0 0 0 0 0 
_1.ptx 162 : 1179648 12744480 0 73728 36864 0 0 0 0 
_1.ptx 163 : 1179648 10693216 0 0 0 0 0 0 0 
_1.ptx 164 : 1179648 6737632 0 0 0 0 0 0 0 
_1.ptx 165 : 1179648 12762976 0 73728 36864 0 0 0 0 
_1.ptx 166 : 1179648 10694304 0 0 0 0 0 0 0 
_1.ptx 167 : 1179648 6809120 0 0 0 0 0 0 0 
_1.ptx 168 : 1179648 12732096 0 73728 36864 0 0 0 0 
_1.ptx 169 : 1179648 10688800 0 0 0 0 0 0 0 
_1.ptx 170 : 1179648 6754624 0 0 0 0 0 0 0 
_1.ptx 171 : 1179648 12774176 0 73728 36864 0 0 0 0 
_1.ptx 172 : 1179648 10690400 0 0 0 0 0 0 0 
_1.ptx 173 : 1179648 6820672 0 0 0 0 0 0 0 
_1.ptx 174 : 1179648 12821056 0 73728 36864 0 0 0 0 
_1.ptx 175 : 1179648 10691296 0 0 0 0 0 0 0 
_1.ptx 177 : 1179648 6743104 0 0 0 0 0 0 0 
_1.ptx 178 : 1179648 13150912 0 0 0 0 0 0 0 
_1.ptx 179 : 1179648 8620832 4718592 0 0 73728 36864 0 0 
_1.ptx 181 : 1179648 7132608 0 0 0 0 0 0 0 
_1.ptx 182 : 1179648 7199584 0 0 0 0 0 0 0 
_1.ptx 183 : 1179648 12930880 0 73728 36864 0 0 0 0 
_1.ptx 184 : 1179648 10694848 0 0 0 0 0 0 0 
_1.ptx 185 : 1179648 6755840 0 0 0 0 0 0 0 
_1.ptx 186 : 1179648 12708896 0 73728 36864 0 0 0 0 
_1.ptx 187 : 1179648 10695776 0 0 0 0 0 0 0 
_1.ptx 188 : 1179648 6780000 0 0 0 0 0 0 0 
_1.ptx 189 : 1179648 12770880 0 73728 36864 0 0 0 0 
_1.ptx 190 : 1179648 10688000 0 0 0 0 0 0 0 
_1.ptx 191 : 1179648 6799840 0 0 0 0 0 0 0 
_1.ptx 192 : 1179648 12733952 0 73728 36864 0 0 0 0 
_1.ptx 193 : 1179648 10688512 0 0 0 0 0 0 0 
_1.ptx 194 : 1179648 6772672 0 0 0 0 0 0 0 
_1.ptx 195 : 1179648 12824992 0 73728 36864 0 0 0 0 
_1.ptx 196 : 1179648 10684512 0 0 0 0 0 0 0 
_1.ptx 197 : 1179648 6829728 0 0 0 0 0 0 0 
_1.ptx 198 : 1179648 12745184 0 73728 36864 0 0 0 0 
_1.ptx 199 : 1179648 10684224 0 0 0 0 0 0 0 
_1.ptx 200 : 1179648 6787456 0 0 0 0 0 0 0 
_1.ptx 201 : 1179648 12776416 0 73728 36864 0 0 0 0 
_1.ptx 202 : 1179648 10683424 0 0 0 0 0 0 0 
_1.ptx 203 : 1179648 6837504 0 0 0 0 0 0 0 
_1.ptx 204 : 1179648 12754752 0 73728 36864 0 0 0 0 
_1.ptx 205 : 1179648 10680896 0 0 0 0 0 0 0 
_1.ptx 206 : 1179648 6738272 0 0 0 0 0 0 0 
_1.ptx 207 : 1179648 12838464 0 73728 36864 0 0 0 0 
_1.ptx 208 : 1179648 10679008 0 0 0 0 0 0 0 
_1.ptx 209 : 1179648 6977408 0 0 0 0 0 0 0 
_1.ptx 210 : 1179648 12859424 0 73728 36864 0 0 0 0 
_1.ptx 211 : 1179648 10682016 0 0 0 0 0 0 0 
_1.ptx 212 : 1179648 7023392 0 0 0 0 0 0 0 
_1.ptx 213 : 1179648 12919936 0 73728 36864 0 0 0 0 
_1.ptx 214 : 1179648 10683488 0 0 0 0 0 0 0 
_1.ptx 215 : 1179648 7026432 0 0 0 0 0 0 0 
_1.ptx 216 : 1179648 12893472 0 73728 36864 0 0 0 0 
_1.ptx 217 : 1179648 10683296 0 0 0 0 0 0 0 
_1.ptx 218 : 1179648 7008544 0 0 0 0 0 0 0 
_1.ptx 219 : 1179648 12900480 0 73728 36864 0 0 0 0 
_1.ptx 220 : 1179648 10679328 0 0 0 0 0 0 0 
_1.ptx 221 : 1179648 7005792 0 0 0 0 0 0 0 
_1.ptx 222 : 1179648 12868032 0 73728 36864 0 0 0 0 
_1.ptx 223 : 1179648 10679488 0 0 0 0 0 0 0 
_1.ptx 224 : 1179648 6994528 0 0 0 0 0 0 0 
_1.ptx 225 : 1179648 12874464 0 73728 36864 0 0 0 0 
_1.ptx 226 : 1179648 10678912 0 0 0 0 0 0 0 
_1.ptx 227 : 1179648 7006816 0 0 0 0 0 0 0 
_1.ptx 228 : 1179648 12852032 0 73728 36864 0 0 0 0 
_1.ptx 229 : 1179648 10680224 0 0 0 0 0 0 0 
_1.ptx 230 : 1179648 6947168 0 0 0 0 0 0 0 
_1.ptx 231 : 1179648 12860800 0 73728 36864 0 0 0 0 
_1.ptx 232 : 1179648 10680448 0 0 0 0 0 0 0 
_1.ptx 234 : 1179648 8707616 51776 0 0 73728 36864 0 0 
_1.ptx 236 : 1179648 7104576 0 0 0 0 0 0 0 
_1.ptx 237 : 1179648 7322304 0 0 0 0 0 0 0 
_1.ptx 238 : 1179648 12977664 0 73728 36864 0 0 0 0 
_1.ptx 239 : 1179648 10680480 0 0 0 0 0 0 0 
_1.ptx 240 : 1179648 6881888 0 0 0 0 0 0 0 
_1.ptx 241 : 1179648 12820544 0 73728 36864 0 0 0 0 
_1.ptx 242 : 1179648 10678720 0 0 0 0 0 0 0 
_1.ptx 243 : 1179648 7005600 0 0 0 0 0 0 0 
_1.ptx 244 : 1179648 12823680 0 73728 36864 0 0 0 0 
_1.ptx 245 : 1179648 10678688 0 0 0 0 0 0 0 
_1.ptx 246 : 1179648 6922464 0 0 0 0 0 0 0 
_1.ptx 247 : 1179648 12817440 0 73728 36864 0 0 0 0 
_1.ptx 248 : 1179648 10677888 0 0 0 0 0 0 0 
_1.ptx 249 : 1179648 6937344 0 0 0 0 0 0 0 
_1.ptx 250 : 1179648 12790560 0 73728 36864 0 0 0 0 
_1.ptx 251 : 1179648 10677312 0 0 0 0 0 0 0 
_1.ptx 252 : 1179648 6888800 0 0 0 0 0 0 0 
_1.ptx 253 : 1179648 12811168 0 73728 36864 0 0 0 0 
_1.ptx 254 : 1179648 10680320 0 0 0 0 0 0 0 
_1.ptx 255 : 1179648 6908480 0 0 0 0 0 0 0 
_1.ptx 256 : 1179648 12768448 0 73728 36864 0 0 0 0 
_1.ptx 257 : 1179648 10676960 0 0 0 0 0 0 0 
_1.ptx 258 : 1179648 6852128 0 0 0 0 0 0 0 
_1.ptx 259 : 1179648 12787648 0 73728 36864 0 0 0 0 
_1.ptx 260 : 1179648 10676416 0 0 0 0 0 0 0 
_1.ptx 261 : 1179648 6869792 0 0 0 0 0 0 0 
_1.ptx 262 : 1179648 12803232 0 73728 36864 0 0 0 0 
_1.ptx 263 : 1179648 10678144 0 0 0 0 0 0 0 
_1.ptx 264 : 1179648 6820576 0 0 0 0 0 0 0 
_1.ptx 265 : 1179648 12763872 0 73728 36864 0 0 0 0 
_1.ptx 266 : 1179648 10674848 0 0 0 0 0 0 0 
_1.ptx 267 : 1179648 6813472 0 0 0 0 0 0 0 
_1.ptx 268 : 1179648 12716416 0 73728 36864 0 0 0 0 
_1.ptx 269 : 1179648 10678496 0 0 0 0 0 0 0 
_1.ptx 270 : 1179648 6771008 0 0 0 0 0 0 0 
_1.ptx 271 : 1179648 12748736 0 73728 36864 0 0 0 0 
_1.ptx 272 : 1179648 10685376 0 0 0 0 0 0 0 
_1.ptx 273 : 1179648 6530496 0 0 0 0 0 0 0 
_1.ptx 274 : 1179648 12684928 0 73728 36864 0 0 0 0 
_1.ptx 275 : 1179648 10677536 0 0 0 0 0 0 0 
_1.ptx 276 : 1179648 6656928 0 0 0 0 0 0 0 
_1.ptx 277 : 1179648 12686016 0 73728 36864 0 0 0 0 
_1.ptx 278 : 1179648 10675264 0 0 0 0 0 0 0 
_1.ptx 279 : 1179648 6820832 0 0 0 0 0 0 0 
_1.ptx 280 : 1179648 12674816 0 73728 36864 0 0 0 0 
_1.ptx 281 : 1179648 10680480 0 0 0 0 0 0 0 
_1.ptx 282 : 1179648 6705152 0 0 0 0 0 0 0 
_1.ptx 283 : 1179648 12686496 0 73728 36864 0 0 0 0 
_1.ptx 284 : 1179648 10676096 0 0 0 0 0 0 0 
_1.ptx 285 : 1179648 6751072 0 0 0 0 0 0 0 
_1.ptx 286 : 1179648 12656384 0 73728 36864 0 0 0 0 
_1.ptx 287 : 1179648 10677696 0 0 0 0 0 0 0 
_1.ptx 289 : 1179648 8604064 4718592 0 0 73728 36864 0 0 
_1.ptx 291 : 1179648 7097792 0 0 0 0 0 0 0 
_1.ptx 292 : 1179648 7156800 0 0 0 0 0 0 0 
_1.ptx 293 : 1179648 12910784 0 73728 36864 0 0 0 0 
_1.ptx 294 : 1179648 10672192 0 0 0 0 0 0 0 
_1.ptx 295 : 1179648 6591328 0 0 0 0 0 0 0 
_1.ptx 296 : 1179648 12591520 0 73728 36864 0 0 0 0 
_1.ptx 297 : 1179648 10670912 0 0 0 0 0 0 0 
_1.ptx 298 : 1179648 6703520 0 0 0 0 0 0 0 
_1.ptx 299 : 1179648 12662080 0 73728 36864 0 0 0 0 
_1.ptx 300 : 1179648 10674176 0 0 0 0 0 0 0 
_1.ptx 301 : 1179648 6642944 0 0 0 0 0 0 0 
_1.ptx 302 : 1179648 12580160 0 73728 36864 0 0 0 0 
_1.ptx 303 : 1179648 10676000 0 0 0 0 0 0 0 
_1.ptx 304 : 1179648 6603584 0 0 0 0 0 0 0 
_1.ptx 305 : 1179648 12595584 0 73728 36864 0 0 0 0 
_1.ptx 306 : 1179648 10676800 0 0 0 0 0 0 0 
_1.ptx 307 : 1179648 6609632 0 0 0 0 0 0 0 
_1.ptx 308 : 1179648 12552992 0 73728 36864 0 0 0 0 
_1.ptx 309 : 1179648 10673408 0 0 0 0 0 0 0 
_1.ptx 310 : 1179648 6549024 0 0 0 0 0 0 0 
_1.ptx 311 : 1179648 12561792 0 73728 36864 0 0 0 0 
_1.ptx 312 : 1179648 10672320 0 0 0 0 0 0 0 
_1.ptx 313 : 1179648 6566720 0 0 0 0 0 0 0 
_1.ptx 314 : 1179648 12503808 0 73728 36864 0 0 0 0 
_1.ptx 315 : 1179648 10671168 0 0 0 0 0 0 0 
_1.ptx 316 : 1179648 6475264 0 0 0 0 0 0 0 
_1.ptx 317 : 1179648 12535936 0 73728 36864 0 0 0 0 
_1.ptx 318 : 1179648 10670912 0 0 0 0 0 0 0 
_1.ptx 319 : 1179648 6522080 0 0 0 0 0 0 0 
_1.ptx 320 : 1179648 12503040 0 73728 36864 0 0 0 0 
_1.ptx 321 : 1179648 10670656 0 0 0 0 0 0 0 
_1.ptx 322 : 1179648 6448672 0 0 0 0 0 0 0 
_1.ptx 323 : 1179648 12522272 0 73728 36864 0 0 0 0 
_1.ptx 324 : 1179648 10672896 0 0 0 0 0 0 0 
_1.ptx 325 : 1179648 6484160 0 0 0 0 0 0 0 
_1.ptx 326 : 1179648 12473728 0 73728 36864 0 0 0 0 
_1.ptx 327 : 1179648 10669920 0 0 0 0 0 0 0 
_1.ptx 328 : 1179648 6435456 0 0 0 0 0 0 0 
_1.ptx 329 : 1179648 12587424 0 73728 36864 0 0 0 0 
_1.ptx 330 : 1179648 10671168 0 0 0 0 0 0 0 
_1.ptx 331 : 1179648 6482912 0 0 0 0 0 0 0 
_1.ptx 332 : 1179648 12467104 0 73728 36864 0 0 0 0 
_1.ptx 333 : 1179648 10676000 0 0 0 0 0 0 0 
_1.ptx 334 : 1179648 6425056 0 0 0 0 0 0 0 
_1.ptx 335 : 1179648 12501696 0 73728 36864 0 0 0 0 
_1.ptx 336 : 1179648 10673632 0 0 0 0 0 0 0 
_1.ptx 337 : 1179648 6404608 0 0 0 0 0 0 0 
_1.ptx 338 : 1179648 12712256 0 73728 36864 0 0 0 0 
_1.ptx 339 : 1179648 10684928 0 0 0 0 0 0 0 
_1.ptx 340 : 1179648 6316768 0 0 0 0 0 0 0 
_1.ptx 341 : 1179648 12460800 0 73728 36864 0 0 0 0 
_1.ptx 342 : 1179648 10675744 0 0 0 0 0 0 0 
_1.ptx 344 : 1179648 8559456 126400 0 0 73728 36864 0 0 
_1.ptx 346 : 1179648 7104192 0 0 0 0 0 0 0 
_1.ptx 365 : 1179648 7200448 0 0 0 0 0 0 0 
_1.ptx 366 : 1179648 13788576 0 0 0 0 0 0 0 
_1.ptx 367 : 1179648 7303936 0 0 0 0 0 0 0 
_1.ptx 368 : 1179648 15145280 0 0 0 0 0 0 0 
_1.ptx 369 : 1179648 5289056 0 0 0 0 0 0 0 
_1.ptx 370 : 1179648 7389664 0 0 0 0 0 0 0 
_1.ptx 371 : 1179648 7413280 0 0 0 0 0 0 0 
_1.ptx 372 : 1179648 13268352 0 0 0 0 0 0 0 
_1.ptx 373 : 1179648 12087232 0 0 0 0 0 0 0 
_1.ptx 374 : 1179648 14274496 0 0 0 0 0 0 0 
_1.ptx 375 : 1179648 8706752 0 0 0 0 0 0 0 
_1.ptx 376 : 1179648 14903520 0 0 0 0 0 0 0 
_1.ptx 377 : 1179648 7679264 0 0 0 0 0 0 0 
_1.ptx 378 : 1179648 8832544 0 0 0 0 0 0 0 
_1.ptx 379 : 1179648 8796288 0 0 0 0 0 0 0 
_1.ptx 380 : 1179648 15163968 0 0 0 0 0 0 0 
_1.ptx 381 : 1179648 13222176 0 0 0 0 0 0 0 
_1.ptx 382 : 1179648 14013280 0 0 0 0 0 0 0 
_1.ptx 383 : 1179648 13291968 0 0 0 0 0 0 0 
_1.ptx 384 : 1179648 15401888 0 0 0 0 0 0 0 
_1.ptx 385 : 1179648 13306528 0 0 0 0 0 0 0 
_1.ptx 386 : 1179648 13344704 0 0 0 0 0 0 0 
_1.ptx 387 : 1179648 8780672 0 0 0 0 0 0 0 
_1.ptx 388 : 1179648 13171520 0 0 0 0 0 0 0 
_1.ptx 389 : 1179648 5547808 0 0 0 0 0 0 0 
_1.ptx 390 : 1179648 13214272 0 0 0 0 0 0 0 
_1.ptx 391 : 1179648 13191008 0 0 0 0 0 0 0 
_1.ptx 392 : 1179648 255874624 98304 0 0 73728 36864 0 0 
_1.ptx 393 : 1179648 11212448 0 73728 36864 0 0 0 0 
_1.ptx 394 : 1179648 12082528 0 0 0 0 0 0 0 
_1.ptx 395 : 1179648 8433632 0 0 0 0 0 0 0 
_1.ptx 396 : 1179648 12289984 0 0 0 0 0 0 0 
_1.ptx 397 : 1179648 13111360 0 0 0 0 0 0 0 
_1.ptx 398 : 1179648 351569056 4718592 0 0 73728 36864 0 0 
_1.ptx 399 : 1179648 10189280 0 73728 36864 0 0 0 0 
_1.ptx 400 : 1179648 12119872 0 0 0 0 0 0 0 
_1.ptx 401 : 1179648 8422272 0 0 0 0 0 0 0 
_1.ptx 402 : 1179648 12271872 0 0 0 0 0 0 0 
_1.ptx 403 : 1179648 13105856 0 0 0 0 0 0 0 
_1.ptx 404 : 1179648 328852224 4718592 0 0 73728 36864 0 0 
_1.ptx 405 : 1179648 10226976 0 73728 36864 0 0 0 0 
_1.ptx 406 : 1179648 12170144 0 0 0 0 0 0 0 
_1.ptx 407 : 1179648 8435136 0 0 0 0 0 0 0 
_1.ptx 408 : 1179648 12215296 0 0 0 0 0 0 0 
_1.ptx 409 : 1179648 13102528 0 0 0 0 0 0 0 
_1.ptx 410 : 1179648 331453152 4718848 0 0 73728 36864 0 0 
_1.ptx 411 : 1179648 10461120 0 73728 36864 0 0 0 0 
_1.ptx 412 : 1179648 7161600 0 0 0 0 0 0 0 
_1.ptx 413 : 1179648 9603456 0 0 0 0 0 0 0 
_1.ptx 414 : 1179648 149536 0 0 0 0 0 0 0 
_1.ptx 416 : 1155072 327798304 4621440 0 0 72192 36096 0 0 
_1.ptx 417 : 1155072 6998400 0 0 0 0 0 0 0 
_1.ptx 419 : 24576 149536 0 0 0 0 0 0 0 
_1.ptx 421 : 1179648 10266496 0 73728 36864 0 0 0 0 
_1.ptx 422 : 1179648 7967296 0 0 0 0 0 0 0 
_1.ptx 423 : 1179648 13092128 0 0 0 0 0 0 0 
_1.ptx 424 : 1179648 11998912 0 0 0 0 0 0 0 
_1.ptx 425 : 1179648 7238976 0 0 0 0 0 0 0 
_1.ptx 426 : 1179648 9603680 0 0 0 0 0 0 0 
_1.ptx 427 : 1179648 148736 0 0 0 0 0 0 0 
_1.ptx 429 : 1155072 11929600 0 0 0 0 0 0 0 
_1.ptx 430 : 1155072 8302528 0 0 0 0 0 0 0 
_1.ptx 431 : 1155072 11999616 0 0 0 0 0 0 0 
_1.ptx 432 : 1155072 12839360 0 0 0 0 0 0 0 
_1.ptx 433 : 1155072 325512576 4622976 0 0 72192 36096 0 0 
_1.ptx 434 : 1155072 6995392 0 0 0 0 0 0 0 
_1.ptx 436 : 24576 148544 0 0 0 0 0 0 0 
_1.ptx 438 : 1179648 10024224 0 73728 36864 0 0 0 0 
_1.ptx 440 : 1179648 7160064 0 0 0 0 0 0 0 
_1.ptx 442 : 1179648 7171136 0 0 0 0 0 0 0 
_1.ptx 443 : 1179648 7188992 0 0 0 0 0 0 0 
_1.ptx 444 : 1179648 13414176 0 73728 36864 0 0 0 0 
_1.ptx 445 : 1179648 10731392 0 0 0 0 0 0 0 
_1.ptx 446 : 1179648 6989184 0 0 0 0 0 0 0 
_1.ptx 447 : 1179648 13215168 0 73728 36864 0 0 0 0 
_1.ptx 448 : 1179648 10724224 0 0 0 0 0 0 0 
_1.ptx 449 : 1179648 6888096 0 0 0 0 0 0 0 
_1.ptx 450 : 1179648 12930112 0 73728 36864 0 0 0 0 
_1.ptx 451 : 1179648 10730624 0 0 0 0 0 0 0 
_1.ptx 452 : 1179648 6721824 0 0 0 0 0 0 0 
_1.ptx 453 : 1179648 12788896 0 73728 36864 0 0 0 0 
_1.ptx 454 : 1179648 10720800 0 0 0 0 0 0 0 
_1.ptx 455 : 1179648 6793056 0 0 0 0 0 0 0 
_1.ptx 456 : 1179648 12775456 0 73728 36864 0 0 0 0 
_1.ptx 457 : 1179648 10722848 0 0 0 0 0 0 0 
_1.ptx 458 : 1179648 6627552 0 0 0 0 0 0 0 
_1.ptx 459 : 1179648 12750144 0 73728 36864 0 0 0 0 
_1.ptx 460 : 1179648 10720384 0 0 0 0 0 0 0 
_1.ptx 461 : 1179648 6416256 0 0 0 0 0 0 0 
_1.ptx 462 : 1179648 13380480 0 73728 36864 0 0 0 0 
_1.ptx 463 : 1179648 10740096 0 0 0 0 0 0 0 
_1.ptx 464 : 1179648 6957024 0 0 0 0 0 0 0 
_1.ptx 465 : 1179648 12986560 0 73728 36864 0 0 0 0 
_1.ptx 466 : 1179648 10729344 0 0 0 0 0 0 0 
_1.ptx 467 : 1179648 6960960 0 0 0 0 0 0 0 
_1.ptx 468 : 1179648 12915392 0 73728 36864 0 0 0 0 
_1.ptx 469 : 1179648 10734912 0 0 0 0 0 0 0 
_1.ptx 470 : 1179648 6872640 0 0 0 0 0 0 0 
_1.ptx 471 : 1179648 12851232 0 73728 36864 0 0 0 0 
_1.ptx 472 : 1179648 10725664 0 0 0 0 0 0 0 
_1.ptx 473 : 1179648 6903584 0 0 0 0 0 0 0 
_1.ptx 474 : 1179648 12808960 0 73728 36864 0 0 0 0 
_1.ptx 475 : 1179648 10729216 0 0 0 0 0 0 0 
_1.ptx 476 : 1179648 6798016 0 0 0 0 0 0 0 
_1.ptx 477 : 1179648 12765792 0 73728 36864 0 0 0 0 
_1.ptx 478 : 1179648 10730400 0 0 0 0 0 0 0 
_1.ptx 479 : 1179648 6783488 0 0 0 0 0 0 0 
_1.ptx 480 : 1179648 12790336 0 73728 36864 0 0 0 0 
_1.ptx 481 : 1179648 10731904 0 0 0 0 0 0 0 
_1.ptx 482 : 1179648 6684000 0 0 0 0 0 0 0 
_1.ptx 483 : 1179648 12762240 0 73728 36864 0 0 0 0 
_1.ptx 484 : 1179648 10726944 0 0 0 0 0 0 0 
_1.ptx 485 : 1179648 6730400 0 0 0 0 0 0 0 
_1.ptx 486 : 1179648 12696608 0 73728 36864 0 0 0 0 
_1.ptx 487 : 1179648 10724000 0 0 0 0 0 0 0 
_1.ptx 488 : 1179648 6636032 0 0 0 0 0 0 0 
_1.ptx 489 : 1179648 12695936 0 73728 36864 0 0 0 0 
_1.ptx 490 : 1179648 10723168 0 0 0 0 0 0 0 
_1.ptx 491 : 1179648 6619968 0 0 0 0 0 0 0 
_1.ptx 492 : 1179648 12676256 0 73728 36864 0 0 0 0 
_1.ptx 493 : 1179648 10732096 0 0 0 0 0 0 0 
_1.ptx 495 : 1179648 6209408 0 0 0 0 0 0 0 
_1.ptx 496 : 1179648 13281216 0 0 0 0 0 0 0 
_1.ptx 497 : 1179648 13204288 0 0 0 0 0 0 0 
_1.ptx 498 : 1179648 9442368 2788416 0 0 73728 36864 0 0 
_1.ptx 500 : 1179648 7190432 0 0 0 0 0 0 0 
_1.ptx 501 : 1179648 7510112 0 0 0 0 0 0 0 
_1.ptx 502 : 1179648 13183456 0 73728 36864 0 0 0 0 
_1.ptx 503 : 1179648 10727072 0 0 0 0 0 0 0 
_1.ptx 504 : 1179648 7007104 0 0 0 0 0 0 0 
_1.ptx 505 : 1179648 12910112 0 73728 36864 0 0 0 0 
_1.ptx 506 : 1179648 10724864 0 0 0 0 0 0 0 
_1.ptx 507 : 1179648 6962784 0 0 0 0 0 0 0 
_1.ptx 508 : 1179648 12832064 0 73728 36864 0 0 0 0 
_1.ptx 509 : 1179648 10714816 0 0 0 0 0 0 0 
_1.ptx 510 : 1179648 6867616 0 0 0 0 0 0 0 
_1.ptx 511 : 1179648 12818816 0 73728 36864 0 0 0 0 
_1.ptx 512 : 1179648 10776512 0 0 0 0 0 0 0 
_1.ptx 513 : 1179648 6764416 0 0 0 0 0 0 0 
_1.ptx 514 : 1179648 13117184 0 73728 36864 0 0 0 0 
_1.ptx 515 : 1179648 10707840 0 0 0 0 0 0 0 
_1.ptx 516 : 1179648 6949952 0 0 0 0 0 0 0 
_1.ptx 517 : 1179648 12895136 0 73728 36864 0 0 0 0 
_1.ptx 518 : 1179648 10711424 0 0 0 0 0 0 0 
_1.ptx 519 : 1179648 6979776 0 0 0 0 0 0 0 
_1.ptx 520 : 1179648 12831392 0 73728 36864 0 0 0 0 
_1.ptx 521 : 1179648 10708736 0 0 0 0 0 0 0 
_1.ptx 522 : 1179648 6858912 0 0 0 0 0 0 0 
_1.ptx 523 : 1179648 12739520 0 73728 36864 0 0 0 0 
_1.ptx 524 : 1179648 10705088 0 0 0 0 0 0 0 
_1.ptx 525 : 1179648 6890048 0 0 0 0 0 0 0 
_1.ptx 526 : 1179648 12744448 0 73728 36864 0 0 0 0 
_1.ptx 527 : 1179648 10701824 0 0 0 0 0 0 0 
_1.ptx 528 : 1179648 6574560 0 0 0 0 0 0 0 
_1.ptx 529 : 1179648 12937984 0 73728 36864 0 0 0 0 
_1.ptx 530 : 1179648 10711744 0 0 0 0 0 0 0 
_1.ptx 531 : 1179648 6863872 0 0 0 0 0 0 0 
_1.ptx 532 : 1179648 12936096 0 73728 36864 0 0 0 0 
_1.ptx 533 : 1179648 10722304 0 0 0 0 0 0 0 
_1.ptx 534 : 1179648 6936832 0 0 0 0 0 0 0 
_1.ptx 535 : 1179648 12846688 0 73728 36864 0 0 0 0 
_1.ptx 536 : 1179648 10722368 0 0 0 0 0 0 0 
_1.ptx 537 : 1179648 6952928 0 0 0 0 0 0 0 
_1.ptx 538 : 1179648 12818080 0 73728 36864 0 0 0 0 
_1.ptx 539 : 1179648 10721792 0 0 0 0 0 0 0 
_1.ptx 540 : 1179648 6950080 0 0 0 0 0 0 0 
_1.ptx 541 : 1179648 12762208 0 73728 36864 0 0 0 0 
_1.ptx 542 : 1179648 10709280 0 0 0 0 0 0 0 
_1.ptx 543 : 1179648 6921248 0 0 0 0 0 0 0 
_1.ptx 544 : 1179648 12701728 0 73728 36864 0 0 0 0 
_1.ptx 545 : 1179648 10715072 0 0 0 0 0 0 0 
_1.ptx 546 : 1179648 6799072 0 0 0 0 0 0 0 
_1.ptx 547 : 1179648 12663712 0 73728 36864 0 0 0 0 
_1.ptx 548 : 1179648 10719712 0 0 0 0 0 0 0 
_1.ptx 549 : 1179648 6817920 0 0 0 0 0 0 0 
_1.ptx 550 : 1179648 12690176 0 73728 36864 0 0 0 0 
_1.ptx 551 : 1179648 10726848 0 0 0 0 0 0 0 
_1.ptx 553 : 1179648 13195840 0 0 0 0 0 0 0 
_1.ptx 554 : 1179648 8900320 2789120 0 0 73728 36864 0 0 
_1.ptx 556 : 1179648 7145984 0 0 0 0 0 0 0 
_1.ptx 557 : 1179648 7132800 0 0 0 0 0 0 0 
_1.ptx 558 : 1179648 12943872 0 73728 36864 0 0 0 0 
_1.ptx 559 : 1179648 10715616 0 0 0 0 0 0 0 
_1.ptx 560 : 1179648 6741920 0 0 0 0 0 0 0 
_1.ptx 561 : 1179648 12699904 0 73728 36864 0 0 0 0 
_1.ptx 562 : 1179648 10764352 0 0 0 0 0 0 0 
_1.ptx 563 : 1179648 6386560 0 0 0 0 0 0 0 
_1.ptx 564 : 1179648 12887392 0 73728 36864 0 0 0 0 
_1.ptx 565 : 1179648 10710496 0 0 0 0 0 0 0 
_1.ptx 566 : 1179648 6808768 0 0 0 0 0 0 0 
_1.ptx 567 : 1179648 12700160 0 73728 36864 0 0 0 0 
_1.ptx 568 : 1179648 10708480 0 0 0 0 0 0 0 
_1.ptx 569 : 1179648 6927488 0 0 0 0 0 0 0 
_1.ptx 570 : 1179648 12696288 0 73728 36864 0 0 0 0 
_1.ptx 571 : 1179648 10713920 0 0 0 0 0 0 0 
_1.ptx 572 : 1179648 6811360 0 0 0 0 0 0 0 
_1.ptx 573 : 1179648 12675872 0 73728 36864 0 0 0 0 
_1.ptx 574 : 1179648 10708192 0 0 0 0 0 0 0 
_1.ptx 575 : 1179648 6856448 0 0 0 0 0 0 0 
_1.ptx 576 : 1179648 12637952 0 73728 36864 0 0 0 0 
_1.ptx 577 : 1179648 10699712 0 0 0 0 0 0 0 
_1.ptx 578 : 1179648 6348512 0 0 0 0 0 0 0 
_1.ptx 579 : 1179648 12843008 0 73728 36864 0 0 0 0 
_1.ptx 580 : 1179648 10706432 0 0 0 0 0 0 0 
_1.ptx 581 : 1179648 6785024 0 0 0 0 0 0 0 
_1.ptx 582 : 1179648 12656352 0 73728 36864 0 0 0 0 
_1.ptx 583 : 1179648 10707072 0 0 0 0 0 0 0 
_1.ptx 584 : 1179648 6819648 0 0 0 0 0 0 0 
_1.ptx 585 : 1179648 12590912 0 73728 36864 0 0 0 0 
_1.ptx 586 : 1179648 10703328 0 0 0 0 0 0 0 
_1.ptx 587 : 1179648 6922784 0 0 0 0 0 0 0 
_1.ptx 588 : 1179648 12673376 0 73728 36864 0 0 0 0 
_1.ptx 589 : 1179648 10709440 0 0 0 0 0 0 0 
_1.ptx 590 : 1179648 6909504 0 0 0 0 0 0 0 
_1.ptx 591 : 1179648 12674336 0 73728 36864 0 0 0 0 
_1.ptx 592 : 1179648 10702464 0 0 0 0 0 0 0 
_1.ptx 593 : 1179648 6453824 0 0 0 0 0 0 0 
_1.ptx 594 : 1179648 13366432 0 73728 36864 0 0 0 0 
_1.ptx 595 : 1179648 10725120 0 0 0 0 0 0 0 
_1.ptx 596 : 1179648 6929536 0 0 0 0 0 0 0 
_1.ptx 597 : 1179648 13010048 0 73728 36864 0 0 0 0 
_1.ptx 598 : 1179648 10715744 0 0 0 0 0 0 0 
_1.ptx 599 : 1179648 7023808 0 0 0 0 0 0 0 
_1.ptx 600 : 1179648 12973472 0 73728 36864 0 0 0 0 
_1.ptx 601 : 1179648 10707808 0 0 0 0 0 0 0 
_1.ptx 602 : 1179648 6957952 0 0 0 0 0 0 0 
_1.ptx 603 : 1179648 12745408 0 73728 36864 0 0 0 0 
_1.ptx 604 : 1179648 10713504 0 0 0 0 0 0 0 
_1.ptx 605 : 1179648 6892096 0 0 0 0 0 0 0 
_1.ptx 606 : 1179648 12598048 0 73728 36864 0 0 0 0 
_1.ptx 607 : 1179648 10722496 0 0 0 0 0 0 0 
_1.ptx 609 : 1179648 13115904 0 0 0 0 0 0 0 
_1.ptx 610 : 1179648 8717728 2766400 0 0 73728 36864 0 0 
_1.ptx 612 : 1179648 7132832 0 0 0 0 0 0 0 
_1.ptx 613 : 1179648 7131424 0 0 0 0 0 0 0 
_1.ptx 614 : 1179648 12930528 0 73728 36864 0 0 0 0 
_1.ptx 615 : 1179648 10706560 0 0 0 0 0 0 0 
_1.ptx 616 : 1179648 6802464 0 0 0 0 0 0 0 
_1.ptx 617 : 1179648 12594720 0 73728 36864 0 0 0 0 
_1.ptx 618 : 1179648 10705216 0 0 0 0 0 0 0 
_1.ptx 619 : 1179648 6808032 0 0 0 0 0 0 0 
_1.ptx 620 : 1179648 12654048 0 73728 36864 0 0 0 0 
_1.ptx 621 : 1179648 10703872 0 0 0 0 0 0 0 
_1.ptx 622 : 1179648 6813632 0 0 0 0 0 0 0 
_1.ptx 623 : 1179648 12624544 0 73728 36864 0 0 0 0 
_1.ptx 624 : 1179648 10708768 0 0 0 0 0 0 0 
_1.ptx 625 : 1179648 6881472 0 0 0 0 0 0 0 
_1.ptx 626 : 1179648 12681984 0 73728 36864 0 0 0 0 
_1.ptx 627 : 1179648 10702368 0 0 0 0 0 0 0 
_1.ptx 628 : 1179648 6226304 0 0 0 0 0 0 0 
_1.ptx 629 : 1179648 12786368 0 73728 36864 0 0 0 0 
_1.ptx 630 : 1179648 10717312 0 0 0 0 0 0 0 
_1.ptx 631 : 1179648 6883840 0 0 0 0 0 0 0 
_1.ptx 632 : 1179648 12570912 0 73728 36864 0 0 0 0 
_1.ptx 633 : 1179648 10707904 0 0 0 0 0 0 0 
_1.ptx 634 : 1179648 6820992 0 0 0 0 0 0 0 
_1.ptx 635 : 1179648 12550272 0 73728 36864 0 0 0 0 
_1.ptx 636 : 1179648 10709120 0 0 0 0 0 0 0 
_1.ptx 637 : 1179648 6872832 0 0 0 0 0 0 0 
_1.ptx 638 : 1179648 12597504 0 73728 36864 0 0 0 0 
_1.ptx 639 : 1179648 10709312 0 0 0 0 0 0 0 
_1.ptx 640 : 1179648 6831456 0 0 0 0 0 0 0 
_1.ptx 641 : 1179648 12656768 0 73728 36864 0 0 0 0 
_1.ptx 642 : 1179648 10708416 0 0 0 0 0 0 0 
_1.ptx 643 : 1179648 6356032 0 0 0 0 0 0 0 
_1.ptx 644 : 1179648 13352256 0 73728 36864 0 0 0 0 
_1.ptx 645 : 1179648 10727232 0 0 0 0 0 0 0 
_1.ptx 646 : 1179648 6903968 0 0 0 0 0 0 0 
_1.ptx 647 : 1179648 12910944 0 73728 36864 0 0 0 0 
_1.ptx 648 : 1179648 10719200 0 0 0 0 0 0 0 
_1.ptx 649 : 1179648 6967584 0 0 0 0 0 0 0 
_1.ptx 650 : 1179648 12678432 0 73728 36864 0 0 0 0 
_1.ptx 651 : 1179648 10710080 0 0 0 0 0 0 0 
_1.ptx 652 : 1179648 6947904 0 0 0 0 0 0 0 
_1.ptx 653 : 1179648 12595136 0 73728 36864 0 0 0 0 
_1.ptx 654 : 1179648 10709984 0 0 0 0 0 0 0 
_1.ptx 655 : 1179648 6891872 0 0 0 0 0 0 0 
_1.ptx 656 : 1179648 12568544 0 73728 36864 0 0 0 0 
_1.ptx 657 : 1179648 10716288 0 0 0 0 0 0 0 
_1.ptx 658 : 1179648 6840192 0 0 0 0 0 0 0 
_1.ptx 659 : 1179648 12636544 0 73728 36864 0 0 0 0 
_1.ptx 660 : 1179648 10779776 0 0 0 0 0 0 0 
_1.ptx 661 : 1179648 5668768 0 0 0 0 0 0 0 
_1.ptx 662 : 1179648 13070208 0 73728 36864 0 0 0 0 
_1.ptx 663 : 1179648 10737568 0 0 0 0 0 0 0 
_1.ptx 665 : 1179648 13196992 0 0 0 0 0 0 0 
_1.ptx 666 : 1179648 10424640 2795200 0 0 73728 36864 0 0 
_1.ptx 668 : 1179648 7245856 0 0 0 0 0 0 0 
