kernel line : count latency dram_traffic smem_bk_conflicts smem_warp gmem_access_generated gmem_warp exposed_latency warp_divergence
_1.ptx 1741 : 875211 5136088 0 0 0 0 0 0 51 
_1.ptx 1744 : 26112 171968 0 0 0 0 0 0 0 
_1.ptx 1746 : 26112 96800 0 0 0 0 0 0 0 
_1.ptx 1747 : 26112 287712 0 0 0 0 0 0 0 
_1.ptx 1748 : 26112 109728 0 0 0 0 0 0 0 
_1.ptx 1749 : 26112 99936 0 0 0 0 0 0 0 
_1.ptx 1750 : 26112 482624 0 0 0 0 0 0 0 
_1.ptx 1751 : 26112 291232 0 0 0 0 0 0 0 
_1.ptx 1752 : 26112 195264 0 0 0 0 0 0 0 
_1.ptx 1753 : 26112 474048 0 0 0 0 0 0 0 
_1.ptx 1754 : 26112 289472 0 0 0 0 0 0 0 
_1.ptx 1755 : 26112 7630432 6528 0 0 816 816 0 0 
_1.ptx 1756 : 26112 290592 0 0 0 0 0 0 0 
_1.ptx 1757 : 26112 4708096 1792 0 0 816 816 0 0 
_1.ptx 1758 : 26112 291296 0 0 0 0 0 0 0 
_1.ptx 1760 : 26112 534720 0 0 0 0 0 0 0 
_1.ptx 1761 : 26112 292448 0 0 0 0 0 0 0 
_1.ptx 1762 : 26112 7477056 6528 0 0 816 816 0 0 
_1.ptx 1763 : 26112 292704 0 0 0 0 0 0 0 
_1.ptx 1764 : 26112 4203936 1664 0 0 816 816 0 0 
_1.ptx 1765 : 26112 306272 0 0 0 0 0 0 0 
_1.ptx 1767 : 26112 230528 0 0 0 0 0 0 0 
_1.ptx 1768 : 26112 78336 0 0 0 0 0 0 0 
_1.ptx 1769 : 26112 218528 0 0 0 0 0 0 0 
_1.ptx 1770 : 26112 0 0 0 0 0 0 0 0 
_1.ptx 1771 : 26112 307648 0 0 0 0 0 0 0 
_1.ptx 1772 : 26112 303712 0 0 0 0 0 0 0 
_1.ptx 1773 : 26112 239424 0 0 0 0 0 0 0 
_1.ptx 1774 : 26112 207488 0 0 0 0 0 0 0 
_1.ptx 1775 : 26112 231648 0 0 0 0 0 0 0 
_1.ptx 1776 : 26112 306976 0 0 0 0 0 0 0 
_1.ptx 1777 : 26112 208704 0 0 0 0 0 0 0 
_1.ptx 1778 : 26112 198816 0 0 0 0 0 0 0 
_1.ptx 1779 : 26112 80224 0 0 0 0 0 0 0 
_1.ptx 1780 : 26112 378368 0 0 0 0 0 0 0 
_1.ptx 1781 : 26112 366720 0 0 0 0 0 0 0 
_1.ptx 1782 : 26112 295328 0 0 0 0 0 0 0 
_1.ptx 1783 : 26112 114048 0 0 0 0 0 0 0 
_1.ptx 1784 : 26112 301408 0 0 0 0 0 0 0 
_1.ptx 1785 : 26112 209632 0 0 0 0 0 0 0 
_1.ptx 1789 : 875211 5921144 0 0 0 0 0 0 0 
_1.ptx 1790 : 875211 6002719 0 0 0 0 0 0 0 
_1.ptx 1791 : 875211 7466746 0 0 0 0 0 0 0 
_1.ptx 1792 : 875211 8189944 0 0 0 0 0 0 0 
_1.ptx 1793 : 875211 33801183 3502272 0 0 27387 27387 0 0 
_1.ptx 1794 : 875211 9214237 0 0 0 0 0 0 0 
_1.ptx 1795 : 875211 9315681 0 0 0 0 0 0 0 
_1.ptx 1796 : 875211 7520085 0 0 0 0 0 0 0 
_1.ptx 1797 : 875211 5748035 0 0 0 0 0 0 51 
_1.ptx 1800 : 26112 184768 0 0 0 0 0 0 0 
_1.ptx 1802 : 26112 198176 0 0 0 0 0 0 0 
_1.ptx 1803 : 26112 79584 0 0 0 0 0 0 0 
_1.ptx 1804 : 26112 214176 0 0 0 0 0 0 0 
_1.ptx 1805 : 26112 0 0 0 0 0 0 0 0 
_1.ptx 1806 : 26112 287744 0 0 0 0 0 0 0 
_1.ptx 1807 : 26112 274016 0 0 0 0 0 0 0 
_1.ptx 1808 : 26112 223328 0 0 0 0 0 0 0 
_1.ptx 1809 : 26112 203616 0 0 0 0 0 0 0 
_1.ptx 1810 : 26112 229920 0 0 0 0 0 0 0 
_1.ptx 1811 : 26112 310208 0 0 0 0 0 0 0 
_1.ptx 1812 : 26112 205312 0 0 0 0 0 0 0 
_1.ptx 1813 : 26112 210144 0 0 0 0 0 0 0 
_1.ptx 72 : 52224 2115008 128 0 0 0 0 0 0 
_1.ptx 1814 : 26112 275520 0 0 0 0 0 0 0 
_1.ptx 73 : 52224 344288 0 0 0 0 0 0 0 
_1.ptx 1815 : 26112 118400 0 0 0 0 0 0 0 
_1.ptx 74 : 52224 440480 0 0 0 0 0 0 0 
_1.ptx 1816 : 26112 115648 0 0 0 0 0 0 0 
_1.ptx 75 : 52224 179040 0 0 0 0 0 0 0 
_1.ptx 1817 : 26112 289760 0 0 0 0 0 0 0 
_1.ptx 1818 : 26112 289856 0 0 0 0 0 0 0 
_1.ptx 77 : 26112 171904 0 0 0 0 0 0 0 
_1.ptx 1819 : 26112 89440 0 0 0 0 0 0 0 
_1.ptx 78 : 26112 176704 0 0 0 0 0 0 0 
_1.ptx 1820 : 26112 90912 0 0 0 0 0 0 0 
_1.ptx 79 : 26112 194816 0 0 0 0 0 0 0 
_1.ptx 1821 : 26112 1576736 128 0 0 0 0 0 0 
_1.ptx 80 : 26112 293664 0 0 0 0 0 0 0 
_1.ptx 1822 : 26112 78336 0 0 0 0 0 0 0 
_1.ptx 81 : 26112 294784 0 0 0 0 0 0 0 
_1.ptx 1823 : 26112 184864 0 0 0 0 0 0 0 
_1.ptx 82 : 26112 5333152 6528 0 0 0 0 0 0 
_1.ptx 83 : 26112 5305568 0 0 0 0 0 0 0 
_1.ptx 84 : 26112 200480 0 0 0 0 0 0 0 
_1.ptx 85 : 26112 295744 0 0 0 0 0 0 0 
_1.ptx 1827 : 875211 9869574 0 0 0 0 0 0 0 
_1.ptx 86 : 26112 302752 0 0 0 0 0 0 0 
_1.ptx 1828 : 875211 7996615 0 0 0 0 0 0 0 
_1.ptx 87 : 26112 217664 0 0 0 0 0 0 0 
_1.ptx 1829 : 875211 7409484 0 0 0 0 0 0 0 
_1.ptx 88 : 26112 192352 0 0 0 0 0 0 0 
_1.ptx 89 : 26112 184544 0 0 0 0 0 0 0 
_1.ptx 1831 : 875211 134561012 0 0 0 0 0 0 0 
_1.ptx 90 : 26112 223200 0 0 0 0 0 0 0 
_1.ptx 1832 : 875211 10204531 0 0 0 0 0 0 0 
_1.ptx 91 : 26112 179555 0 0 0 0 0 0 51 
_1.ptx 1833 : 875211 7087601 0 0 0 0 0 0 0 
_1.ptx 1834 : 875211 8187428 0 0 0 0 0 0 0 
_1.ptx 93 : 51 209 0 0 0 0 0 0 0 
_1.ptx 1835 : 875211 6960420 0 0 0 0 0 0 6681 
_1.ptx 94 : 51 4803 128 0 0 0 0 0 0 
_1.ptx 95 : 51 568 0 0 0 0 0 0 0 
_1.ptx 1837 : 6681 58753 0 0 0 0 0 0 0 
_1.ptx 96 : 51 392 0 0 0 0 0 0 0 
_1.ptx 97 : 51 574 0 0 0 0 0 0 0 
_1.ptx 1839 : 6681 59758 0 0 0 0 0 0 0 
_1.ptx 98 : 51 519 0 0 0 0 0 0 0 
_1.ptx 99 : 51 397 0 0 0 0 0 0 0 
_1.ptx 100 : 51 527 0 0 0 0 0 0 0 
_1.ptx 1842 : 875211 10416609 0 0 0 0 0 0 0 
_1.ptx 101 : 51 5267 1536 0 0 0 0 0 0 
_1.ptx 1843 : 875211 9860934 0 0 0 0 0 0 0 
_1.ptx 102 : 51 580 0 0 0 0 0 0 0 
_1.ptx 1844 : 875211 10447282 0 0 0 0 0 0 0 
_1.ptx 103 : 51 6714 256 0 0 51 51 0 0 
_1.ptx 1845 : 875211 8162439 0 0 0 0 0 0 0 
_1.ptx 104 : 51 223 0 0 0 0 0 0 0 
_1.ptx 1846 : 875211 10167936 0 0 0 0 0 0 0 
_1.ptx 105 : 51 579 0 0 0 0 0 0 0 
_1.ptx 1847 : 875211 7025962 0 0 0 0 0 0 0 
_1.ptx 106 : 51 296 1632 0 0 51 51 0 0 
_1.ptx 1848 : 875211 8866080 0 0 0 0 0 0 0 
_1.ptx 1849 : 875211 7665512 0 0 0 0 0 0 0 
_1.ptx 108 : 51 218 0 0 0 0 0 0 0 
_1.ptx 1850 : 875211 8063380 0 0 0 0 0 0 0 
_1.ptx 109 : 51 578 0 0 0 0 0 0 0 
_1.ptx 1851 : 875211 8710755 0 0 0 0 0 0 0 
_1.ptx 110 : 51 7073 128 0 0 51 51 0 0 
_1.ptx 1852 : 875211 8003519 0 0 0 0 0 0 0 
_1.ptx 111 : 51 1533 0 0 0 0 0 0 0 
_1.ptx 1853 : 875211 0 0 0 0 0 0 0 0 
_1.ptx 112 : 51 568 0 0 0 0 0 0 0 
_1.ptx 1854 : 875211 3131458 0 0 0 0 0 0 0 
_1.ptx 113 : 51 281 1632 0 0 51 51 0 0 
_1.ptx 1855 : 875211 10382597 0 0 0 0 0 0 0 
_1.ptx 1856 : 875211 3076813 0 0 0 0 0 0 0 
_1.ptx 1857 : 875211 7954597 0 0 0 0 0 0 0 
_1.ptx 116 : 26112 201792 0 0 0 0 0 0 0 
_1.ptx 1858 : 875211 8575180 0 0 0 0 0 0 0 
_1.ptx 117 : 26112 1824768 128 0 0 0 0 0 0 
_1.ptx 1859 : 875211 11257263 0 0 0 0 0 0 0 
_1.ptx 118 : 26112 226784 0 0 0 0 0 0 0 
_1.ptx 1860 : 875211 9874441 0 0 0 0 0 0 0 
_1.ptx 119 : 26112 0 0 0 0 0 0 0 0 
_1.ptx 1861 : 875211 9798439 0 0 0 0 0 0 0 
_1.ptx 120 : 26112 306144 0 0 0 0 0 0 0 
_1.ptx 1862 : 875211 3124272 0 0 0 0 0 0 0 
_1.ptx 121 : 26112 292992 0 0 0 0 0 0 0 
_1.ptx 1863 : 875211 10436170 0 0 0 0 0 0 0 
_1.ptx 122 : 26112 219008 0 0 0 0 0 0 0 
_1.ptx 1864 : 875211 8224373 0 0 0 0 0 0 0 
_1.ptx 123 : 26112 192576 0 0 0 0 0 0 0 
_1.ptx 1865 : 875211 10121088 0 0 0 0 0 0 0 
_1.ptx 124 : 26112 227968 0 0 0 0 0 0 0 
_1.ptx 1866 : 875211 10257025 0 0 0 0 0 0 0 
_1.ptx 125 : 26112 302336 0 0 0 0 0 0 0 
_1.ptx 1867 : 875211 7144284 0 0 0 0 0 0 0 
_1.ptx 126 : 26112 197216 0 0 0 0 0 0 0 
_1.ptx 1868 : 875211 8775672 0 0 0 0 0 0 0 
_1.ptx 127 : 26112 123488 0 0 0 0 0 0 0 
_1.ptx 1869 : 875211 8123376 0 0 0 0 0 0 0 
_1.ptx 128 : 26112 1004640 0 0 0 0 0 0 0 
_1.ptx 1870 : 875211 6977672 0 0 0 0 0 0 0 
_1.ptx 129 : 26112 1002112 0 0 0 0 0 0 0 
_1.ptx 1871 : 875211 7710096 0 0 0 0 0 0 0 
_1.ptx 130 : 26112 197120 0 0 0 0 0 0 0 
_1.ptx 131 : 26112 401664 0 0 0 0 0 0 0 
_1.ptx 132 : 26112 294144 0 0 0 0 0 0 0 
_1.ptx 1874 : 8585085 0 0 0 0 0 0 0 0 
_1.ptx 133 : 26112 297344 0 0 0 0 0 0 0 
_1.ptx 1875 : 8585085 103149476 0 0 0 0 0 0 0 
_1.ptx 134 : 26112 88480 0 0 0 0 0 0 0 
_1.ptx 1876 : 8585085 95956170 0 0 0 0 0 0 0 
_1.ptx 135 : 26112 89344 0 0 0 0 0 0 0 
_1.ptx 1877 : 8585085 99113393 0 0 0 0 0 0 0 
_1.ptx 136 : 26112 87552 0 0 0 0 0 0 0 
_1.ptx 1878 : 8585085 75796006 0 0 0 0 0 0 0 
_1.ptx 137 : 26112 195104 0 0 0 0 0 0 0 
_1.ptx 1879 : 8585085 102290686 0 0 0 0 0 0 0 
_1.ptx 1880 : 8585085 101116026 0 0 0 0 0 0 0 
_1.ptx 1881 : 8585085 38495554 0 0 0 0 0 0 0 
_1.ptx 1882 : 8585085 97584829 0 0 0 0 0 0 0 
_1.ptx 141 : 132651 1354486 0 0 0 0 0 0 0 
_1.ptx 1883 : 8585085 102246908 0 0 0 0 0 0 0 
_1.ptx 142 : 132651 1091026 0 0 0 0 0 0 0 
_1.ptx 1884 : 8585085 75605780 0 0 0 0 0 0 0 
_1.ptx 143 : 132651 1364122 0 0 0 0 0 0 0 
_1.ptx 1885 : 8585085 90660487 0 0 0 0 0 0 0 
_1.ptx 1886 : 8585085 102224251 0 0 0 0 0 0 0 
_1.ptx 145 : 132651 20791280 0 0 0 0 0 0 0 
_1.ptx 1887 : 8585085 78287963 0 0 0 0 0 0 0 
_1.ptx 146 : 132651 846947 0 0 0 0 0 0 0 
_1.ptx 147 : 132651 1090634 0 0 0 0 0 0 0 
_1.ptx 148 : 132651 817952 0 0 0 0 0 0 2601 
_1.ptx 1891 : 84212475 818957305 3055232 0 0 5283702 2686017 0 0 
_1.ptx 150 : 2601 26550 0 0 0 0 0 0 0 
_1.ptx 1892 : 84212475 988504287 0 0 0 0 0 0 0 
_1.ptx 1893 : 84212475 948251814 0 0 0 0 0 0 0 
_1.ptx 152 : 2601 26503 0 0 0 0 0 0 0 
_1.ptx 1894 : 84212475 949841571 0 0 0 0 0 0 0 
_1.ptx 1895 : 84212475 770331957 0 0 0 0 0 0 0 
_1.ptx 1896 : 84212475 593407231 0 0 0 0 0 0 369954 
_1.ptx 155 : 132651 925789 0 0 0 4182 4182 0 0 
_1.ptx 156 : 132651 1480635 0 0 0 0 0 0 0 
_1.ptx 1898 : 8585085 96996146 0 0 0 0 0 0 0 
_1.ptx 157 : 132651 1321936 128 0 0 4182 4182 0 0 
_1.ptx 1899 : 8585085 79383418 0 0 0 0 0 0 0 
_1.ptx 158 : 132651 1476859 0 0 0 0 0 0 0 
_1.ptx 1900 : 8585085 60478153 0 0 0 0 0 0 408 
_1.ptx 159 : 132651 1362608 0 0 0 0 0 0 0 
_1.ptx 1901 : 875211 7114169 0 0 0 0 0 0 0 
_1.ptx 160 : 132651 1699020 0 0 0 0 0 0 0 
_1.ptx 161 : 132651 1478899 0 0 0 0 0 0 0 
_1.ptx 162 : 132651 1362970 0 0 0 0 0 0 0 
_1.ptx 163 : 132651 985831 0 0 0 0 0 0 0 
_1.ptx 164 : 132651 1565994 0 0 0 0 0 0 0 
_1.ptx 1906 : 875211 251534378 3396224 0 0 27387 27387 0 0 
_1.ptx 165 : 132651 1476271 0 0 0 0 0 0 0 
_1.ptx 1907 : 875211 10395532 0 0 0 0 0 0 0 
_1.ptx 166 : 132651 40815510 405120 0 0 10569 4182 0 0 
_1.ptx 1908 : 875211 4777432 3502272 0 0 27387 27387 0 0 
_1.ptx 167 : 132651 1663824 0 0 0 0 0 0 0 
_1.ptx 1909 : 875211 9702223 0 0 0 0 0 0 0 
_1.ptx 168 : 132651 1473807 0 0 0 0 0 0 0 
_1.ptx 1910 : 875211 9994491 0 0 0 0 0 0 0 
_1.ptx 169 : 132651 970435 0 0 0 0 0 0 0 
_1.ptx 1911 : 875211 9953934 0 0 0 0 0 0 0 
_1.ptx 170 : 132651 1583059 0 0 0 0 0 0 0 
_1.ptx 1912 : 875211 8221026 0 0 0 0 0 0 0 
_1.ptx 171 : 132651 1473500 0 0 0 0 0 0 0 
_1.ptx 1913 : 875211 6827319 0 0 0 0 0 0 51 
_1.ptx 172 : 132651 897688 632800 0 0 8164 4182 0 0 
_1.ptx 1914 : 26112 193184 0 0 0 0 0 0 0 
_1.ptx 173 : 132651 1344118 0 0 0 0 0 0 0 
_1.ptx 174 : 132651 1085979 0 0 0 0 0 0 0 
_1.ptx 175 : 132651 665988 0 0 0 0 0 0 51 
_1.ptx 1919 : 26112 193280 0 0 0 0 0 0 0 
_1.ptx 178 : 52224 345472 0 0 0 0 0 0 0 
_1.ptx 179 : 52224 348960 0 0 0 0 0 0 0 
_1.ptx 1921 : 26112 214688 0 0 0 0 0 0 0 
_1.ptx 180 : 52224 439808 0 0 0 0 0 0 0 
_1.ptx 1922 : 26112 212800 0 0 0 0 0 0 0 
_1.ptx 181 : 52224 165280 0 0 0 0 0 0 0 
_1.ptx 1923 : 26112 121860 0 0 0 0 0 0 51 
_1.ptx 1924 : 6681 40086 0 0 0 0 0 0 0 
_1.ptx 183 : 26112 186240 0 0 0 0 0 0 0 
_1.ptx 1925 : 6681 40086 0 0 0 0 0 0 0 
_1.ptx 184 : 26112 205632 0 0 0 0 0 0 0 
_1.ptx 1926 : 6681 73491 0 0 0 0 0 0 0 
_1.ptx 185 : 26112 330944 0 0 0 0 0 0 0 
_1.ptx 1927 : 6681 66810 0 0 0 0 0 0 0 
_1.ptx 186 : 26112 298240 0 0 0 0 0 0 0 
_1.ptx 1928 : 6681 46767 0 0 0 0 0 0 0 
_1.ptx 187 : 26112 2068864 4480 0 0 0 0 0 0 
_1.ptx 1929 : 6681 40086 0 0 0 0 0 0 0 
_1.ptx 188 : 26112 2193280 1152 0 0 0 0 0 0 
_1.ptx 1930 : 6681 53448 0 0 0 0 0 0 0 
_1.ptx 189 : 26112 203840 0 0 0 0 0 0 0 
_1.ptx 1931 : 6681 73491 0 0 0 0 0 0 0 
_1.ptx 190 : 26112 302592 0 0 0 0 0 0 0 
_1.ptx 1932 : 6681 46920 0 0 0 0 0 0 0 
_1.ptx 191 : 26112 297344 0 0 0 0 0 0 0 
_1.ptx 1933 : 6681 46767 0 0 0 0 0 0 0 
_1.ptx 192 : 26112 264864 0 0 0 0 0 0 0 
_1.ptx 1934 : 6681 20043 0 0 0 0 0 0 0 
_1.ptx 193 : 26112 2622176 640 0 0 816 816 0 0 
_1.ptx 1935 : 6681 40086 0 0 0 0 0 0 0 
_1.ptx 194 : 26112 301248 0 0 0 0 0 0 0 
_1.ptx 1936 : 6681 53448 0 0 0 0 0 0 0 
_1.ptx 1937 : 6681 76908 0 0 0 0 0 0 0 
_1.ptx 196 : 26112 169024 0 0 0 0 0 0 0 
_1.ptx 1938 : 6681 73491 0 0 0 0 0 0 0 
_1.ptx 197 : 26112 301152 0 0 0 0 0 0 0 
_1.ptx 1939 : 6681 73491 0 0 0 0 0 0 0 
_1.ptx 198 : 26112 2197376 640 0 0 816 816 0 0 
_1.ptx 1940 : 6681 40089 0 0 0 0 0 0 0 
_1.ptx 199 : 26112 306464 0 0 0 0 0 0 0 
_1.ptx 1941 : 6681 40089 0 0 0 0 0 0 0 
_1.ptx 1942 : 6681 46834 0 0 0 0 0 0 0 
_1.ptx 201 : 26112 195776 0 0 0 0 0 0 0 
_1.ptx 202 : 26112 216096 0 0 0 0 0 0 0 
_1.ptx 203 : 26112 86720 0 0 0 0 0 0 0 
_1.ptx 1945 : 6681 0 0 0 0 0 0 0 0 
_1.ptx 204 : 26112 229888 0 0 0 0 0 0 0 
_1.ptx 1946 : 6681 46866 0 0 0 0 0 0 0 
_1.ptx 205 : 26112 0 0 0 0 0 0 0 0 
_1.ptx 1947 : 6681 88207 0 0 0 0 0 0 0 
_1.ptx 206 : 26112 306752 0 0 0 0 0 0 0 
_1.ptx 1948 : 6681 47665 0 0 0 0 0 0 0 
_1.ptx 207 : 26112 292736 0 0 0 0 0 0 0 
_1.ptx 1949 : 6681 74362 0 0 0 0 0 0 0 
_1.ptx 208 : 26112 224576 0 0 0 0 0 0 0 
_1.ptx 1950 : 6681 26724 0 0 0 0 0 0 0 
_1.ptx 209 : 26112 198528 0 0 0 0 0 0 0 
_1.ptx 1951 : 6681 49964 0 0 0 0 0 0 0 
_1.ptx 210 : 26112 234528 0 0 0 0 0 0 0 
_1.ptx 1952 : 6681 69074 0 0 0 0 0 0 0 
_1.ptx 211 : 26112 306912 0 0 0 0 0 0 0 
_1.ptx 1953 : 6681 74097 0 0 0 0 0 0 0 
_1.ptx 212 : 26112 215104 0 0 0 0 0 0 0 
_1.ptx 1954 : 6681 47550 0 0 0 0 0 0 0 
_1.ptx 213 : 26112 214560 0 0 0 0 0 0 0 
_1.ptx 214 : 26112 291872 0 0 0 0 0 0 0 
_1.ptx 215 : 26112 118880 0 0 0 0 0 0 0 
_1.ptx 216 : 26112 302016 0 0 0 0 0 0 0 
_1.ptx 1958 : 875211 470242078 3675904 0 0 875211 33405 0 0 
_1.ptx 217 : 26112 89152 0 0 0 0 0 0 0 
_1.ptx 1959 : 875211 6229821 0 0 0 0 0 0 0 
_1.ptx 218 : 26112 90400 0 0 0 0 0 0 0 
_1.ptx 1960 : 875211 7071069 0 0 0 0 0 0 0 
_1.ptx 219 : 26112 87712 0 0 0 0 0 0 0 
_1.ptx 1961 : 875211 5325772 0 0 0 0 0 0 621 
_1.ptx 220 : 26112 200832 0 0 0 0 0 0 0 
_1.ptx 1963 : 3044 21489 0 0 0 0 0 0 0 
_1.ptx 1965 : 3044 21579 0 0 0 0 0 0 0 
_1.ptx 224 : 334611 3633040 0 0 0 0 0 0 0 
_1.ptx 225 : 334611 2964806 0 0 0 0 0 0 0 
_1.ptx 1967 : 875211 8810868 0 0 0 0 0 0 0 
_1.ptx 226 : 334611 3654250 0 0 0 0 0 0 0 
_1.ptx 1968 : 875211 8829211 0 0 0 0 0 0 0 
_1.ptx 1969 : 875211 7075374 0 0 0 0 0 0 0 
_1.ptx 228 : 334611 51624332 0 0 0 0 0 0 0 
_1.ptx 1970 : 875211 5306208 0 0 0 0 0 0 0 
_1.ptx 229 : 334611 2460027 0 0 0 0 0 0 0 
_1.ptx 230 : 334611 2949536 0 0 0 0 0 0 0 
_1.ptx 231 : 334611 2409691 0 0 0 0 0 0 4080 
_1.ptx 1973 : 6681 103598 0 255 255 0 0 0 0 
_1.ptx 233 : 4131 45656 0 0 0 0 0 0 0 
_1.ptx 1975 : 6681 87328 0 255 255 0 0 0 0 
_1.ptx 1976 : 6681 69821 0 0 0 0 0 0 0 
_1.ptx 235 : 4131 45686 0 0 0 0 0 0 0 
_1.ptx 1977 : 6681 70819 0 0 0 0 0 0 0 
_1.ptx 1978 : 6681 70511 0 0 0 0 0 0 0 
_1.ptx 1979 : 6681 57449 0 0 0 0 0 0 0 
_1.ptx 238 : 334611 3886564 0 0 0 0 0 0 0 
_1.ptx 1980 : 6681 0 0 0 0 0 0 0 0 
_1.ptx 239 : 334611 3912174 0 0 0 0 0 0 0 
_1.ptx 240 : 334611 3649389 0 0 0 0 0 0 0 
_1.ptx 1982 : 26112 165184 0 0 0 0 0 0 0 
_1.ptx 241 : 334611 3968210 0 0 0 0 0 0 0 
_1.ptx 1983 : 26112 164448 0 0 0 0 0 0 0 
_1.ptx 242 : 334611 3895731 0 0 0 0 0 0 0 
_1.ptx 243 : 334611 2746330 0 0 0 0 0 0 0 
_1.ptx 1985 : 26112 172416 0 0 0 0 0 0 0 
_1.ptx 244 : 334611 3660327 0 0 0 0 0 0 0 
_1.ptx 1986 : 26112 199316 0 0 0 0 0 0 51 
_1.ptx 245 : 334611 3879949 0 0 0 0 0 0 0 
_1.ptx 1987 : 51 432 0 0 0 0 0 0 0 
_1.ptx 246 : 334611 75141976 865920 0 0 24502 10506 0 0 
_1.ptx 1988 : 51 414 0 0 0 0 0 0 0 
_1.ptx 247 : 334611 1785577 1339872 0 0 10506 10506 0 0 
_1.ptx 1989 : 51 0 0 0 0 0 0 0 0 
_1.ptx 248 : 334611 3666476 0 0 0 0 0 0 0 
_1.ptx 1990 : 51 357 0 0 0 0 0 0 0 
_1.ptx 249 : 334611 3673268 0 0 0 0 0 0 0 
_1.ptx 1991 : 51 306 0 0 0 0 0 0 0 
_1.ptx 250 : 334611 2960883 0 0 0 0 0 0 0 
_1.ptx 1992 : 51 357 0 0 0 0 0 0 0 
_1.ptx 251 : 334611 2270730 0 0 0 0 0 0 51 
_1.ptx 1993 : 51 306 0 0 0 0 0 0 0 
_1.ptx 1994 : 51 306 0 0 0 0 0 0 0 
_1.ptx 1995 : 51 306 0 0 0 0 0 0 0 
_1.ptx 254 : 26112 196288 0 0 0 0 0 0 0 
_1.ptx 1996 : 51 357 0 0 0 0 0 0 0 
_1.ptx 256 : 26112 113664 0 0 0 0 0 0 0 
_1.ptx 257 : 26112 113856 0 0 0 0 0 0 0 
_1.ptx 1999 : 6681 56095 0 6681 6681 0 0 0 0 
_1.ptx 258 : 26112 213440 0 0 0 0 0 0 0 
_1.ptx 2000 : 6681 58735 0 0 0 0 0 0 0 
_1.ptx 259 : 26112 283872 0 0 0 0 0 0 0 
_1.ptx 2001 : 6681 45115 0 0 0 0 0 0 0 
_1.ptx 260 : 26112 301952 0 0 0 0 0 0 0 
_1.ptx 2002 : 305 2588 0 305 305 0 0 0 0 
_1.ptx 261 : 26112 214240 0 0 0 0 0 0 0 
_1.ptx 2004 : 305 2434 0 0 0 0 0 0 0 
_1.ptx 263 : 26112 216640 0 0 0 0 0 0 0 
_1.ptx 264 : 26112 87808 0 0 0 0 0 0 0 
_1.ptx 2006 : 305 3536 0 0 0 0 0 0 0 
_1.ptx 265 : 26112 235424 0 0 0 0 0 0 0 
_1.ptx 2007 : 305 2597 0 305 305 0 0 0 0 
_1.ptx 266 : 26112 0 0 0 0 0 0 0 0 
_1.ptx 267 : 26112 205504 0 0 0 0 0 0 0 
_1.ptx 2009 : 6681 71174 0 0 0 0 0 0 0 
_1.ptx 268 : 26112 312640 0 0 0 0 0 0 0 
_1.ptx 2010 : 6681 71265 0 0 0 0 0 0 0 
_1.ptx 269 : 26112 302656 0 0 0 0 0 0 0 
_1.ptx 2011 : 6681 72157 0 0 0 0 0 0 0 
_1.ptx 270 : 26112 237312 0 0 0 0 0 0 0 
_1.ptx 2012 : 6681 58802 0 0 0 0 0 0 0 
_1.ptx 271 : 26112 214976 0 0 0 0 0 0 0 
_1.ptx 2013 : 6681 49107 0 0 0 0 0 0 0 
_1.ptx 272 : 26112 241920 0 0 0 0 0 0 0 
_1.ptx 2014 : 51 395 0 0 0 0 0 0 0 
_1.ptx 273 : 26112 311584 0 0 0 0 0 0 0 
_1.ptx 274 : 26112 225408 0 0 0 0 0 0 0 
_1.ptx 275 : 26112 226400 0 0 0 0 0 0 0 
_1.ptx 276 : 26112 285728 0 0 0 0 0 0 0 
_1.ptx 277 : 26112 307168 0 0 0 0 0 0 0 
_1.ptx 2019 : 51 569 0 0 0 0 0 0 0 
_1.ptx 278 : 26112 88640 0 0 0 0 0 0 0 
_1.ptx 2020 : 51 455 0 0 0 0 0 0 0 
_1.ptx 279 : 26112 214720 0 0 0 0 0 0 0 
_1.ptx 2021 : 51 535 0 0 0 0 0 0 0 
_1.ptx 2023 : 51 7765 0 0 0 0 0 0 0 
_1.ptx 2024 : 51 371 0 0 0 0 0 0 0 
_1.ptx 283 : 132651 1466877 0 0 0 0 0 0 0 
_1.ptx 2025 : 51 462 0 0 0 0 0 0 0 
_1.ptx 284 : 132651 1185110 0 0 0 0 0 0 0 
_1.ptx 2026 : 51 377 0 0 0 0 0 0 0 
_1.ptx 285 : 132651 1459085 0 0 0 0 0 0 0 
_1.ptx 287 : 132651 20833981 0 0 0 0 0 0 0 
_1.ptx 288 : 132651 1006544 0 0 0 0 0 0 0 
_1.ptx 289 : 132651 1175542 0 0 0 0 0 0 0 
_1.ptx 290 : 132651 970678 0 0 0 0 0 0 2601 
_1.ptx 2033 : 51 581 0 0 0 0 0 0 0 
_1.ptx 292 : 2601 28918 0 0 0 0 0 0 0 
_1.ptx 2034 : 51 10598 1024 0 0 51 51 0 0 
_1.ptx 2035 : 51 180 0 0 0 0 0 0 0 
_1.ptx 294 : 2601 28868 0 0 0 0 0 0 0 
_1.ptx 2036 : 51 597 0 0 0 0 0 0 0 
_1.ptx 2037 : 51 588 0 0 0 0 0 0 0 
_1.ptx 2038 : 51 592 0 0 0 0 0 0 0 
_1.ptx 297 : 132651 1561151 0 0 0 0 0 0 0 
_1.ptx 2039 : 51 546 0 0 0 0 0 0 0 
_1.ptx 298 : 132651 1469591 0 0 0 0 0 0 0 
_1.ptx 2040 : 51 274 1632 0 0 51 51 0 0 
_1.ptx 299 : 132651 1559110 0 0 0 0 0 0 0 
_1.ptx 300 : 132651 1564493 0 0 0 0 0 0 0 
_1.ptx 2042 : 51 10336 1024 0 0 51 51 0 0 
_1.ptx 301 : 132651 1548933 0 0 0 0 0 0 0 
_1.ptx 2043 : 51 572 0 0 0 0 0 0 0 
_1.ptx 302 : 132651 1099439 0 0 0 0 0 0 0 
_1.ptx 2044 : 51 582 0 0 0 0 0 0 0 
_1.ptx 303 : 132651 1471772 0 0 0 0 0 0 0 
_1.ptx 2045 : 51 577 0 0 0 0 0 0 0 
_1.ptx 304 : 132651 1539435 0 0 0 0 0 0 0 
_1.ptx 2046 : 51 563 0 0 0 0 0 0 0 
_1.ptx 305 : 132651 31942046 526848 0 0 8326 4182 0 0 
_1.ptx 2047 : 51 268 1632 0 0 51 51 0 0 
_1.ptx 306 : 132651 702298 0 4182 4182 0 0 0 0 
_1.ptx 307 : 132651 1459174 0 0 0 0 0 0 0 
_1.ptx 308 : 132651 1473916 0 0 0 0 0 0 0 
_1.ptx 2050 : 26112 176640 0 0 0 0 0 0 0 
_1.ptx 309 : 132651 1193940 0 0 0 0 0 0 0 
_1.ptx 310 : 132651 804316 0 0 0 0 0 0 51 
_1.ptx 2052 : 52224 412480 0 0 0 0 0 0 0 
_1.ptx 2053 : 52224 356160 0 0 0 0 0 0 0 
_1.ptx 312 : 26112 200032 0 0 0 0 0 0 0 
_1.ptx 2054 : 52224 352192 0 0 0 0 0 0 0 
_1.ptx 2055 : 52224 432704 0 0 0 0 0 0 0 
_1.ptx 314 : 26112 200032 0 0 0 0 0 0 0 
_1.ptx 2056 : 52224 407232 0 0 0 0 0 0 0 
_1.ptx 2057 : 52224 710816 0 0 0 0 0 0 0 
_1.ptx 316 : 26112 220832 0 0 0 0 0 0 0 
_1.ptx 2058 : 52224 404256 0 0 0 0 0 0 0 
_1.ptx 317 : 26112 89600 0 0 0 0 0 0 0 
_1.ptx 2059 : 52224 0 0 0 0 0 0 0 0 
_1.ptx 318 : 26112 232992 0 0 0 0 0 0 0 
_1.ptx 2060 : 52224 405824 0 0 0 0 0 0 0 
_1.ptx 319 : 26112 0 0 0 0 0 0 0 0 
_1.ptx 2061 : 52224 577472 0 0 0 0 0 0 0 
_1.ptx 320 : 26112 308928 0 0 0 0 0 0 0 
_1.ptx 2062 : 52224 596832 0 0 0 0 0 0 0 
_1.ptx 321 : 26112 289408 0 0 0 0 0 0 0 
_1.ptx 2063 : 52224 348736 0 0 0 0 0 0 0 
_1.ptx 322 : 26112 225152 0 0 0 0 0 0 0 
_1.ptx 2064 : 52224 441216 0 0 0 0 0 0 0 
_1.ptx 323 : 26112 208256 0 0 0 0 0 0 0 
_1.ptx 2065 : 52224 379744 0 0 0 0 0 0 0 
_1.ptx 324 : 26112 236832 0 0 0 0 0 0 0 
_1.ptx 2066 : 52224 429952 0 0 0 0 0 0 0 
_1.ptx 325 : 26112 307264 0 0 0 0 0 0 0 
_1.ptx 2067 : 52224 332992 0 0 0 0 0 0 0 
_1.ptx 326 : 26112 217600 0 0 0 0 0 0 0 
_1.ptx 2068 : 52224 432416 0 0 0 0 0 0 0 
_1.ptx 327 : 26112 218976 0 0 0 0 0 0 0 
_1.ptx 2069 : 52224 334912 0 0 0 0 0 0 0 
_1.ptx 328 : 26112 283424 0 0 0 0 0 0 0 
_1.ptx 329 : 26112 120352 0 0 0 0 0 0 0 
_1.ptx 330 : 26112 302816 0 0 0 0 0 0 0 
_1.ptx 331 : 26112 1383584 128 0 0 0 0 0 0 
_1.ptx 332 : 26112 96896 0 0 0 0 0 0 0 
_1.ptx 333 : 26112 96352 0 0 0 0 0 0 0 
_1.ptx 334 : 26112 95744 0 0 0 0 0 0 0 
_1.ptx 335 : 26112 208608 0 0 0 0 0 0 0 
_1.ptx 339 : 875211 9651116 0 0 0 0 0 0 0 
_1.ptx 340 : 875211 7897362 0 0 0 0 0 0 0 
_1.ptx 341 : 875211 7334785 0 0 0 0 0 0 0 
_1.ptx 343 : 875211 133574845 0 0 0 0 0 0 0 
_1.ptx 344 : 875211 10017103 0 0 0 0 0 0 0 
_1.ptx 345 : 875211 7047498 0 0 0 0 0 0 0 
_1.ptx 346 : 875211 8053427 0 0 0 0 0 0 0 
_1.ptx 347 : 875211 6828235 0 0 0 0 0 0 6681 
_1.ptx 349 : 6681 57273 0 0 0 0 0 0 0 
_1.ptx 351 : 6681 58642 0 0 0 0 0 0 0 
_1.ptx 354 : 875211 10320609 0 0 0 0 0 0 0 
_1.ptx 355 : 875211 9794894 0 0 0 0 0 0 0 
_1.ptx 356 : 875211 10348041 0 0 0 0 0 0 0 
_1.ptx 357 : 875211 8047189 0 0 0 0 0 0 0 
_1.ptx 358 : 875211 10041839 0 0 0 0 0 0 0 
_1.ptx 359 : 875211 6923782 0 0 0 0 0 0 0 
_1.ptx 360 : 875211 8658393 0 0 0 0 0 0 0 
_1.ptx 361 : 875211 7515265 0 0 0 0 0 0 0 
_1.ptx 362 : 875211 7978357 0 0 0 0 0 0 0 
_1.ptx 363 : 875211 8659682 0 0 0 0 0 0 0 
_1.ptx 364 : 875211 7891690 0 0 0 0 0 0 0 
_1.ptx 365 : 875211 0 0 0 0 0 0 0 0 
_1.ptx 366 : 875211 4481436 0 0 0 0 0 0 0 
_1.ptx 367 : 875211 10322415 0 0 0 0 0 0 0 
_1.ptx 368 : 875211 9651286 0 0 0 0 0 0 0 
_1.ptx 369 : 875211 4488143 0 0 0 0 0 0 0 
_1.ptx 370 : 875211 7952854 0 0 0 0 0 0 0 
_1.ptx 371 : 875211 8635125 0 0 0 0 0 0 0 
_1.ptx 372 : 875211 10324289 0 0 0 0 0 0 0 
_1.ptx 373 : 875211 9743877 0 0 0 0 0 0 0 
_1.ptx 374 : 875211 4413367 0 0 0 0 0 0 0 
_1.ptx 375 : 875211 10355454 0 0 0 0 0 0 0 
_1.ptx 376 : 875211 8072234 0 0 0 0 0 0 0 
_1.ptx 377 : 875211 9965152 0 0 0 0 0 0 0 
_1.ptx 378 : 875211 9976295 0 0 0 0 0 0 0 
_1.ptx 379 : 875211 7051182 0 0 0 0 0 0 0 
_1.ptx 380 : 875211 8710935 0 0 0 0 0 0 0 
_1.ptx 381 : 875211 8017073 0 0 0 0 0 0 0 
_1.ptx 382 : 875211 6789370 0 0 0 0 0 0 0 
_1.ptx 383 : 875211 7507761 0 0 0 0 0 0 0 
_1.ptx 386 : 27599211 0 0 0 0 0 0 0 0 
_1.ptx 387 : 27599211 329829177 0 0 0 0 0 0 0 
_1.ptx 388 : 27599211 306765336 0 0 0 0 0 0 0 
_1.ptx 389 : 27599211 317812122 0 0 0 0 0 0 0 
_1.ptx 390 : 27599211 320982598 0 0 0 0 0 0 0 
_1.ptx 391 : 27599211 363336606 0 0 0 0 0 0 0 
_1.ptx 392 : 27599211 320776861 0 0 0 0 0 0 0 
_1.ptx 393 : 27599211 261572137 0 0 0 0 0 0 0 
_1.ptx 394 : 27599211 328153715 0 0 0 0 0 0 0 
_1.ptx 395 : 27599211 327829101 0 0 0 0 0 0 0 
_1.ptx 396 : 27599211 323323724 0 0 0 0 0 0 0 
_1.ptx 397 : 27599211 170499170 0 0 0 0 0 0 0 
_1.ptx 398 : 27599211 305569583 0 0 0 0 0 0 0 
_1.ptx 399 : 27599211 323526745 0 0 0 0 0 0 0 
_1.ptx 400 : 27599211 327181540 0 0 0 0 0 0 0 
_1.ptx 401 : 27599211 327553846 0 0 0 0 0 0 0 
_1.ptx 402 : 27599211 327023261 0 0 0 0 0 0 0 
_1.ptx 403 : 27599211 330637057 0 0 0 0 0 0 0 
_1.ptx 404 : 27599211 233646104 0 0 0 0 0 0 0 
_1.ptx 405 : 27599211 290276272 0 0 0 0 0 0 0 
_1.ptx 406 : 27599211 329269524 0 0 0 0 0 0 0 
_1.ptx 407 : 27599211 239221786 0 0 0 0 0 0 0 
_1.ptx 408 : 27599211 288846349 0 0 0 0 0 0 0 
_1.ptx 409 : 27599211 328885579 0 0 0 0 0 0 0 
_1.ptx 410 : 27599211 238531980 0 0 0 0 0 0 0 
_1.ptx 414 : 870323211 8556815645 9767808 0 0 54557046 35941740 0 0 
_1.ptx 415 : 870323211 9133958094 0 36316794 35941740 0 0 0 0 
_1.ptx 416 : 870323211 11826538392 0 0 0 0 0 0 0 
_1.ptx 417 : 870323211 9445402370 0 0 0 0 0 0 0 
_1.ptx 418 : 870323211 9719514197 0 0 0 0 0 0 0 
_1.ptx 419 : 870323211 9712215999 0 0 0 0 0 0 0 
_1.ptx 420 : 870323211 7936926673 0 0 0 0 0 0 0 
_1.ptx 421 : 870323211 6548721452 0 0 0 0 0 0 18944970 
_1.ptx 2164 : 52224 336704 0 0 0 0 0 0 0 
_1.ptx 423 : 27599211 307885338 0 0 0 0 0 0 0 
_1.ptx 424 : 27599211 250833916 0 0 0 0 0 0 0 
_1.ptx 425 : 27599211 205452757 0 0 0 0 0 0 4947 
_1.ptx 426 : 875211 6985162 0 0 0 0 0 0 0 
_1.ptx 431 : 875211 5911203 3502272 0 0 27387 27387 0 0 
_1.ptx 432 : 875211 9537476 0 0 0 0 0 0 0 
_1.ptx 433 : 875211 9695714 0 0 0 0 0 0 0 
_1.ptx 434 : 875211 7963688 0 0 0 0 0 0 0 
_1.ptx 435 : 875211 6482297 0 0 0 0 0 0 51 
_1.ptx 436 : 26112 201088 0 0 0 0 0 0 0 
_1.ptx 441 : 26112 194336 0 0 0 0 0 0 0 
_1.ptx 443 : 26112 213664 0 0 0 0 0 0 0 
_1.ptx 444 : 26112 78336 0 0 0 0 0 0 0 
_1.ptx 445 : 26112 214880 0 0 0 0 0 0 0 
_1.ptx 446 : 26112 0 0 0 0 0 0 0 0 
_1.ptx 447 : 26112 295584 0 0 0 0 0 0 0 
_1.ptx 448 : 26112 290176 0 0 0 0 0 0 0 
_1.ptx 449 : 26112 226304 0 0 0 0 0 0 0 
_1.ptx 450 : 26112 207360 0 0 0 0 0 0 0 
_1.ptx 451 : 26112 225984 0 0 0 0 0 0 0 
_1.ptx 452 : 26112 296736 0 0 0 0 0 0 0 
_1.ptx 453 : 26112 203040 0 0 0 0 0 0 0 
_1.ptx 454 : 26112 182848 0 0 0 0 0 0 0 
_1.ptx 455 : 26112 78496 0 0 0 0 0 0 0 
_1.ptx 456 : 26112 261120 0 0 0 0 0 0 0 
_1.ptx 457 : 26112 453536 0 0 0 0 0 0 0 
_1.ptx 458 : 26112 4485888 3328 0 0 0 0 0 0 
_1.ptx 459 : 26112 301888 0 0 0 0 0 0 0 
_1.ptx 460 : 26112 83456 0 0 0 0 0 0 0 
_1.ptx 461 : 26112 210656 0 0 0 0 0 0 0 
_1.ptx 465 : 1707939 17810983 0 0 0 0 0 0 0 
_1.ptx 466 : 1707939 14298440 0 0 0 0 0 0 0 
_1.ptx 467 : 1707939 17822872 0 0 0 0 0 0 0 
_1.ptx 469 : 1707939 266194712 0 0 0 0 0 0 0 
_1.ptx 470 : 1707939 11356788 0 0 0 0 0 0 0 
_1.ptx 471 : 1707939 14259788 0 0 0 0 0 0 0 
_1.ptx 472 : 1707939 11167296 0 0 0 0 0 0 9333 
_1.ptx 474 : 9333 97750 0 0 0 0 0 0 0 
_1.ptx 476 : 9333 97233 0 0 0 0 0 0 0 
_1.ptx 479 : 1707939 14230739 0 0 0 0 0 0 0 
_1.ptx 480 : 1707939 3130441 0 0 0 0 0 0 18105 
_1.ptx 481 : 1231956 5546943 0 0 0 0 0 0 0 
_1.ptx 482 : 1231956 13856225 0 0 0 0 0 0 0 
_1.ptx 483 : 1231956 10280044 0 0 0 0 0 0 0 
_1.ptx 484 : 1231956 3139417 0 0 0 0 0 0 9027 
_1.ptx 485 : 755973 3283906 0 0 0 0 0 0 0 
_1.ptx 486 : 755973 7878583 0 0 0 0 0 0 0 
_1.ptx 487 : 755973 6371170 0 0 0 0 0 0 0 
_1.ptx 488 : 755973 1419972 0 0 0 0 0 0 0 
_1.ptx 489 : 545292 2246428 0 0 0 0 0 0 0 
_1.ptx 490 : 545292 6133331 0 0 0 0 0 0 0 
_1.ptx 491 : 545292 4541931 0 0 0 0 0 0 0 
_1.ptx 492 : 545292 1429234 0 0 0 0 0 0 0 
_1.ptx 494 : 334611 1525921 0 0 0 0 0 0 0 
_1.ptx 495 : 334611 3733666 0 0 0 0 0 0 0 
_1.ptx 496 : 334611 4338657 0 0 0 0 0 0 0 
_1.ptx 497 : 334611 3737342 0 0 0 0 0 0 0 
_1.ptx 498 : 334611 3740118 0 0 0 0 0 0 0 
_1.ptx 499 : 334611 2467468 0 0 0 0 0 0 0 
_1.ptx 500 : 334611 3974910 0 0 0 0 0 0 0 
_1.ptx 501 : 334611 3740680 0 0 0 0 0 0 0 
_1.ptx 502 : 334611 112919112 1127680 0 0 24174 14433 0 0 
_1.ptx 503 : 334611 1901678 889792 0 0 14433 14433 0 0 
_1.ptx 504 : 334611 2117633 0 0 0 0 0 0 0 
_1.ptx 508 : 1373328 8991872 0 0 0 0 0 0 0 
_1.ptx 509 : 1373328 10363379 6315840 0 0 66096 66096 0 0 
_1.ptx 511 : 1707939 17750860 0 0 0 0 0 0 0 
_1.ptx 512 : 1707939 17748654 0 0 0 0 0 0 0 
_1.ptx 513 : 1707939 14288885 0 0 0 0 0 0 0 
_1.ptx 514 : 1707939 11082811 0 0 0 0 0 0 51 
_1.ptx 517 : 26112 172032 0 0 0 0 0 0 0 
_1.ptx 519 : 26112 212320 0 0 0 0 0 0 0 
_1.ptx 520 : 26112 78336 0 0 0 0 0 0 0 
_1.ptx 521 : 26112 212864 0 0 0 0 0 0 0 
_1.ptx 522 : 26112 114815 0 0 0 0 0 0 51 
_1.ptx 523 : 9333 106127 0 0 0 0 0 0 0 
_1.ptx 524 : 9333 96389 0 0 0 0 0 0 0 
_1.ptx 525 : 9333 66643 0 0 0 0 0 0 0 
_1.ptx 526 : 9333 56958 0 0 0 0 0 0 0 
_1.ptx 527 : 9333 74911 0 0 0 0 0 0 0 
_1.ptx 528 : 9333 102828 0 0 0 0 0 0 0 
_1.ptx 529 : 9333 66118 0 0 0 0 0 0 0 
_1.ptx 530 : 9333 27999 0 0 0 0 0 0 0 
_1.ptx 531 : 9333 132537 0 0 0 0 0 0 0 
_1.ptx 532 : 9333 136770 0 0 0 0 0 0 0 
_1.ptx 533 : 9333 66644 0 0 0 0 0 0 0 
_1.ptx 537 : 9333 76708 0 0 0 0 0 0 0 
_1.ptx 538 : 9333 77516 0 0 0 0 0 0 0 
_1.ptx 539 : 9333 111337 0 0 0 0 0 0 0 
_1.ptx 540 : 9333 83836 0 0 0 0 0 0 0 
_1.ptx 541 : 9333 0 0 0 0 0 0 0 0 
_1.ptx 542 : 9333 75253 0 0 0 0 0 0 0 
_1.ptx 543 : 9333 40355 0 0 0 0 0 0 0 
_1.ptx 544 : 9333 70302 0 0 0 0 0 0 0 
_1.ptx 545 : 9333 106165 0 0 0 0 0 0 0 
_1.ptx 546 : 9333 110026 0 0 0 0 0 0 0 
_1.ptx 547 : 9333 69645 0 0 0 0 0 0 0 
_1.ptx 548 : 9333 79377 0 0 0 0 0 0 0 
_1.ptx 552 : 1707939 2018665902 6693120 0 0 1707939 55998 0 0 
_1.ptx 553 : 1707939 18830292 0 0 0 0 0 0 0 
_1.ptx 554 : 1707939 1045405488 17312 0 0 1707939 55998 0 0 
_1.ptx 556 : 1707939 12461180 0 0 0 0 0 0 0 
_1.ptx 557 : 1707939 17479537 0 0 0 0 0 0 0 
_1.ptx 558 : 1707939 17549994 0 0 0 0 0 0 0 
_1.ptx 559 : 1707939 14203707 0 0 0 0 0 0 0 
_1.ptx 560 : 1707939 10390518 0 0 0 0 0 0 0 
_1.ptx 562 : 9333 93816 0 0 0 0 0 0 0 
_1.ptx 563 : 9333 103057 0 0 0 0 0 0 0 
_1.ptx 564 : 9333 75567 0 0 0 0 0 0 0 
_1.ptx 565 : 9333 0 0 0 0 0 0 0 0 
_1.ptx 568 : 26112 164544 0 0 0 0 0 0 0 
_1.ptx 570 : 26112 217216 0 0 0 0 0 0 0 
_1.ptx 571 : 26112 80128 0 0 0 0 0 0 0 
_1.ptx 572 : 26112 220960 0 0 0 0 0 0 0 
_1.ptx 573 : 26112 0 0 0 0 0 0 0 0 
_1.ptx 574 : 26112 304768 0 0 0 0 0 0 0 
_1.ptx 575 : 26112 289152 0 0 0 0 0 0 0 
_1.ptx 576 : 26112 212192 0 0 0 0 0 0 0 
_1.ptx 577 : 26112 160640 0 0 0 0 0 0 0 
_1.ptx 578 : 26112 219264 0 0 0 0 0 0 0 
_1.ptx 579 : 26112 308384 0 0 0 0 0 0 0 
_1.ptx 580 : 26112 209312 0 0 0 0 0 0 0 
_1.ptx 581 : 26112 202464 0 0 0 0 0 0 0 
_1.ptx 582 : 26112 287136 0 0 0 0 0 0 0 
_1.ptx 583 : 26112 111552 0 0 0 0 0 0 0 
_1.ptx 584 : 26112 114016 0 0 0 0 0 0 0 
_1.ptx 585 : 26112 290560 0 0 0 0 0 0 0 
_1.ptx 586 : 26112 90624 0 0 0 0 0 0 0 
_1.ptx 587 : 26112 93376 0 0 0 0 0 0 0 
_1.ptx 588 : 26112 94112 0 0 0 0 0 0 0 
_1.ptx 589 : 26112 92576 0 0 0 0 0 0 0 
_1.ptx 590 : 26112 186560 0 0 0 0 0 0 0 
_1.ptx 594 : 1222623 12408527 0 0 0 0 0 0 0 
_1.ptx 595 : 1222623 9988367 0 0 0 0 0 0 0 
_1.ptx 596 : 1222623 12468503 0 0 0 0 0 0 0 
_1.ptx 598 : 1222623 191052084 0 0 0 0 0 0 0 
_1.ptx 599 : 1222623 7691623 0 0 0 0 0 0 0 
_1.ptx 600 : 1222623 10012768 0 0 0 0 0 0 0 
_1.ptx 601 : 1222623 7544802 0 0 0 0 0 0 9333 
_1.ptx 603 : 9333 95123 0 0 0 0 0 0 0 
_1.ptx 605 : 9333 94230 0 0 0 0 0 0 0 
_1.ptx 608 : 1222623 13564058 0 0 0 0 0 0 0 
_1.ptx 609 : 1222623 13540083 0 0 0 0 0 0 0 
_1.ptx 610 : 1222623 12433576 0 0 0 0 0 0 0 
_1.ptx 611 : 1222623 15308628 0 0 0 0 0 0 0 
_1.ptx 612 : 1222623 13536000 0 0 0 0 0 0 0 
_1.ptx 613 : 1222623 8779265 0 0 0 0 0 0 0 
_1.ptx 614 : 1222623 13882358 0 0 0 0 0 0 0 
_1.ptx 615 : 1222623 13528371 0 0 0 0 0 0 0 
_1.ptx 616 : 1222623 423144307 5621120 0 0 85221 38250 0 0 
_1.ptx 617 : 1222623 6241576 4891104 0 0 38250 38250 0 0 
_1.ptx 618 : 1222623 12391024 0 0 0 0 0 0 0 
_1.ptx 619 : 1222623 12421085 0 0 0 0 0 0 0 
_1.ptx 620 : 1222623 10060440 0 0 0 0 0 0 0 
_1.ptx 621 : 1222623 7493851 0 0 0 0 0 0 51 
_1.ptx 624 : 26112 170656 0 0 0 0 0 0 0 
_1.ptx 626 : 26112 206688 0 0 0 0 0 0 0 
_1.ptx 627 : 26112 1272288 128 0 0 0 0 0 0 
_1.ptx 628 : 26112 225184 0 0 0 0 0 0 0 
_1.ptx 629 : 26112 0 0 0 0 0 0 0 0 
_1.ptx 630 : 26112 312960 0 0 0 0 0 0 0 
_1.ptx 631 : 26112 310592 0 0 0 0 0 0 0 
_1.ptx 632 : 26112 237664 0 0 0 0 0 0 0 
_1.ptx 633 : 26112 208416 0 0 0 0 0 0 0 
_1.ptx 634 : 26112 237024 0 0 0 0 0 0 0 
_1.ptx 635 : 26112 308832 0 0 0 0 0 0 0 
_1.ptx 636 : 26112 199456 0 0 0 0 0 0 0 
_1.ptx 637 : 26112 185824 0 0 0 0 0 0 0 
_1.ptx 638 : 26112 389280 0 0 0 0 0 0 0 
_1.ptx 639 : 26112 112992 0 0 0 0 0 0 0 
_1.ptx 640 : 26112 110048 0 0 0 0 0 0 0 
_1.ptx 641 : 26112 289760 0 0 0 0 0 0 0 
_1.ptx 642 : 26112 92160 0 0 0 0 0 0 0 
_1.ptx 643 : 26112 90656 0 0 0 0 0 0 0 
_1.ptx 644 : 26112 90688 0 0 0 0 0 0 0 
_1.ptx 645 : 26112 89408 0 0 0 0 0 0 0 
_1.ptx 646 : 26112 191744 0 0 0 0 0 0 0 
_1.ptx 650 : 1222623 12452054 0 0 0 0 0 0 0 
_1.ptx 651 : 1222623 10027313 0 0 0 0 0 0 0 
_1.ptx 652 : 1222623 12531427 0 0 0 0 0 0 0 
_1.ptx 654 : 1222623 191176390 0 0 0 0 0 0 0 
_1.ptx 655 : 1222623 7736908 0 0 0 0 0 0 0 
_1.ptx 656 : 1222623 10037706 0 0 0 0 0 0 0 
_1.ptx 657 : 1222623 7598895 0 0 0 0 0 0 9333 
_1.ptx 659 : 9333 95798 0 0 0 0 0 0 0 
_1.ptx 661 : 9333 94505 0 0 0 0 0 0 0 
_1.ptx 664 : 1222623 13586692 0 0 0 0 0 0 0 
_1.ptx 665 : 1222623 13543694 0 0 0 0 0 0 0 
_1.ptx 666 : 1222623 12454474 0 0 0 0 0 0 0 
_1.ptx 667 : 1222623 15398084 0 0 0 0 0 0 0 
_1.ptx 668 : 1222623 13548137 0 0 0 0 0 0 0 
_1.ptx 669 : 1222623 8826854 0 0 0 0 0 0 0 
_1.ptx 670 : 1222623 13852640 0 0 0 0 0 0 0 
_1.ptx 671 : 1222623 13537944 0 0 0 0 0 0 0 
_1.ptx 672 : 1222623 398345229 5600384 0 0 80478 38250 0 0 
_1.ptx 673 : 1222623 6211491 4891104 0 0 38250 38250 0 0 
_1.ptx 674 : 1222623 12636841 0 0 0 0 0 0 0 
_1.ptx 675 : 1222623 12431119 0 0 0 0 0 0 0 
_1.ptx 676 : 1222623 10014372 0 0 0 0 0 0 0 
_1.ptx 677 : 1222623 7516409 0 0 0 0 0 0 51 
_1.ptx 678 : 26112 172000 0 0 0 0 0 0 0 
_1.ptx 683 : 26112 169760 0 0 0 0 0 0 0 
_1.ptx 685 : 26112 232192 0 0 0 0 0 0 0 
_1.ptx 686 : 26112 0 0 0 0 0 0 0 0 
_1.ptx 687 : 26112 323200 0 0 0 0 0 0 0 
_1.ptx 688 : 26112 315104 0 0 0 0 0 0 0 
_1.ptx 689 : 26112 242624 0 0 0 0 0 0 0 
_1.ptx 690 : 26112 211712 0 0 0 0 0 0 0 
_1.ptx 691 : 26112 239424 0 0 0 0 0 0 0 
_1.ptx 692 : 26112 309408 0 0 0 0 0 0 0 
_1.ptx 693 : 26112 212448 0 0 0 0 0 0 0 
_1.ptx 694 : 26112 208384 0 0 0 0 0 0 0 
_1.ptx 695 : 26112 278944 0 0 0 0 0 0 0 
_1.ptx 696 : 26112 106592 0 0 0 0 0 0 0 
_1.ptx 697 : 26112 106784 0 0 0 0 0 0 0 
_1.ptx 698 : 26112 293888 0 0 0 0 0 0 0 
_1.ptx 699 : 26112 295968 0 0 0 0 0 0 0 
_1.ptx 700 : 26112 203168 0 0 0 0 0 0 0 
_1.ptx 704 : 1222623 404341573 4747648 0 0 38250 38250 0 0 
_1.ptx 705 : 1222623 390689420 4317696 0 0 38250 38250 0 0 
_1.ptx 706 : 1222623 13488559 0 0 0 0 0 0 0 
_1.ptx 707 : 1222623 6326226 0 0 0 38250 38250 0 0 
_1.ptx 708 : 1222623 12273329 0 0 0 0 0 0 0 
_1.ptx 709 : 1222623 12274031 0 0 0 0 0 0 0 
_1.ptx 710 : 1222623 12375373 0 0 0 0 0 0 0 
_1.ptx 711 : 1222623 9836394 0 0 0 0 0 0 0 
_1.ptx 712 : 1222623 7246903 0 0 0 0 0 0 51 
_1.ptx 715 : 26112 172736 0 0 0 0 0 0 0 
_1.ptx 717 : 26112 209536 0 0 0 0 0 0 0 
_1.ptx 718 : 26112 224384 0 0 0 0 0 0 0 
_1.ptx 719 : 26112 119995 0 0 0 0 0 0 51 
_1.ptx 720 : 6681 73794 0 0 0 0 0 0 0 
_1.ptx 721 : 6681 66810 0 0 0 0 0 0 0 
_1.ptx 722 : 6681 46863 0 0 0 0 0 0 0 
_1.ptx 723 : 6681 40374 0 0 0 0 0 0 0 
_1.ptx 724 : 6681 53553 0 0 0 0 0 0 0 
_1.ptx 725 : 6681 73555 0 0 0 0 0 0 0 
_1.ptx 726 : 6681 46767 0 0 0 0 0 0 0 
_1.ptx 727 : 6681 46986 0 0 0 0 0 0 0 
_1.ptx 731 : 6681 48537 0 0 0 0 0 0 0 
_1.ptx 732 : 6681 75155 0 0 0 0 0 0 0 
_1.ptx 733 : 6681 53448 0 0 0 0 0 0 0 
_1.ptx 734 : 6681 0 0 0 0 0 0 0 0 
_1.ptx 735 : 6681 47215 0 0 0 0 0 0 0 
_1.ptx 736 : 6681 70486 0 0 0 0 0 0 0 
_1.ptx 737 : 6681 27382 0 0 0 0 0 0 0 
_1.ptx 738 : 6681 53722 0 0 0 0 0 0 0 
_1.ptx 739 : 6681 77714 0 0 0 0 0 0 0 
_1.ptx 740 : 6681 78283 0 0 0 0 0 0 0 
_1.ptx 741 : 6681 48118 0 0 0 0 0 0 0 
_1.ptx 745 : 1222623 346367549 4584320 0 0 83385 46665 0 0 
_1.ptx 746 : 1222623 14171008 0 0 0 0 0 0 0 
_1.ptx 747 : 1222623 7743306 0 0 0 83385 46665 0 0 
_1.ptx 749 : 1222623 10197177 0 0 0 0 0 0 0 
_1.ptx 750 : 1222623 14353227 0 0 0 0 0 0 0 
_1.ptx 751 : 1222623 14402112 0 0 0 0 0 0 0 
_1.ptx 752 : 1222623 10871046 0 0 0 0 0 0 0 
_1.ptx 753 : 1222623 8893627 0 0 0 0 0 0 0 
_1.ptx 755 : 6681 74277 0 0 0 0 0 0 0 
_1.ptx 756 : 6681 60097 0 0 0 0 0 0 0 
_1.ptx 757 : 6681 0 0 0 0 0 0 0 0 
_1.ptx 760 : 26112 179200 0 0 0 0 0 0 0 
_1.ptx 762 : 26112 206880 0 0 0 0 0 0 0 
_1.ptx 763 : 26112 79104 0 0 0 0 0 0 0 
_1.ptx 764 : 26112 221344 0 0 0 0 0 0 0 
_1.ptx 765 : 26112 0 0 0 0 0 0 0 0 
_1.ptx 766 : 26112 313824 0 0 0 0 0 0 0 
_1.ptx 767 : 26112 308320 0 0 0 0 0 0 0 
_1.ptx 768 : 26112 236480 0 0 0 0 0 0 0 
_1.ptx 769 : 26112 207424 0 0 0 0 0 0 0 
_1.ptx 770 : 26112 238432 0 0 0 0 0 0 0 
_1.ptx 771 : 26112 302592 0 0 0 0 0 0 0 
_1.ptx 772 : 26112 204352 0 0 0 0 0 0 0 
_1.ptx 773 : 26112 199648 0 0 0 0 0 0 0 
_1.ptx 774 : 26112 272832 0 0 0 0 0 0 0 
_1.ptx 775 : 26112 3679360 3200 0 0 0 0 0 0 
_1.ptx 776 : 26112 112096 0 0 0 0 0 0 0 
_1.ptx 777 : 26112 291680 0 0 0 0 0 0 0 
_1.ptx 778 : 26112 78336 0 0 0 0 0 0 0 
_1.ptx 779 : 26112 78336 0 0 0 0 0 0 0 
_1.ptx 780 : 26112 78336 0 0 0 0 0 0 0 
_1.ptx 781 : 26112 204064 0 0 0 0 0 0 0 
_1.ptx 785 : 875211 8933777 0 0 0 0 0 0 0 
_1.ptx 786 : 875211 7190295 0 0 0 0 0 0 0 
_1.ptx 787 : 875211 8997946 0 0 0 0 0 0 0 
_1.ptx 789 : 875211 137530411 0 0 0 0 0 0 0 
_1.ptx 790 : 875211 5575877 0 0 0 0 0 0 0 
_1.ptx 791 : 875211 7221079 0 0 0 0 0 0 0 
_1.ptx 792 : 875211 5468123 0 0 0 0 0 0 6681 
_1.ptx 794 : 6681 68571 0 0 0 0 0 0 0 
_1.ptx 796 : 6681 67575 0 0 0 0 0 0 0 
_1.ptx 799 : 875211 9730374 0 0 0 0 0 0 0 
_1.ptx 800 : 875211 9734245 0 0 0 0 0 0 0 
_1.ptx 801 : 875211 8899995 0 0 0 0 0 0 0 
_1.ptx 802 : 875211 11135352 0 0 0 0 0 0 0 
_1.ptx 803 : 875211 9694758 0 0 0 0 0 0 0 
_1.ptx 804 : 875211 6289896 0 0 0 0 0 0 0 
_1.ptx 805 : 875211 10053233 0 0 0 0 0 0 0 
_1.ptx 806 : 875211 9692673 0 0 0 0 0 0 0 
_1.ptx 807 : 875211 276959868 3261824 0 0 54774 27387 0 0 
_1.ptx 808 : 875211 4450344 3502272 0 0 27387 27387 0 0 
_1.ptx 809 : 875211 9031979 0 0 0 0 0 0 0 
_1.ptx 810 : 875211 8969550 0 0 0 0 0 0 0 
_1.ptx 811 : 875211 7238246 0 0 0 0 0 0 0 
_1.ptx 812 : 875211 5375675 0 0 0 0 0 0 51 
_1.ptx 815 : 26112 171968 0 0 0 0 0 0 0 
_1.ptx 817 : 26112 201376 0 0 0 0 0 0 0 
_1.ptx 818 : 26112 1523968 128 0 0 0 0 0 0 
_1.ptx 819 : 26112 210464 0 0 0 0 0 0 0 
_1.ptx 820 : 26112 0 0 0 0 0 0 0 0 
_1.ptx 821 : 26112 296000 0 0 0 0 0 0 0 
_1.ptx 822 : 26112 283392 0 0 0 0 0 0 0 
_1.ptx 823 : 26112 231424 0 0 0 0 0 0 0 
_1.ptx 824 : 26112 199968 0 0 0 0 0 0 0 
_1.ptx 825 : 26112 228352 0 0 0 0 0 0 0 
_1.ptx 826 : 26112 303872 0 0 0 0 0 0 0 
_1.ptx 827 : 26112 203584 0 0 0 0 0 0 0 
_1.ptx 828 : 26112 200032 0 0 0 0 0 0 0 
_1.ptx 829 : 26112 274016 0 0 0 0 0 0 0 
_1.ptx 830 : 26112 113952 0 0 0 0 0 0 0 
_1.ptx 831 : 26112 115104 0 0 0 0 0 0 0 
_1.ptx 832 : 26112 290208 0 0 0 0 0 0 0 
_1.ptx 833 : 26112 93312 0 0 0 0 0 0 0 
_1.ptx 834 : 26112 94432 0 0 0 0 0 0 0 
_1.ptx 835 : 26112 95520 0 0 0 0 0 0 0 
_1.ptx 836 : 26112 209376 0 0 0 0 0 0 0 
_1.ptx 840 : 875211 8921860 0 0 0 0 0 0 0 
_1.ptx 841 : 875211 7168713 0 0 0 0 0 0 0 
_1.ptx 842 : 875211 8963624 0 0 0 0 0 0 0 
_1.ptx 844 : 875211 136172722 0 0 0 0 0 0 0 
_1.ptx 845 : 875211 5523548 0 0 0 0 0 0 0 
_1.ptx 846 : 875211 7155543 0 0 0 0 0 0 0 
_1.ptx 847 : 875211 5424012 0 0 0 0 0 0 6681 
_1.ptx 849 : 6681 67997 0 0 0 0 0 0 0 
_1.ptx 851 : 6681 67534 0 0 0 0 0 0 0 
_1.ptx 854 : 875211 9711476 0 0 0 0 0 0 0 
_1.ptx 855 : 875211 9693396 0 0 0 0 0 0 0 
_1.ptx 856 : 875211 8904233 0 0 0 0 0 0 0 
_1.ptx 857 : 875211 10768128 0 0 0 0 0 0 0 
_1.ptx 858 : 875211 9687320 0 0 0 0 0 0 0 
_1.ptx 859 : 875211 6272857 0 0 0 0 0 0 0 
_1.ptx 860 : 875211 9855967 0 0 0 0 0 0 0 
_1.ptx 861 : 875211 9684043 0 0 0 0 0 0 0 
_1.ptx 862 : 875211 277295743 3354112 0 0 27387 27387 0 0 
_1.ptx 863 : 875211 4428844 3502272 0 0 27387 27387 0 0 
_1.ptx 864 : 875211 8869524 0 0 0 0 0 0 0 
_1.ptx 865 : 875211 8872645 0 0 0 0 0 0 0 
_1.ptx 866 : 875211 7145913 0 0 0 0 0 0 0 
_1.ptx 867 : 875211 5313253 0 0 0 0 0 0 51 
_1.ptx 870 : 26112 174400 0 0 0 0 0 0 0 
_1.ptx 872 : 26112 237472 0 0 0 0 0 0 0 
_1.ptx 873 : 26112 0 0 0 0 0 0 0 0 
_1.ptx 874 : 26112 325184 0 0 0 0 0 0 0 
_1.ptx 875 : 26112 312896 0 0 0 0 0 0 0 
_1.ptx 876 : 26112 235840 0 0 0 0 0 0 0 
_1.ptx 877 : 26112 207168 0 0 0 0 0 0 0 
_1.ptx 878 : 26112 230848 0 0 0 0 0 0 0 
_1.ptx 879 : 26112 295392 0 0 0 0 0 0 0 
_1.ptx 880 : 26112 200736 0 0 0 0 0 0 0 
_1.ptx 881 : 26112 196032 0 0 0 0 0 0 0 
_1.ptx 882 : 26112 312320 0 0 0 0 0 0 0 
_1.ptx 883 : 26112 116864 0 0 0 0 0 0 0 
_1.ptx 884 : 26112 114400 0 0 0 0 0 0 0 
_1.ptx 885 : 26112 292000 0 0 0 0 0 0 0 
_1.ptx 886 : 26112 292608 0 0 0 0 0 0 0 
_1.ptx 887 : 26112 195680 0 0 0 0 0 0 0 
_1.ptx 891 : 875211 326642975 3390464 0 0 27387 27387 0 0 
_1.ptx 892 : 875211 307475150 2765568 0 0 27387 27387 0 0 
_1.ptx 893 : 875211 9658918 0 0 0 0 0 0 0 
_1.ptx 894 : 875211 4733092 0 0 0 27387 27387 0 0 
_1.ptx 895 : 875211 8789727 0 0 0 0 0 0 0 
_1.ptx 896 : 875211 8800962 0 0 0 0 0 0 0 
_1.ptx 897 : 875211 8868541 0 0 0 0 0 0 0 
_1.ptx 898 : 875211 7047368 0 0 0 0 0 0 0 
_1.ptx 899 : 875211 5140424 0 0 0 0 0 0 51 
_1.ptx 902 : 26112 172160 0 0 0 0 0 0 0 
_1.ptx 904 : 26112 209952 0 0 0 0 0 0 0 
_1.ptx 905 : 26112 81376 0 0 0 0 0 0 0 
_1.ptx 906 : 26112 226368 0 0 0 0 0 0 0 
_1.ptx 907 : 26112 0 0 0 0 0 0 0 0 
_1.ptx 908 : 26112 310944 0 0 0 0 0 0 0 
_1.ptx 909 : 26112 309216 0 0 0 0 0 0 0 
_1.ptx 910 : 26112 236704 0 0 0 0 0 0 0 
_1.ptx 911 : 26112 207488 0 0 0 0 0 0 0 
_1.ptx 912 : 26112 237248 0 0 0 0 0 0 0 
_1.ptx 913 : 26112 309856 0 0 0 0 0 0 0 
_1.ptx 914 : 26112 212544 0 0 0 0 0 0 0 
_1.ptx 915 : 26112 210240 0 0 0 0 0 0 0 
_1.ptx 916 : 26112 273952 0 0 0 0 0 0 0 
_1.ptx 917 : 26112 109568 0 0 0 0 0 0 0 
_1.ptx 918 : 26112 123936 0 0 0 0 0 0 0 
_1.ptx 919 : 26112 292640 0 0 0 0 0 0 0 
_1.ptx 920 : 26112 308256 0 0 0 0 0 0 0 
_1.ptx 921 : 26112 219360 0 0 0 0 0 0 0 
_1.ptx 925 : 334611 144100613 1344768 0 0 10506 10506 0 0 
_1.ptx 927 : 334611 3728589 0 0 0 0 0 0 0 
_1.ptx 928 : 334611 1818106 1339872 0 0 10506 10506 0 0 
_1.ptx 929 : 334611 3366899 0 0 0 0 0 0 0 
_1.ptx 930 : 334611 3367151 0 0 0 0 0 0 0 
_1.ptx 931 : 334611 3399633 0 0 0 0 0 0 0 
_1.ptx 932 : 334611 2703181 0 0 0 0 0 0 0 
_1.ptx 933 : 334611 1875900 0 0 0 0 0 0 51 
_1.ptx 936 : 26112 169536 0 0 0 0 0 0 0 
_1.ptx 938 : 26112 228832 0 0 0 0 0 0 0 
_1.ptx 939 : 26112 0 0 0 0 0 0 0 0 
_1.ptx 940 : 26112 310208 0 0 0 0 0 0 0 
_1.ptx 941 : 26112 272000 0 0 0 0 0 0 0 
_1.ptx 942 : 26112 219872 0 0 0 0 0 0 0 
_1.ptx 943 : 26112 202912 0 0 0 0 0 0 0 
_1.ptx 944 : 26112 231488 0 0 0 0 0 0 0 
_1.ptx 945 : 26112 307424 0 0 0 0 0 0 0 
_1.ptx 946 : 26112 213824 0 0 0 0 0 0 0 
_1.ptx 947 : 26112 209664 0 0 0 0 0 0 0 
_1.ptx 948 : 26112 81504 0 0 0 0 0 0 0 
_1.ptx 949 : 26112 277472 0 0 0 0 0 0 0 
_1.ptx 950 : 26112 281312 0 0 0 0 0 0 0 
_1.ptx 951 : 26112 117184 0 0 0 0 0 0 0 
_1.ptx 952 : 26112 298240 0 0 0 0 0 0 0 
_1.ptx 953 : 26112 80960 0 0 0 0 0 0 0 
_1.ptx 954 : 26112 210400 0 0 0 0 0 0 0 
_1.ptx 958 : 1707939 17798010 0 0 0 0 0 0 0 
_1.ptx 959 : 1707939 14265130 0 0 0 0 0 0 0 
_1.ptx 960 : 1707939 17776244 0 0 0 0 0 0 0 
_1.ptx 962 : 1707939 265830782 0 0 0 0 0 0 0 
_1.ptx 963 : 1707939 11330328 0 0 0 0 0 0 0 
_1.ptx 964 : 1707939 14248900 0 0 0 0 0 0 0 
_1.ptx 965 : 1707939 11129883 0 0 0 0 0 0 9333 
_1.ptx 967 : 9333 97891 0 0 0 0 0 0 0 
_1.ptx 969 : 9333 97116 0 0 0 0 0 0 0 
_1.ptx 972 : 1707939 14218611 0 0 0 0 0 0 0 
_1.ptx 973 : 1707939 3134307 0 0 0 0 0 0 18105 
_1.ptx 974 : 1231956 6918730 0 0 0 0 0 0 0 
_1.ptx 975 : 1231956 13860004 0 0 0 0 0 0 0 
_1.ptx 976 : 1231956 10293577 0 0 0 0 0 0 0 
_1.ptx 977 : 1231956 3136326 0 0 0 0 0 0 9027 
_1.ptx 978 : 755973 3909493 0 0 0 0 0 0 0 
_1.ptx 979 : 755973 7872678 0 0 0 0 0 0 0 
_1.ptx 980 : 755973 6373100 0 0 0 0 0 0 0 
_1.ptx 981 : 755973 1432468 0 0 0 0 0 0 0 
_1.ptx 982 : 545292 2389101 0 0 0 0 0 0 0 
_1.ptx 983 : 545292 6136304 0 0 0 0 0 0 0 
_1.ptx 984 : 545292 4545412 0 0 0 0 0 0 0 
_1.ptx 985 : 545292 1437310 0 0 0 0 0 0 0 
_1.ptx 987 : 334611 1610529 0 0 0 0 0 0 0 
_1.ptx 988 : 334611 3734595 0 0 0 0 0 0 0 
_1.ptx 989 : 334611 4385418 0 0 0 0 0 0 0 
_1.ptx 990 : 334611 3735157 0 0 0 0 0 0 0 
_1.ptx 991 : 334611 3742069 0 0 0 0 0 0 0 
_1.ptx 992 : 334611 2472245 0 0 0 0 0 0 0 
_1.ptx 993 : 334611 3999786 0 0 0 0 0 0 0 
_1.ptx 994 : 334611 3736611 0 0 0 0 0 0 0 
_1.ptx 995 : 334611 110597552 988800 0 0 24174 14433 0 0 
_1.ptx 996 : 334611 1996566 904096 0 0 14433 14433 0 0 
_1.ptx 997 : 334611 2115530 0 0 0 0 0 0 0 
_1.ptx 1001 : 1373328 8996195 0 0 0 0 0 0 0 
_1.ptx 1002 : 1373328 12711074 6336704 0 0 66096 66096 0 0 
_1.ptx 1004 : 1707939 17743602 0 0 0 0 0 0 0 
_1.ptx 1005 : 1707939 17730268 0 0 0 0 0 0 0 
_1.ptx 1006 : 1707939 14303067 0 0 0 0 0 0 0 
_1.ptx 1007 : 1707939 11105944 0 0 0 0 0 0 51 
_1.ptx 1010 : 26112 174400 0 0 0 0 0 0 0 
_1.ptx 1012 : 26112 228512 0 0 0 0 0 0 0 
_1.ptx 1013 : 26112 129727 0 0 0 0 0 0 51 
_1.ptx 1014 : 9333 110417 0 0 0 0 0 0 0 
_1.ptx 1015 : 9333 102071 0 0 0 0 0 0 0 
_1.ptx 1016 : 9333 65798 0 0 0 0 0 0 0 
_1.ptx 1017 : 9333 56497 0 0 0 0 0 0 0 
_1.ptx 1018 : 9333 74815 0 0 0 0 0 0 0 
_1.ptx 1019 : 9333 102759 0 0 0 0 0 0 0 
_1.ptx 1020 : 9333 65587 0 0 0 0 0 0 0 
_1.ptx 1021 : 9333 31699 0 0 0 0 0 0 0 
_1.ptx 1022 : 9333 135277 0 0 0 0 0 0 0 
_1.ptx 1023 : 9333 154415 0 0 0 0 0 0 0 
_1.ptx 1024 : 9333 72822 0 0 0 0 0 0 0 
_1.ptx 1028 : 9333 78762 0 0 0 0 0 0 0 
_1.ptx 1029 : 9333 77596 0 0 0 0 0 0 0 
_1.ptx 1030 : 9333 110757 0 0 0 0 0 0 0 
_1.ptx 1031 : 9333 84481 0 0 0 0 0 0 0 
_1.ptx 1032 : 9333 0 0 0 0 0 0 0 0 
_1.ptx 1033 : 9333 78307 0 0 0 0 0 0 0 
_1.ptx 1034 : 9333 145156 0 0 0 0 0 0 0 
_1.ptx 1035 : 9333 74160 0 0 0 0 0 0 0 
_1.ptx 1036 : 9333 102328 0 0 0 0 0 0 0 
_1.ptx 1037 : 9333 109634 0 0 0 0 0 0 0 
_1.ptx 1038 : 9333 68476 0 0 0 0 0 0 0 
_1.ptx 1039 : 9333 77798 0 0 0 0 0 0 0 
_1.ptx 1043 : 1707939 2018435305 6646656 0 0 1707939 55998 0 0 
_1.ptx 1044 : 1707939 18831057 0 0 0 0 0 0 0 
_1.ptx 1045 : 1707939 1029587526 8512 0 0 1707939 55998 0 0 
_1.ptx 1047 : 1707939 12435081 0 0 0 0 0 0 0 
_1.ptx 1048 : 1707939 17457424 0 0 0 0 0 0 0 
_1.ptx 1049 : 1707939 17503287 0 0 0 0 0 0 0 
_1.ptx 1050 : 1707939 14190591 0 0 0 0 0 0 0 
_1.ptx 1051 : 1707939 10381898 0 0 0 0 0 0 0 
_1.ptx 1053 : 9333 94076 0 0 0 0 0 0 0 
_1.ptx 1054 : 9333 103569 0 0 0 0 0 0 0 
_1.ptx 1055 : 9333 75430 0 0 0 0 0 0 0 
_1.ptx 1056 : 9333 0 0 0 0 0 0 0 0 
_1.ptx 1059 : 26112 162880 0 0 0 0 0 0 0 
_1.ptx 1061 : 26112 234912 0 0 0 0 0 0 0 
_1.ptx 1062 : 26112 0 0 0 0 0 0 0 0 
_1.ptx 1063 : 26112 315648 0 0 0 0 0 0 0 
_1.ptx 1064 : 26112 272640 0 0 0 0 0 0 0 
_1.ptx 1065 : 26112 218976 0 0 0 0 0 0 0 
_1.ptx 1066 : 26112 204416 0 0 0 0 0 0 0 
_1.ptx 1067 : 26112 226784 0 0 0 0 0 0 0 
_1.ptx 1068 : 26112 302592 0 0 0 0 0 0 0 
_1.ptx 1069 : 26112 203584 0 0 0 0 0 0 0 
_1.ptx 1070 : 26112 199328 0 0 0 0 0 0 0 
_1.ptx 1071 : 26112 281728 0 0 0 0 0 0 0 
_1.ptx 1072 : 26112 117696 0 0 0 0 0 0 0 
_1.ptx 1073 : 26112 118080 0 0 0 0 0 0 0 
_1.ptx 1074 : 26112 289408 0 0 0 0 0 0 0 
_1.ptx 1075 : 26112 93088 0 0 0 0 0 0 0 
_1.ptx 1076 : 26112 95168 0 0 0 0 0 0 0 
_1.ptx 1077 : 26112 95552 0 0 0 0 0 0 0 
_1.ptx 1078 : 26112 95328 0 0 0 0 0 0 0 
_1.ptx 1079 : 26112 185184 0 0 0 0 0 0 0 
_1.ptx 1083 : 1222623 12416732 0 0 0 0 0 0 0 
_1.ptx 1084 : 1222623 9985984 0 0 0 0 0 0 0 
_1.ptx 1085 : 1222623 12466896 0 0 0 0 0 0 0 
_1.ptx 1087 : 1222623 190792712 0 0 0 0 0 0 0 
_1.ptx 1088 : 1222623 7686484 0 0 0 0 0 0 0 
_1.ptx 1089 : 1222623 10008426 0 0 0 0 0 0 0 
_1.ptx 1090 : 1222623 7538941 0 0 0 0 0 0 9333 
_1.ptx 1092 : 9333 94979 0 0 0 0 0 0 0 
_1.ptx 1094 : 9333 94223 0 0 0 0 0 0 0 
_1.ptx 1097 : 1222623 13556100 0 0 0 0 0 0 0 
_1.ptx 1098 : 1222623 13562242 0 0 0 0 0 0 0 
_1.ptx 1099 : 1222623 12436153 0 0 0 0 0 0 0 
_1.ptx 1100 : 1222623 15292786 0 0 0 0 0 0 0 
_1.ptx 1101 : 1222623 13533353 0 0 0 0 0 0 0 
_1.ptx 1102 : 1222623 8754308 0 0 0 0 0 0 0 
_1.ptx 1103 : 1222623 13919876 0 0 0 0 0 0 0 
_1.ptx 1104 : 1222623 13524078 0 0 0 0 0 0 0 
_1.ptx 1105 : 1222623 432946883 5498752 0 0 85221 38250 0 0 
_1.ptx 1106 : 1222623 6278376 4891104 0 0 38250 38250 0 0 
_1.ptx 1107 : 1222623 12407314 0 0 0 0 0 0 0 
_1.ptx 1108 : 1222623 12402303 0 0 0 0 0 0 0 
_1.ptx 1109 : 1222623 10062471 0 0 0 0 0 0 0 
_1.ptx 1110 : 1222623 7464591 0 0 0 0 0 0 51 
_1.ptx 1113 : 26112 169920 0 0 0 0 0 0 0 
_1.ptx 1115 : 26112 236096 0 0 0 0 0 0 0 
_1.ptx 1116 : 26112 0 0 0 0 0 0 0 0 
_1.ptx 1117 : 26112 324832 0 0 0 0 0 0 0 
_1.ptx 1118 : 26112 316320 0 0 0 0 0 0 0 
_1.ptx 1119 : 26112 236352 0 0 0 0 0 0 0 
_1.ptx 1120 : 26112 205952 0 0 0 0 0 0 0 
_1.ptx 1121 : 26112 230496 0 0 0 0 0 0 0 
_1.ptx 1122 : 26112 293376 0 0 0 0 0 0 0 
_1.ptx 1123 : 26112 193536 0 0 0 0 0 0 0 
_1.ptx 1124 : 26112 194400 0 0 0 0 0 0 0 
_1.ptx 1125 : 26112 413248 0 0 0 0 0 0 0 
_1.ptx 1126 : 26112 114880 0 0 0 0 0 0 0 
_1.ptx 1127 : 26112 117632 0 0 0 0 0 0 0 
_1.ptx 1128 : 26112 289760 0 0 0 0 0 0 0 
_1.ptx 1129 : 26112 87648 0 0 0 0 0 0 0 
_1.ptx 1130 : 26112 87648 0 0 0 0 0 0 0 
_1.ptx 1131 : 26112 89184 0 0 0 0 0 0 0 
_1.ptx 1132 : 26112 188832 0 0 0 0 0 0 0 
_1.ptx 1136 : 1222623 12436313 0 0 0 0 0 0 0 
_1.ptx 1137 : 1222623 9998713 0 0 0 0 0 0 0 
_1.ptx 1138 : 1222623 12483580 0 0 0 0 0 0 0 
_1.ptx 1140 : 1222623 190875467 0 0 0 0 0 0 0 
_1.ptx 1141 : 1222623 7702730 0 0 0 0 0 0 0 
_1.ptx 1142 : 1222623 10008808 0 0 0 0 0 0 0 
_1.ptx 1143 : 1222623 7561380 0 0 0 0 0 0 9333 
_1.ptx 1145 : 9333 95362 0 0 0 0 0 0 0 
_1.ptx 1147 : 9333 94424 0 0 0 0 0 0 0 
_1.ptx 1150 : 1222623 13572731 0 0 0 0 0 0 0 
_1.ptx 1151 : 1222623 13539241 0 0 0 0 0 0 0 
_1.ptx 1152 : 1222623 12436867 0 0 0 0 0 0 0 
_1.ptx 1153 : 1222623 15240307 0 0 0 0 0 0 0 
_1.ptx 1154 : 1222623 13540831 0 0 0 0 0 0 0 
_1.ptx 1155 : 1222623 8794869 0 0 0 0 0 0 0 
_1.ptx 1156 : 1222623 13912927 0 0 0 0 0 0 0 
_1.ptx 1157 : 1222623 13535153 0 0 0 0 0 0 0 
_1.ptx 1158 : 1222623 413854742 5406464 0 0 80478 38250 0 0 
_1.ptx 1159 : 1222623 6236303 4891104 0 0 38250 38250 0 0 
_1.ptx 1160 : 1222623 12397384 0 0 0 0 0 0 0 
_1.ptx 1161 : 1222623 12415118 0 0 0 0 0 0 0 
_1.ptx 1162 : 1222623 10010010 0 0 0 0 0 0 0 
_1.ptx 1163 : 1222623 7478895 0 0 0 0 0 0 51 
_1.ptx 1166 : 26112 171392 0 0 0 0 0 0 0 
_1.ptx 1168 : 26112 238624 0 0 0 0 0 0 0 
_1.ptx 1169 : 26112 0 0 0 0 0 0 0 0 
_1.ptx 1170 : 26112 327648 0 0 0 0 0 0 0 
_1.ptx 1171 : 26112 320320 0 0 0 0 0 0 0 
_1.ptx 1172 : 26112 240096 0 0 0 0 0 0 0 
_1.ptx 1173 : 26112 210560 0 0 0 0 0 0 0 
_1.ptx 1174 : 26112 235360 0 0 0 0 0 0 0 
_1.ptx 1175 : 26112 305056 0 0 0 0 0 0 0 
_1.ptx 1176 : 26112 202688 0 0 0 0 0 0 0 
_1.ptx 1177 : 26112 198496 0 0 0 0 0 0 0 
_1.ptx 1178 : 26112 276736 0 0 0 0 0 0 0 
_1.ptx 1179 : 26112 114496 0 0 0 0 0 0 0 
_1.ptx 1180 : 26112 116032 0 0 0 0 0 0 0 
_1.ptx 1181 : 26112 307328 0 0 0 0 0 0 0 
_1.ptx 1182 : 26112 315232 0 0 0 0 0 0 0 
_1.ptx 1183 : 26112 229088 0 0 0 0 0 0 0 
_1.ptx 1187 : 1222623 420471400 4660992 0 0 38250 38250 0 0 
_1.ptx 1188 : 1222623 407605943 4252800 0 0 38250 38250 0 0 
_1.ptx 1189 : 1222623 13485198 0 0 0 0 0 0 0 
_1.ptx 1190 : 1222623 6489849 0 0 0 38250 38250 0 0 
_1.ptx 1191 : 1222623 12272710 0 0 0 0 0 0 0 
_1.ptx 1192 : 1222623 12264427 0 0 0 0 0 0 0 
_1.ptx 1193 : 1222623 12366850 0 0 0 0 0 0 0 
_1.ptx 1194 : 1222623 9831108 0 0 0 0 0 0 0 
_1.ptx 1195 : 1222623 7241870 0 0 0 0 0 0 51 
_1.ptx 1198 : 26112 191936 0 0 0 0 0 0 0 
_1.ptx 1199 : 26112 124854 0 0 0 0 0 0 51 
_1.ptx 1200 : 6681 74918 0 0 0 0 0 0 0 
_1.ptx 1201 : 6681 68635 0 0 0 0 0 0 0 
_1.ptx 1202 : 6681 48653 0 0 0 0 0 0 0 
_1.ptx 1203 : 6681 42627 0 0 0 0 0 0 0 
_1.ptx 1204 : 6681 55361 0 0 0 0 0 0 0 
_1.ptx 1205 : 6681 74231 0 0 0 0 0 0 0 
_1.ptx 1206 : 6681 49268 0 0 0 0 0 0 0 
_1.ptx 1207 : 6681 49626 0 0 0 0 0 0 0 
_1.ptx 1211 : 6681 49463 0 0 0 0 0 0 0 
_1.ptx 1212 : 6681 74798 0 0 0 0 0 0 0 
_1.ptx 1213 : 6681 55096 0 0 0 0 0 0 0 
_1.ptx 1214 : 6681 0 0 0 0 0 0 0 0 
_1.ptx 1215 : 6681 50167 0 0 0 0 0 0 0 
_1.ptx 1216 : 6681 69576 0 0 0 0 0 0 0 
_1.ptx 1217 : 6681 32732 0 0 0 0 0 0 0 
_1.ptx 1218 : 6681 48875 0 0 0 0 0 0 0 
_1.ptx 1219 : 6681 71502 0 0 0 0 0 0 0 
_1.ptx 1220 : 6681 75231 0 0 0 0 0 0 0 
_1.ptx 1221 : 6681 43040 0 0 0 0 0 0 0 
_1.ptx 1225 : 1222623 371172906 4505728 0 0 83385 46665 0 0 
_1.ptx 1226 : 1222623 14184975 0 0 0 0 0 0 0 
_1.ptx 1227 : 1222623 7773059 0 0 0 83385 46665 0 0 
_1.ptx 1229 : 1222623 10336368 0 0 0 0 0 0 0 
_1.ptx 1230 : 1222623 14355230 0 0 0 0 0 0 0 
_1.ptx 1231 : 1222623 14362345 0 0 0 0 0 0 0 
_1.ptx 1232 : 1222623 10853360 0 0 0 0 0 0 0 
_1.ptx 1233 : 1222623 8879443 0 0 0 0 0 0 0 
_1.ptx 1235 : 6681 74122 0 0 0 0 0 0 0 
_1.ptx 1236 : 6681 59821 0 0 0 0 0 0 0 
_1.ptx 1237 : 6681 0 0 0 0 0 0 0 0 
_1.ptx 1240 : 26112 177088 0 0 0 0 0 0 0 
_1.ptx 1242 : 26112 231072 0 0 0 0 0 0 0 
_1.ptx 1243 : 26112 0 0 0 0 0 0 0 0 
_1.ptx 1244 : 26112 318208 0 0 0 0 0 0 0 
_1.ptx 1245 : 26112 280960 0 0 0 0 0 0 0 
_1.ptx 1246 : 26112 209280 0 0 0 0 0 0 0 
_1.ptx 1247 : 26112 190880 0 0 0 0 0 0 0 
_1.ptx 1248 : 26112 229664 0 0 0 0 0 0 0 
_1.ptx 1249 : 26112 298464 0 0 0 0 0 0 0 
_1.ptx 1250 : 26112 197728 0 0 0 0 0 0 0 
_1.ptx 1251 : 26112 198688 0 0 0 0 0 0 0 
_1.ptx 1252 : 26112 284800 0 0 0 0 0 0 0 
_1.ptx 1253 : 26112 109824 0 0 0 0 0 0 0 
_1.ptx 1254 : 26112 115104 0 0 0 0 0 0 0 
_1.ptx 1255 : 26112 291200 0 0 0 0 0 0 0 
_1.ptx 1256 : 26112 88576 0 0 0 0 0 0 0 
_1.ptx 1257 : 26112 89312 0 0 0 0 0 0 0 
_1.ptx 1258 : 26112 90176 0 0 0 0 0 0 0 
_1.ptx 1259 : 26112 190816 0 0 0 0 0 0 0 
_1.ptx 1263 : 875211 8920918 0 0 0 0 0 0 0 
_1.ptx 1264 : 875211 7170971 0 0 0 0 0 0 0 
_1.ptx 1265 : 875211 8981996 0 0 0 0 0 0 0 
_1.ptx 1267 : 875211 137490502 0 0 0 0 0 0 0 
_1.ptx 1268 : 875211 5556974 0 0 0 0 0 0 0 
_1.ptx 1269 : 875211 7187643 0 0 0 0 0 0 0 
_1.ptx 1270 : 875211 5445174 0 0 0 0 0 0 6681 
_1.ptx 1272 : 6681 68480 0 0 0 0 0 0 0 
_1.ptx 1274 : 6681 67519 0 0 0 0 0 0 0 
_1.ptx 1277 : 875211 9721144 0 0 0 0 0 0 0 
_1.ptx 1278 : 875211 9738790 0 0 0 0 0 0 0 
_1.ptx 1279 : 875211 8914098 0 0 0 0 0 0 0 
_1.ptx 1280 : 875211 11090745 0 0 0 0 0 0 0 
_1.ptx 1281 : 875211 9693588 0 0 0 0 0 0 0 
_1.ptx 1282 : 875211 6282046 0 0 0 0 0 0 0 
_1.ptx 1283 : 875211 9935006 0 0 0 0 0 0 0 
_1.ptx 1284 : 875211 9689570 0 0 0 0 0 0 0 
_1.ptx 1285 : 875211 274674000 3138688 0 0 54774 27387 0 0 
_1.ptx 1286 : 875211 4452996 3502272 0 0 27387 27387 0 0 
_1.ptx 1287 : 875211 8991816 0 0 0 0 0 0 0 
_1.ptx 1288 : 875211 8944200 0 0 0 0 0 0 0 
_1.ptx 1289 : 875211 7228831 0 0 0 0 0 0 0 
_1.ptx 1290 : 875211 5348681 0 0 0 0 0 0 51 
_1.ptx 1293 : 26112 174496 0 0 0 0 0 0 0 
_1.ptx 1295 : 26112 240544 0 0 0 0 0 0 0 
_1.ptx 1296 : 26112 0 0 0 0 0 0 0 0 
_1.ptx 1297 : 26112 324192 0 0 0 0 0 0 0 
_1.ptx 1298 : 26112 315328 0 0 0 0 0 0 0 
_1.ptx 1299 : 26112 242816 0 0 0 0 0 0 0 
_1.ptx 1300 : 26112 213440 0 0 0 0 0 0 0 
_1.ptx 1301 : 26112 238272 0 0 0 0 0 0 0 
_1.ptx 1302 : 26112 309216 0 0 0 0 0 0 0 
_1.ptx 1303 : 26112 207904 0 0 0 0 0 0 0 
_1.ptx 1304 : 26112 190464 0 0 0 0 0 0 0 
_1.ptx 1305 : 26112 407840 0 0 0 0 0 0 0 
_1.ptx 1306 : 26112 111680 0 0 0 0 0 0 0 
_1.ptx 1307 : 26112 112480 0 0 0 0 0 0 0 
_1.ptx 1308 : 26112 290240 0 0 0 0 0 0 0 
_1.ptx 1309 : 26112 91136 0 0 0 0 0 0 0 
_1.ptx 1310 : 26112 90944 0 0 0 0 0 0 0 
_1.ptx 1311 : 26112 89568 0 0 0 0 0 0 0 
_1.ptx 1312 : 26112 191712 0 0 0 0 0 0 0 
_1.ptx 1316 : 875211 8908214 0 0 0 0 0 0 0 
_1.ptx 1317 : 875211 7139483 0 0 0 0 0 0 0 
_1.ptx 1318 : 875211 8959258 0 0 0 0 0 0 0 
_1.ptx 1320 : 875211 136271450 0 0 0 0 0 0 0 
_1.ptx 1321 : 875211 5498820 0 0 0 0 0 0 0 
_1.ptx 1322 : 875211 7158157 0 0 0 0 0 0 0 
_1.ptx 1323 : 875211 5413766 0 0 0 0 0 0 6681 
_1.ptx 1325 : 6681 67942 0 0 0 0 0 0 0 
_1.ptx 1327 : 6681 67707 0 0 0 0 0 0 0 
_1.ptx 1330 : 875211 9726932 0 0 0 0 0 0 0 
_1.ptx 1331 : 875211 9705035 0 0 0 0 0 0 0 
_1.ptx 1332 : 875211 8909260 0 0 0 0 0 0 0 
_1.ptx 1333 : 875211 10917689 0 0 0 0 0 0 0 
_1.ptx 1334 : 875211 9696504 0 0 0 0 0 0 0 
_1.ptx 1335 : 875211 6314535 0 0 0 0 0 0 0 
_1.ptx 1336 : 875211 9897190 0 0 0 0 0 0 0 
_1.ptx 1337 : 875211 9684939 0 0 0 0 0 0 0 
_1.ptx 1338 : 875211 279207867 3400960 0 0 27387 27387 0 0 
_1.ptx 1339 : 875211 4453535 3502272 0 0 27387 27387 0 0 
_1.ptx 1340 : 875211 8864259 0 0 0 0 0 0 0 
_1.ptx 1341 : 875211 8861887 0 0 0 0 0 0 0 
_1.ptx 1342 : 875211 7145923 0 0 0 0 0 0 0 
_1.ptx 1343 : 875211 5291182 0 0 0 0 0 0 51 
_1.ptx 1346 : 26112 173792 0 0 0 0 0 0 0 
_1.ptx 1348 : 26112 239168 0 0 0 0 0 0 0 
_1.ptx 1349 : 26112 0 0 0 0 0 0 0 0 
_1.ptx 1350 : 26112 326080 0 0 0 0 0 0 0 
_1.ptx 1351 : 26112 317280 0 0 0 0 0 0 0 
_1.ptx 1352 : 26112 243328 0 0 0 0 0 0 0 
_1.ptx 1353 : 26112 213824 0 0 0 0 0 0 0 
_1.ptx 1354 : 26112 241152 0 0 0 0 0 0 0 
_1.ptx 1355 : 26112 309504 0 0 0 0 0 0 0 
_1.ptx 1356 : 26112 211104 0 0 0 0 0 0 0 
_1.ptx 1357 : 26112 209376 0 0 0 0 0 0 0 
_1.ptx 1358 : 26112 279200 0 0 0 0 0 0 0 
_1.ptx 1359 : 26112 113696 0 0 0 0 0 0 0 
_1.ptx 1360 : 26112 115552 0 0 0 0 0 0 0 
_1.ptx 1361 : 26112 294656 0 0 0 0 0 0 0 
_1.ptx 1362 : 26112 297344 0 0 0 0 0 0 0 
_1.ptx 1363 : 26112 188960 0 0 0 0 0 0 0 
_1.ptx 1367 : 875211 309036056 3443200 0 0 27387 27387 0 0 
_1.ptx 1368 : 875211 282587484 2679808 0 0 27387 27387 0 0 
_1.ptx 1369 : 875211 9658383 0 0 0 0 0 0 0 
_1.ptx 1370 : 875211 4815157 0 0 0 27387 27387 0 0 
_1.ptx 1371 : 875211 8788889 0 0 0 0 0 0 0 
_1.ptx 1372 : 875211 8801186 0 0 0 0 0 0 0 
_1.ptx 1373 : 875211 8853881 0 0 0 0 0 0 0 
_1.ptx 1374 : 875211 7047039 0 0 0 0 0 0 0 
_1.ptx 1375 : 875211 5143543 0 0 0 0 0 0 51 
_1.ptx 1378 : 26112 172736 0 0 0 0 0 0 0 
_1.ptx 1380 : 26112 245792 0 0 0 0 0 0 0 
_1.ptx 1381 : 26112 0 0 0 0 0 0 0 0 
_1.ptx 1382 : 26112 322464 0 0 0 0 0 0 0 
_1.ptx 1383 : 26112 310176 0 0 0 0 0 0 0 
_1.ptx 1384 : 26112 223520 0 0 0 0 0 0 0 
_1.ptx 1385 : 26112 198560 0 0 0 0 0 0 0 
_1.ptx 1386 : 26112 219616 0 0 0 0 0 0 0 
_1.ptx 1387 : 26112 302304 0 0 0 0 0 0 0 
_1.ptx 1388 : 26112 211360 0 0 0 0 0 0 0 
_1.ptx 1389 : 26112 214432 0 0 0 0 0 0 0 
_1.ptx 1390 : 26112 201504 0 0 0 0 0 0 0 
_1.ptx 1391 : 26112 293856 0 0 0 0 0 0 0 
_1.ptx 1392 : 26112 114976 0 0 0 0 0 0 0 
_1.ptx 1393 : 26112 116864 0 0 0 0 0 0 0 
_1.ptx 1394 : 26112 295200 0 0 0 0 0 0 0 
_1.ptx 1395 : 26112 303584 0 0 0 0 0 0 0 
_1.ptx 1396 : 26112 206400 0 0 0 0 0 0 0 
_1.ptx 1400 : 875211 300588280 3505536 0 0 27387 27387 0 0 
_1.ptx 1402 : 875211 278461296 2696832 0 0 27387 27387 0 0 
_1.ptx 1403 : 875211 9737760 0 0 0 0 0 0 0 
_1.ptx 1404 : 875211 41948039 0 0 0 0 0 0 0 
_1.ptx 1405 : 875211 9724274 0 0 0 0 0 0 0 
_1.ptx 1407 : 875211 5333059 0 0 0 0 0 0 0 
_1.ptx 1408 : 875211 5343255 0 0 0 0 0 0 0 
_1.ptx 1409 : 875211 7111458 0 0 0 0 0 0 0 
_1.ptx 1410 : 875211 7969011 0 0 0 0 0 0 0 
_1.ptx 1411 : 875211 15097752 0 0 0 0 0 0 0 
_1.ptx 1412 : 875211 4690491 0 0 0 27387 27387 0 0 
_1.ptx 1413 : 875211 8831938 0 0 0 0 0 0 0 
_1.ptx 1414 : 875211 8865665 0 0 0 0 0 0 0 
_1.ptx 1415 : 875211 8985399 0 0 0 0 0 0 0 
_1.ptx 1416 : 875211 7091326 0 0 0 0 0 0 0 
_1.ptx 1417 : 875211 5197120 0 0 0 0 0 0 51 
_1.ptx 1420 : 26112 170176 0 0 0 0 0 0 0 
_1.ptx 1422 : 26112 206720 0 0 0 0 0 0 0 
_1.ptx 1423 : 26112 1371072 128 0 0 0 0 0 0 
_1.ptx 1424 : 26112 210432 0 0 0 0 0 0 0 
_1.ptx 1425 : 26112 0 0 0 0 0 0 0 0 
_1.ptx 1426 : 26112 292480 0 0 0 0 0 0 0 
_1.ptx 1427 : 26112 276032 0 0 0 0 0 0 0 
_1.ptx 1428 : 26112 223680 0 0 0 0 0 0 0 
_1.ptx 1429 : 26112 203488 0 0 0 0 0 0 0 
_1.ptx 1430 : 26112 233856 0 0 0 0 0 0 0 
_1.ptx 1431 : 26112 309952 0 0 0 0 0 0 0 
_1.ptx 1432 : 26112 228128 0 0 0 0 0 0 0 
_1.ptx 1433 : 26112 222688 0 0 0 0 0 0 0 
_1.ptx 1434 : 26112 296704 0 0 0 0 0 0 0 
_1.ptx 1435 : 26112 297152 0 0 0 0 0 0 0 
_1.ptx 1436 : 26112 4235488 3328 0 0 0 0 0 0 
_1.ptx 1437 : 26112 294688 0 0 0 0 0 0 0 
_1.ptx 1438 : 26112 196960 0 0 0 0 0 0 0 
_1.ptx 1442 : 132651 47854573 533760 0 0 8164 4182 0 0 
_1.ptx 1444 : 132651 1482873 0 0 0 0 0 0 0 
_1.ptx 1445 : 132651 705507 532032 0 0 4182 4182 0 0 
_1.ptx 1446 : 132651 1361976 0 0 0 0 0 0 0 
_1.ptx 1447 : 132651 1384261 0 0 0 0 0 0 0 
_1.ptx 1448 : 132651 1380534 0 0 0 0 0 0 0 
_1.ptx 1449 : 132651 1137215 0 0 0 0 0 0 0 
_1.ptx 1450 : 132651 702500 0 0 0 0 0 0 51 
_1.ptx 1453 : 26112 186016 0 0 0 0 0 0 0 
_1.ptx 1455 : 26112 220736 0 0 0 0 0 0 0 
_1.ptx 1456 : 26112 219200 0 0 0 0 0 0 0 
_1.ptx 1457 : 26112 163657 0 0 0 0 0 0 51 
_1.ptx 1458 : 2601 19036 0 0 0 0 0 0 0 
_1.ptx 1459 : 2601 29955 0 0 0 0 0 0 0 
_1.ptx 1460 : 2601 26189 0 0 0 0 0 0 0 
_1.ptx 1461 : 2601 18226 0 0 0 0 0 0 0 
_1.ptx 1462 : 2601 15606 0 0 0 0 0 0 0 
_1.ptx 1463 : 2601 20808 0 0 0 0 0 0 0 
_1.ptx 1464 : 2601 29649 0 0 0 0 0 0 0 
_1.ptx 1465 : 2601 20494 0 0 0 0 0 0 0 
_1.ptx 1466 : 2601 21018 0 0 0 0 0 0 0 
_1.ptx 1467 : 2601 8369 0 0 0 0 0 0 0 
_1.ptx 1468 : 2601 17001 0 0 0 0 0 0 0 
_1.ptx 1469 : 2601 22036 0 0 0 0 0 0 0 
_1.ptx 1470 : 2601 27338 0 0 0 0 0 0 0 
_1.ptx 1471 : 2601 30005 0 0 0 0 0 0 0 
_1.ptx 1472 : 2601 22060 0 0 0 0 0 0 0 
_1.ptx 1475 : 2601 0 0 0 0 0 0 0 0 
_1.ptx 1476 : 2601 21305 0 0 0 0 0 0 0 
_1.ptx 1477 : 2601 29913 0 0 0 0 0 0 0 
_1.ptx 1478 : 2601 21389 0 0 0 0 0 0 0 
_1.ptx 1479 : 2601 30932 0 0 0 0 0 0 0 
_1.ptx 1480 : 2601 21864 0 0 0 0 0 0 0 
_1.ptx 1481 : 2601 28545 0 0 0 0 0 0 0 
_1.ptx 1482 : 2601 30465 0 0 0 0 0 0 0 
_1.ptx 1483 : 2601 18721 0 0 0 0 0 0 0 
_1.ptx 1484 : 2601 21713 0 0 0 0 0 0 0 
_1.ptx 1488 : 132651 11928221 17664 0 0 132651 5202 0 0 
_1.ptx 1489 : 132651 1495411 0 0 0 0 0 0 0 
_1.ptx 1490 : 132651 1389138 0 0 0 0 0 0 0 
_1.ptx 1491 : 132651 1385248 0 0 0 0 0 0 0 
_1.ptx 1492 : 132651 1147181 0 0 0 0 0 0 0 
_1.ptx 1493 : 132651 936437 0 0 0 0 0 0 0 
_1.ptx 1494 : 2601 19657 0 0 0 0 0 0 0 
_1.ptx 1499 : 2601 14640 0 102 102 0 0 0 0 
_1.ptx 1500 : 2601 28371 0 0 0 0 0 0 0 
_1.ptx 1501 : 2601 29104 0 0 0 0 0 0 0 
_1.ptx 1502 : 2601 23396 0 0 0 0 0 0 0 
_1.ptx 1503 : 2601 0 0 0 0 0 0 0 0 
_1.ptx 1505 : 26112 165056 0 0 0 0 0 0 0 
_1.ptx 1507 : 26112 164512 0 0 0 0 0 0 0 
_1.ptx 1509 : 26112 204096 0 0 0 0 0 0 0 
_1.ptx 1510 : 26112 79136 0 0 0 0 0 0 0 
_1.ptx 1511 : 26112 213120 0 0 0 0 0 0 0 
_1.ptx 1512 : 26112 150727 0 0 0 0 0 0 51 
_1.ptx 1513 : 2601 16615 0 0 0 0 0 0 0 
_1.ptx 1514 : 2601 29125 0 0 0 0 0 0 0 
_1.ptx 1515 : 2601 26406 0 0 0 0 0 0 0 
_1.ptx 1516 : 2601 18581 0 0 0 0 0 0 0 
_1.ptx 1517 : 2601 15766 0 0 0 0 0 0 0 
_1.ptx 1518 : 2601 20840 0 0 0 0 0 0 0 
_1.ptx 1519 : 2601 28611 0 0 0 0 0 0 0 
_1.ptx 1520 : 2601 18283 0 0 0 0 0 0 0 
_1.ptx 1521 : 2601 18207 0 0 0 0 0 0 0 
_1.ptx 1522 : 2601 18207 0 0 0 0 0 0 0 
_1.ptx 1523 : 2601 7803 0 0 0 0 0 0 0 
_1.ptx 1524 : 2601 17786 0 0 0 0 0 0 0 
_1.ptx 1525 : 2601 22152 0 0 0 0 0 0 0 
_1.ptx 1526 : 2601 28448 0 0 0 0 0 0 0 
_1.ptx 1527 : 2601 30014 0 0 0 0 0 0 0 
_1.ptx 1528 : 2601 22597 0 0 0 0 0 0 0 
_1.ptx 1531 : 2601 0 0 0 0 0 0 0 0 
_1.ptx 1532 : 2601 21844 0 0 0 0 0 0 0 
_1.ptx 1533 : 2601 22482 0 0 0 0 0 0 0 
_1.ptx 1534 : 2601 11591 0 0 0 0 0 0 0 
_1.ptx 1535 : 2601 21471 0 0 0 0 0 0 0 
_1.ptx 1536 : 2601 28914 0 0 0 0 0 0 0 
_1.ptx 1537 : 2601 30518 0 0 0 0 0 0 0 
_1.ptx 1538 : 2601 29866 0 0 0 0 0 0 0 
_1.ptx 1539 : 2601 18818 0 0 0 0 0 0 0 
_1.ptx 1540 : 2601 18774 0 0 0 0 0 0 0 
_1.ptx 1541 : 2601 21415 0 0 0 0 0 0 0 
_1.ptx 1545 : 132651 28663440 173824 0 0 9180 5202 0 0 
_1.ptx 1546 : 132651 1540634 0 0 0 0 0 0 0 
_1.ptx 1547 : 132651 1492051 0 0 0 0 0 0 0 
_1.ptx 1548 : 132651 1564931 0 0 0 0 0 0 0 
_1.ptx 1549 : 132651 1195418 0 0 0 0 0 0 0 
_1.ptx 1550 : 132651 966177 0 0 0 0 0 0 0 
_1.ptx 1551 : 2601 19172 0 0 0 0 0 0 0 
_1.ptx 1556 : 2601 13285 0 102 102 0 0 0 0 
_1.ptx 1557 : 2601 27756 0 0 0 0 0 0 0 
_1.ptx 1558 : 2601 28182 0 0 0 0 0 0 0 
_1.ptx 1559 : 2601 27921 0 0 0 0 0 0 0 
_1.ptx 1560 : 2601 22935 0 0 0 0 0 0 0 
_1.ptx 1561 : 2601 0 0 0 0 0 0 0 0 
_1.ptx 1563 : 26112 166656 0 0 0 0 0 0 0 
_1.ptx 1565 : 26112 166752 0 0 0 0 0 0 0 
_1.ptx 1566 : 26112 206816 0 0 0 0 0 0 0 
_1.ptx 1567 : 26112 220736 0 0 0 0 0 0 0 
_1.ptx 1568 : 26112 180638 0 0 0 0 0 0 51 
_1.ptx 1570 : 51 376 0 0 0 0 0 0 0 
_1.ptx 1571 : 51 379 0 0 0 0 0 0 0 
_1.ptx 1572 : 51 439 0 0 0 0 0 0 0 
_1.ptx 1573 : 51 0 0 0 0 0 0 0 0 
_1.ptx 1574 : 51 390 0 0 0 0 0 0 0 
_1.ptx 1575 : 51 403 0 0 0 0 0 0 0 
_1.ptx 1576 : 51 361 0 0 0 0 0 0 0 
_1.ptx 1577 : 51 416 0 0 0 0 0 0 0 
_1.ptx 1581 : 2601 21800 0 2601 2601 0 0 0 0 
_1.ptx 1582 : 2601 30117 0 0 0 0 0 0 0 
_1.ptx 1583 : 2601 28168 0 0 0 0 0 0 0 
_1.ptx 1584 : 2601 28126 0 0 0 0 0 0 0 
_1.ptx 1585 : 2601 22826 0 0 0 0 0 0 0 
_1.ptx 1586 : 2601 18816 0 0 0 0 0 0 0 
_1.ptx 1587 : 51 222 0 51 51 0 0 0 0 
_1.ptx 1588 : 51 364 0 0 0 0 0 0 0 
_1.ptx 1593 : 26061 158476 0 0 0 0 0 0 0 
_1.ptx 1594 : 26061 210850 0 0 0 0 0 0 0 
_1.ptx 1595 : 26061 160170 0 0 0 0 0 0 51 
_1.ptx 1597 : 51 312 0 0 0 0 0 0 0 
_1.ptx 1598 : 51 153 0 0 0 0 0 0 0 
_1.ptx 1599 : 51 306 0 0 0 0 0 0 0 
_1.ptx 1600 : 51 408 0 0 0 0 0 0 0 
_1.ptx 1601 : 51 0 0 0 0 0 0 0 0 
_1.ptx 1602 : 51 357 0 0 0 0 0 0 0 
_1.ptx 1603 : 51 357 0 0 0 0 0 0 0 
_1.ptx 1604 : 51 370 0 0 0 0 0 0 0 
_1.ptx 1605 : 51 398 0 0 0 0 0 0 0 
_1.ptx 1609 : 2601 22064 0 2601 2601 0 0 0 0 
_1.ptx 1610 : 2601 30016 0 0 0 0 0 0 0 
_1.ptx 1611 : 2601 28294 0 0 0 0 0 0 0 
_1.ptx 1612 : 2601 28227 0 0 0 0 0 0 0 
_1.ptx 1613 : 2601 22824 0 0 0 0 0 0 0 
_1.ptx 1614 : 2601 18628 0 0 0 0 0 0 0 
_1.ptx 1615 : 51 226 0 51 51 0 0 0 0 
_1.ptx 1616 : 51 344 0 0 0 0 0 0 0 
_1.ptx 1623 : 26112 173792 0 0 0 0 0 0 0 
_1.ptx 1624 : 26112 204210 0 0 0 0 0 0 51 
_1.ptx 1626 : 51 374 0 0 0 0 0 0 0 
_1.ptx 1627 : 51 365 0 51 51 0 0 0 0 
_1.ptx 1628 : 51 2346 0 0 0 0 0 0 0 
_1.ptx 1629 : 51 511 0 0 0 0 0 0 0 
_1.ptx 1630 : 51 401 0 0 0 0 0 0 0 
_1.ptx 1631 : 51 726 0 0 0 0 0 0 0 
_1.ptx 1632 : 51 376 0 51 51 0 0 0 0 
_1.ptx 1633 : 51 2357 0 0 0 0 0 0 0 
_1.ptx 1634 : 51 590 0 0 0 0 0 0 0 
_1.ptx 1635 : 51 599 0 0 0 0 0 0 0 
_1.ptx 1636 : 51 728 0 0 0 0 0 0 0 
_1.ptx 1637 : 51 598 0 0 0 0 0 0 0 
_1.ptx 1638 : 51 220 0 51 51 0 0 0 0 
_1.ptx 1641 : 26112 171296 0 0 0 0 0 0 0 
_1.ptx 1643 : 26112 221856 0 0 0 0 0 0 0 
_1.ptx 1644 : 26112 0 0 0 0 0 0 0 0 
_1.ptx 1645 : 26112 308544 0 0 0 0 0 0 0 
_1.ptx 1646 : 26112 283872 0 0 0 0 0 0 0 
_1.ptx 1647 : 26112 210368 0 0 0 0 0 0 0 
_1.ptx 1648 : 26112 162912 0 0 0 0 0 0 0 
_1.ptx 1649 : 26112 218976 0 0 0 0 0 0 0 
_1.ptx 1650 : 26112 303232 0 0 0 0 0 0 0 
_1.ptx 1651 : 26112 218880 0 0 0 0 0 0 0 
_1.ptx 1652 : 26112 208288 0 0 0 0 0 0 0 
_1.ptx 1653 : 26112 293120 0 0 0 0 0 0 0 
_1.ptx 1654 : 26112 110944 0 0 0 0 0 0 0 
_1.ptx 1655 : 26112 291808 0 0 0 0 0 0 0 
_1.ptx 1656 : 26112 199168 0 816 816 0 0 0 0 
_1.ptx 1657 : 26112 192608 0 0 0 0 0 0 0 
_1.ptx 1661 : 875211 276837126 3149184 0 0 27387 27387 0 0 
_1.ptx 1663 : 875211 6575995 0 27387 27387 0 0 0 0 
_1.ptx 1665 : 875211 9666807 0 0 0 0 0 0 0 
_1.ptx 1666 : 875211 4511678 0 0 0 27387 27387 0 0 
_1.ptx 1667 : 875211 8801674 0 0 0 0 0 0 0 
_1.ptx 1668 : 875211 8793523 0 0 0 0 0 0 0 
_1.ptx 1669 : 875211 7065176 0 0 0 0 0 0 0 
_1.ptx 1670 : 875211 5153247 0 0 0 0 0 0 51 
_1.ptx 1673 : 26112 177312 0 0 0 0 0 0 0 
_1.ptx 1675 : 26112 232416 0 0 0 0 0 0 0 
_1.ptx 1676 : 26112 0 0 0 0 0 0 0 0 
_1.ptx 1677 : 26112 316288 0 0 0 0 0 0 0 
_1.ptx 1678 : 26112 304512 0 0 0 0 0 0 0 
_1.ptx 1679 : 26112 236288 0 0 0 0 0 0 0 
_1.ptx 1680 : 26112 209952 0 0 0 0 0 0 0 
_1.ptx 1681 : 26112 232736 0 0 0 0 0 0 0 
_1.ptx 1682 : 26112 306368 0 0 0 0 0 0 0 
_1.ptx 1683 : 26112 209184 0 0 0 0 0 0 0 
_1.ptx 1684 : 26112 201696 0 0 0 0 0 0 0 
_1.ptx 1685 : 26112 203584 0 0 0 0 0 0 0 
_1.ptx 1686 : 26112 277856 0 0 0 0 0 0 0 
_1.ptx 1687 : 26112 112576 0 0 0 0 0 0 0 
_1.ptx 1688 : 26112 126208 0 0 0 0 0 0 0 
_1.ptx 1689 : 26112 287840 0 0 0 0 0 0 0 
_1.ptx 1690 : 26112 287616 0 0 0 0 0 0 0 
_1.ptx 1691 : 26112 199808 0 816 816 0 0 0 0 
_1.ptx 1692 : 26112 184288 0 0 0 0 0 0 0 
_1.ptx 1696 : 875211 320176105 3505536 0 0 27387 27387 0 0 
_1.ptx 1697 : 875211 326614841 3423488 0 0 27387 27387 0 0 
_1.ptx 1699 : 875211 6776194 0 27387 27387 0 0 0 0 
_1.ptx 1701 : 875211 9659013 0 0 0 0 0 0 0 
_1.ptx 1702 : 875211 40312345 0 0 0 0 0 0 0 
_1.ptx 1703 : 875211 9665436 0 0 0 0 0 0 0 
_1.ptx 1704 : 875211 4633909 0 0 0 27387 27387 0 0 
_1.ptx 1705 : 875211 8802494 0 0 0 0 0 0 0 
_1.ptx 1706 : 875211 8824054 0 0 0 0 0 0 0 
_1.ptx 1707 : 875211 8826440 0 0 0 0 0 0 0 
_1.ptx 1708 : 875211 7069654 0 0 0 0 0 0 0 
_1.ptx 1709 : 875211 5144146 0 0 0 0 0 0 51 
_1.ptx 1712 : 26112 167552 0 0 0 0 0 0 0 
_1.ptx 1714 : 26112 231136 0 0 0 0 0 0 0 
_1.ptx 1715 : 26112 0 0 0 0 0 0 0 0 
_1.ptx 1716 : 26112 319616 0 0 0 0 0 0 0 
_1.ptx 1717 : 26112 309920 0 0 0 0 0 0 0 
_1.ptx 1718 : 26112 240352 0 0 0 0 0 0 0 
_1.ptx 1719 : 26112 214912 0 0 0 0 0 0 0 
_1.ptx 1720 : 26112 237088 0 0 0 0 0 0 0 
_1.ptx 1721 : 26112 306528 0 0 0 0 0 0 0 
_1.ptx 1722 : 26112 208288 0 0 0 0 0 0 0 
_1.ptx 1723 : 26112 207776 0 0 0 0 0 0 0 
_1.ptx 1724 : 26112 284128 0 0 0 0 0 0 0 
_1.ptx 1725 : 26112 119488 0 0 0 0 0 0 0 
_1.ptx 1726 : 26112 121888 0 0 0 0 0 0 0 
_1.ptx 1727 : 26112 295296 0 0 0 0 0 0 0 
_1.ptx 1728 : 26112 297792 0 0 0 0 0 0 0 
_1.ptx 1729 : 26112 183040 0 0 0 0 0 0 0 
_1.ptx 1733 : 875211 292497149 2626304 0 0 27387 27387 0 0 
_1.ptx 1734 : 875211 319237589 3115392 0 0 27387 27387 0 0 
_1.ptx 1735 : 875211 40279664 0 0 0 0 0 0 0 
_1.ptx 1736 : 875211 4756392 0 0 0 27387 27387 0 0 
_1.ptx 1737 : 875211 8782914 0 0 0 0 0 0 0 
_1.ptx 1738 : 875211 8777387 0 0 0 0 0 0 0 
_1.ptx 1739 : 875211 8838311 0 0 0 0 0 0 0 
_1.ptx 1740 : 875211 7032199 0 0 0 0 0 0 0 
