kernel line : count latency dram_traffic smem_bk_conflicts smem_warp gmem_access_generated gmem_warp exposed_latency warp_divergence
_1.ptx 1741 : 875211 5094594 0 0 0 0 0 0 51 
_1.ptx 1744 : 26112 156672 0 0 0 0 0 0 0 
_1.ptx 1746 : 26112 78336 0 0 0 0 0 0 0 
_1.ptx 1747 : 26112 288352 0 0 0 0 0 0 0 
_1.ptx 1748 : 26112 120768 0 0 0 0 0 0 0 
_1.ptx 1749 : 26112 88128 0 0 0 0 0 0 0 
_1.ptx 1750 : 26112 289376 0 0 0 0 0 0 0 
_1.ptx 1751 : 26112 287232 0 0 0 0 0 0 0 
_1.ptx 1752 : 26112 182784 0 0 0 0 0 0 0 
_1.ptx 1753 : 26112 261120 0 0 0 0 0 0 0 
_1.ptx 1754 : 26112 287232 0 0 0 0 0 0 0 
_1.ptx 1755 : 26112 1042720 6528 0 0 816 816 0 0 
_1.ptx 1756 : 26112 287232 0 0 0 0 0 0 0 
_1.ptx 1757 : 26112 626816 640 0 0 816 816 0 0 
_1.ptx 1758 : 26112 287488 0 0 0 0 0 0 0 
_1.ptx 1760 : 26112 104448 0 0 0 0 0 0 0 
_1.ptx 1761 : 26112 287232 0 0 0 0 0 0 0 
_1.ptx 1762 : 26112 1029120 6528 0 0 816 816 0 0 
_1.ptx 1763 : 26112 287264 0 0 0 0 0 0 0 
_1.ptx 1764 : 26112 626816 640 0 0 816 816 0 0 
_1.ptx 1765 : 26112 287776 0 0 0 0 0 0 0 
_1.ptx 1767 : 26112 207008 0 0 0 0 0 0 0 
_1.ptx 1768 : 26112 78336 0 0 0 0 0 0 0 
_1.ptx 1769 : 26112 208896 0 0 0 0 0 0 0 
_1.ptx 1770 : 26112 0 0 0 0 0 0 0 0 
_1.ptx 1771 : 26112 287232 0 0 0 0 0 0 0 
_1.ptx 1772 : 26112 261120 0 0 0 0 0 0 0 
_1.ptx 1773 : 26112 182784 0 0 0 0 0 0 0 
_1.ptx 1774 : 26112 156672 0 0 0 0 0 0 0 
_1.ptx 1775 : 26112 209056 0 0 0 0 0 0 0 
_1.ptx 1776 : 26112 287232 0 0 0 0 0 0 0 
_1.ptx 1777 : 26112 182784 0 0 0 0 0 0 0 
_1.ptx 1778 : 26112 182784 0 0 0 0 0 0 0 
_1.ptx 1779 : 26112 78336 0 0 0 0 0 0 0 
_1.ptx 1780 : 26112 336192 0 0 0 0 0 0 0 
_1.ptx 1781 : 26112 283968 0 0 0 0 0 0 0 
_1.ptx 1782 : 26112 287232 0 0 0 0 0 0 0 
_1.ptx 1783 : 26112 104448 0 0 0 0 0 0 0 
_1.ptx 1784 : 26112 288256 0 0 0 0 0 0 0 
_1.ptx 1785 : 26112 184000 0 0 0 0 0 0 0 
_1.ptx 1789 : 875211 5262082 0 0 0 0 0 0 0 
_1.ptx 1790 : 875211 5259426 0 0 0 0 0 0 0 
_1.ptx 1791 : 875211 7002200 0 0 0 0 0 0 0 
_1.ptx 1792 : 875211 7878219 0 0 0 0 0 0 0 
_1.ptx 1793 : 875211 4378880 3502272 0 0 27387 27387 0 0 
_1.ptx 1794 : 875211 8752110 0 0 0 0 0 0 0 
_1.ptx 1795 : 875211 8752366 0 0 0 0 0 0 0 
_1.ptx 1796 : 875211 7001688 0 0 0 0 0 0 0 
_1.ptx 1797 : 875211 5094594 0 0 0 0 0 0 51 
_1.ptx 1800 : 26112 156672 0 0 0 0 0 0 0 
_1.ptx 1802 : 26112 183008 0 0 0 0 0 0 0 
_1.ptx 1803 : 26112 78336 0 0 0 0 0 0 0 
_1.ptx 1804 : 26112 209056 0 0 0 0 0 0 0 
_1.ptx 1805 : 26112 0 0 0 0 0 0 0 0 
_1.ptx 1806 : 26112 287232 0 0 0 0 0 0 0 
_1.ptx 1807 : 26112 261632 0 0 0 0 0 0 0 
_1.ptx 1808 : 26112 183008 0 0 0 0 0 0 0 
_1.ptx 1809 : 26112 157280 0 0 0 0 0 0 0 
_1.ptx 1810 : 26112 208896 0 0 0 0 0 0 0 
_1.ptx 1811 : 26112 287232 0 0 0 0 0 0 0 
_1.ptx 1812 : 26112 182784 0 0 0 0 0 0 0 
_1.ptx 1813 : 26112 182976 0 0 0 0 0 0 0 
_1.ptx 72 : 52224 385984 128 0 0 0 0 0 0 
_1.ptx 1814 : 26112 263296 0 0 0 0 0 0 0 
_1.ptx 73 : 52224 313664 0 0 0 0 0 0 0 
_1.ptx 1815 : 26112 104960 0 0 0 0 0 0 0 
_1.ptx 74 : 52224 418176 0 0 0 0 0 0 0 
_1.ptx 1816 : 26112 105376 0 0 0 0 0 0 0 
_1.ptx 75 : 52224 156992 0 0 0 0 0 0 0 
_1.ptx 1817 : 26112 287232 0 0 0 0 0 0 0 
_1.ptx 1818 : 26112 287232 0 0 0 0 0 0 0 
_1.ptx 77 : 26112 156672 0 0 0 0 0 0 0 
_1.ptx 1819 : 26112 78464 0 0 0 0 0 0 0 
_1.ptx 78 : 26112 156672 0 0 0 0 0 0 0 
_1.ptx 1820 : 26112 78336 0 0 0 0 0 0 0 
_1.ptx 79 : 26112 182976 0 0 0 0 0 0 0 
_1.ptx 1821 : 26112 244000 128 0 0 0 0 0 0 
_1.ptx 80 : 26112 266240 0 0 0 0 0 0 0 
_1.ptx 1822 : 26112 78784 0 0 0 0 0 0 0 
_1.ptx 81 : 26112 287616 0 0 0 0 0 0 0 
_1.ptx 1823 : 26112 183104 0 0 0 0 0 0 0 
_1.ptx 82 : 26112 792672 6528 0 0 0 0 0 0 
_1.ptx 83 : 26112 790592 0 0 0 0 0 0 0 
_1.ptx 84 : 26112 183200 0 0 0 0 0 0 0 
_1.ptx 85 : 26112 264416 0 0 0 0 0 0 0 
_1.ptx 1827 : 875211 8771918 0 0 0 0 0 0 0 
_1.ptx 86 : 26112 287296 0 0 0 0 0 0 0 
_1.ptx 1828 : 875211 7002040 0 0 0 0 0 0 0 
_1.ptx 87 : 26112 185696 0 0 0 0 0 0 0 
_1.ptx 1829 : 875211 6131962 0 0 0 0 0 0 0 
_1.ptx 88 : 26112 157440 0 0 0 0 0 0 0 
_1.ptx 89 : 26112 156672 0 0 0 0 0 0 0 
_1.ptx 1831 : 875211 133045640 0 0 0 0 0 0 0 
_1.ptx 90 : 26112 209248 0 0 0 0 0 0 0 
_1.ptx 1832 : 875211 8774889 0 0 0 0 0 0 0 
_1.ptx 91 : 26112 156366 0 0 0 0 0 0 51 
_1.ptx 1833 : 875211 5294283 0 0 0 0 0 0 0 
_1.ptx 1834 : 875211 7009240 0 0 0 0 0 0 0 
_1.ptx 93 : 51 214 0 0 0 0 0 0 0 
_1.ptx 1835 : 875211 5211308 0 0 0 0 0 0 6681 
_1.ptx 94 : 51 4864 128 0 0 0 0 0 0 
_1.ptx 95 : 51 561 0 0 0 0 0 0 0 
_1.ptx 1837 : 6681 46992 0 0 0 0 0 0 0 
_1.ptx 96 : 51 357 0 0 0 0 0 0 0 
_1.ptx 97 : 51 561 0 0 0 0 0 0 0 
_1.ptx 1839 : 6681 46767 0 0 0 0 0 0 0 
_1.ptx 98 : 51 510 0 0 0 0 0 0 0 
_1.ptx 99 : 51 357 0 0 0 0 0 0 0 
_1.ptx 100 : 51 510 0 0 0 0 0 0 0 
_1.ptx 1842 : 875211 9640326 0 0 0 0 0 0 0 
_1.ptx 101 : 51 5155 1408 0 0 0 0 0 0 
_1.ptx 1843 : 875211 8752590 0 0 0 0 0 0 0 
_1.ptx 102 : 51 561 0 0 0 0 0 0 0 
_1.ptx 1844 : 875211 9649145 0 0 0 0 0 0 0 
_1.ptx 103 : 51 6188 256 0 0 51 51 0 0 
_1.ptx 1845 : 875211 7022968 0 0 0 0 0 0 0 
_1.ptx 104 : 51 207 0 0 0 0 0 0 0 
_1.ptx 1846 : 875211 8930930 0 0 0 0 0 0 0 
_1.ptx 105 : 51 561 0 0 0 0 0 0 0 
_1.ptx 1847 : 875211 5269556 0 0 0 0 0 0 0 
_1.ptx 106 : 51 306 1632 0 0 51 51 0 0 
_1.ptx 1848 : 875211 7877091 0 0 0 0 0 0 0 
_1.ptx 1849 : 875211 6127149 0 0 0 0 0 0 0 
_1.ptx 108 : 51 204 0 0 0 0 0 0 0 
_1.ptx 1850 : 875211 7011923 0 0 0 0 0 0 0 
_1.ptx 109 : 51 561 0 0 0 0 0 0 0 
_1.ptx 1851 : 875211 7890947 0 0 0 0 0 0 0 
_1.ptx 110 : 51 6652 128 0 0 51 51 0 0 
_1.ptx 1852 : 875211 7002040 0 0 0 0 0 0 0 
_1.ptx 111 : 51 204 0 0 0 0 0 0 0 
_1.ptx 1853 : 875211 0 0 0 0 0 0 0 0 
_1.ptx 112 : 51 561 0 0 0 0 0 0 0 
_1.ptx 1854 : 875211 2663379 0 0 0 0 0 0 0 
_1.ptx 113 : 51 256 1632 0 0 51 51 0 0 
_1.ptx 1855 : 875211 9635673 0 0 0 0 0 0 0 
_1.ptx 1856 : 875211 2786785 0 0 0 0 0 0 0 
_1.ptx 1857 : 875211 7016728 0 0 0 0 0 0 0 
_1.ptx 116 : 26112 183936 0 0 0 0 0 0 0 
_1.ptx 1858 : 875211 7899939 0 0 0 0 0 0 0 
_1.ptx 117 : 26112 196864 128 0 0 0 0 0 0 
_1.ptx 1859 : 875211 10336558 0 0 0 0 0 0 0 
_1.ptx 118 : 26112 209344 0 0 0 0 0 0 0 
_1.ptx 1860 : 875211 8764846 0 0 0 0 0 0 0 
_1.ptx 119 : 26112 0 0 0 0 0 0 0 0 
_1.ptx 1861 : 875211 8790894 0 0 0 0 0 0 0 
_1.ptx 120 : 26112 287488 0 0 0 0 0 0 0 
_1.ptx 1862 : 875211 2715457 0 0 0 0 0 0 0 
_1.ptx 121 : 26112 261696 0 0 0 0 0 0 0 
_1.ptx 1863 : 875211 9666361 0 0 0 0 0 0 0 
_1.ptx 122 : 26112 184128 0 0 0 0 0 0 0 
_1.ptx 1864 : 875211 7014328 0 0 0 0 0 0 0 
_1.ptx 123 : 26112 157344 0 0 0 0 0 0 0 
_1.ptx 1865 : 875211 8780462 0 0 0 0 0 0 0 
_1.ptx 124 : 26112 208992 0 0 0 0 0 0 0 
_1.ptx 1866 : 875211 8815118 0 0 0 0 0 0 0 
_1.ptx 125 : 26112 287392 0 0 0 0 0 0 0 
_1.ptx 1867 : 875211 5296962 0 0 0 0 0 0 0 
_1.ptx 126 : 26112 183040 0 0 0 0 0 0 0 
_1.ptx 1868 : 875211 7877507 0 0 0 0 0 0 0 
_1.ptx 127 : 26112 105952 0 0 0 0 0 0 0 
_1.ptx 1869 : 875211 7030104 0 0 0 0 0 0 0 
_1.ptx 128 : 26112 184800 128 0 0 0 0 0 0 
_1.ptx 1870 : 875211 5302306 0 0 0 0 0 0 0 
_1.ptx 129 : 26112 185920 0 0 0 0 0 0 0 
_1.ptx 1871 : 875211 6126797 0 0 0 0 0 0 0 
_1.ptx 130 : 26112 183264 0 0 0 0 0 0 0 
_1.ptx 131 : 26112 263296 0 0 0 0 0 0 0 
_1.ptx 132 : 26112 287296 0 0 0 0 0 0 0 
_1.ptx 1874 : 8585085 0 0 0 0 0 0 0 0 
_1.ptx 133 : 26112 287360 0 0 0 0 0 0 0 
_1.ptx 1875 : 8585085 94491394 0 0 0 0 0 0 0 
_1.ptx 134 : 26112 78464 0 0 0 0 0 0 0 
_1.ptx 1876 : 8585085 85924994 0 0 0 0 0 0 0 
_1.ptx 135 : 26112 78720 0 0 0 0 0 0 0 
_1.ptx 1877 : 8585085 95629201 0 0 0 0 0 0 0 
_1.ptx 136 : 26112 78624 0 0 0 0 0 0 0 
_1.ptx 1878 : 8585085 61093367 0 0 0 0 0 0 0 
_1.ptx 137 : 26112 183008 0 0 0 0 0 0 0 
_1.ptx 1879 : 8585085 94459676 0 0 0 0 0 0 0 
_1.ptx 1880 : 8585085 94572333 0 0 0 0 0 0 0 
_1.ptx 1881 : 8585085 34518272 0 0 0 0 0 0 0 
_1.ptx 1882 : 8585085 86315931 0 0 0 0 0 0 0 
_1.ptx 141 : 132651 1327342 0 0 0 0 0 0 0 
_1.ptx 1883 : 8585085 94480284 0 0 0 0 0 0 0 
_1.ptx 142 : 132651 1061720 0 0 0 0 0 0 0 
_1.ptx 1884 : 8585085 60700070 0 0 0 0 0 0 0 
_1.ptx 143 : 132651 1328219 0 0 0 0 0 0 0 
_1.ptx 1885 : 8585085 88885529 0 0 0 0 0 0 0 
_1.ptx 1886 : 8585085 94492860 0 0 0 0 0 0 0 
_1.ptx 145 : 132651 20203344 0 0 0 0 0 0 0 
_1.ptx 1887 : 8585085 67450526 0 0 0 0 0 0 0 
_1.ptx 146 : 132651 795938 0 0 0 0 0 0 0 
_1.ptx 147 : 132651 1062456 0 0 0 0 0 0 0 
_1.ptx 148 : 132651 780300 0 0 0 0 0 0 2601 
_1.ptx 1891 : 84212475 2148044309 23630848 0 0 5283702 2686017 0 0 
_1.ptx 150 : 2601 26024 0 0 0 0 0 0 0 
_1.ptx 1892 : 84212475 926482037 0 0 0 0 0 0 0 
_1.ptx 1893 : 84212475 842839524 0 0 0 0 0 0 0 
_1.ptx 152 : 2601 26037 0 0 0 0 0 0 0 
_1.ptx 1894 : 84212475 843292791 0 0 0 0 0 0 0 
_1.ptx 1895 : 84212475 684686134 0 0 0 0 0 0 0 
_1.ptx 1896 : 84212475 453808711 0 0 0 0 0 0 369954 
_1.ptx 155 : 132651 534956 0 0 0 4182 4182 0 0 
_1.ptx 156 : 132651 1462758 0 0 0 0 0 0 0 
_1.ptx 1898 : 8585085 85864794 0 0 0 0 0 0 0 
_1.ptx 157 : 132651 591596 128 0 0 4182 4182 0 0 
_1.ptx 1899 : 8585085 68684602 0 0 0 0 0 0 0 
_1.ptx 158 : 132651 1460482 0 0 0 0 0 0 0 
_1.ptx 1900 : 8585085 46273190 0 0 0 0 0 0 408 
_1.ptx 159 : 132651 1327342 0 0 0 0 0 0 0 
_1.ptx 1901 : 875211 5251554 0 0 0 0 0 0 0 
_1.ptx 160 : 132651 1468281 0 0 0 0 0 0 0 
_1.ptx 161 : 132651 1459897 0 0 0 0 0 0 0 
_1.ptx 162 : 132651 1326862 0 0 0 0 0 0 0 
_1.ptx 163 : 132651 930408 0 0 0 0 0 0 0 
_1.ptx 164 : 132651 1333559 0 0 0 0 0 0 0 
_1.ptx 1906 : 875211 246000419 3505536 0 0 27387 27387 0 0 
_1.ptx 165 : 132651 1460738 0 0 0 0 0 0 0 
_1.ptx 1907 : 875211 9628715 0 0 0 0 0 0 0 
_1.ptx 166 : 132651 29627281 408192 0 0 10569 4182 0 0 
_1.ptx 1908 : 875211 4391195 3502272 0 0 27387 27387 0 0 
_1.ptx 167 : 132651 1466361 0 0 0 0 0 0 0 
_1.ptx 1909 : 875211 8758510 0 0 0 0 0 0 0 
_1.ptx 168 : 132651 1459769 0 0 0 0 0 0 0 
_1.ptx 1910 : 875211 8767063 0 0 0 0 0 0 0 
_1.ptx 169 : 132651 929101 0 0 0 0 0 0 0 
_1.ptx 1911 : 875211 8754167 0 0 0 0 0 0 0 
_1.ptx 170 : 132651 1333847 0 0 0 0 0 0 0 
_1.ptx 1912 : 875211 7003960 0 0 0 0 0 0 0 
_1.ptx 171 : 132651 1459522 0 0 0 0 0 0 0 
_1.ptx 1913 : 875211 5094786 0 0 0 0 0 0 51 
_1.ptx 172 : 132651 796345 439200 0 0 8164 4182 0 0 
_1.ptx 1914 : 26112 156672 0 0 0 0 0 0 0 
_1.ptx 173 : 132651 1327470 0 0 0 0 0 0 0 
_1.ptx 174 : 132651 1061848 0 0 0 0 0 0 0 
_1.ptx 175 : 132651 639234 0 0 0 0 0 0 51 
_1.ptx 1919 : 26112 156704 0 0 0 0 0 0 0 
_1.ptx 178 : 52224 313920 0 0 0 0 0 0 0 
_1.ptx 179 : 52224 313792 0 0 0 0 0 0 0 
_1.ptx 1921 : 26112 182880 0 0 0 0 0 0 0 
_1.ptx 180 : 52224 418176 0 0 0 0 0 0 0 
_1.ptx 1922 : 26112 208896 0 0 0 0 0 0 0 
_1.ptx 181 : 52224 156672 0 0 0 0 0 0 0 
_1.ptx 1923 : 26112 116586 0 0 0 0 0 0 51 
_1.ptx 1924 : 6681 40086 0 0 0 0 0 0 0 
_1.ptx 183 : 26112 157088 0 0 0 0 0 0 0 
_1.ptx 1925 : 6681 40118 0 0 0 0 0 0 0 
_1.ptx 184 : 26112 183104 0 0 0 0 0 0 0 
_1.ptx 1926 : 6681 73555 0 0 0 0 0 0 0 
_1.ptx 185 : 26112 262688 0 0 0 0 0 0 0 
_1.ptx 1927 : 6681 66810 0 0 0 0 0 0 0 
_1.ptx 186 : 26112 287296 0 0 0 0 0 0 0 
_1.ptx 1928 : 6681 46776 0 0 0 0 0 0 0 
_1.ptx 187 : 26112 611936 5376 0 0 0 0 0 0 
_1.ptx 1929 : 6681 40089 0 0 0 0 0 0 0 
_1.ptx 188 : 26112 622944 1280 0 0 0 0 0 0 
_1.ptx 1930 : 6681 53512 0 0 0 0 0 0 0 
_1.ptx 189 : 26112 183136 0 0 0 0 0 0 0 
_1.ptx 1931 : 6681 73491 0 0 0 0 0 0 0 
_1.ptx 190 : 26112 263520 0 0 0 0 0 0 0 
_1.ptx 1932 : 6681 46767 0 0 0 0 0 0 0 
_1.ptx 191 : 26112 287392 0 0 0 0 0 0 0 
_1.ptx 1933 : 6681 46802 0 0 0 0 0 0 0 
_1.ptx 192 : 26112 78848 0 0 0 0 0 0 0 
_1.ptx 1934 : 6681 26397 0 0 0 0 0 0 0 
_1.ptx 193 : 26112 1305344 4736 0 0 816 816 0 0 
_1.ptx 1935 : 6681 40086 0 0 0 0 0 0 0 
_1.ptx 194 : 26112 287456 0 0 0 0 0 0 0 
_1.ptx 1936 : 6681 53448 0 0 0 0 0 0 0 
_1.ptx 1937 : 6681 68672 0 0 0 0 0 0 0 
_1.ptx 196 : 26112 105344 0 0 0 0 0 0 0 
_1.ptx 1938 : 6681 73529 0 0 0 0 0 0 0 
_1.ptx 197 : 26112 287392 0 0 0 0 0 0 0 
_1.ptx 1939 : 6681 73555 0 0 0 0 0 0 0 
_1.ptx 198 : 26112 1202336 4608 0 0 816 816 0 0 
_1.ptx 1940 : 6681 40214 0 0 0 0 0 0 0 
_1.ptx 199 : 26112 288448 0 0 0 0 0 0 0 
_1.ptx 1941 : 6681 40086 0 0 0 0 0 0 0 
_1.ptx 1942 : 6681 46866 0 0 0 0 0 0 0 
_1.ptx 201 : 26112 157024 0 0 0 0 0 0 0 
_1.ptx 202 : 26112 183200 0 0 0 0 0 0 0 
_1.ptx 203 : 26112 78720 0 0 0 0 0 0 0 
_1.ptx 1945 : 6681 0 0 0 0 0 0 0 0 
_1.ptx 204 : 26112 209152 0 0 0 0 0 0 0 
_1.ptx 1946 : 6681 46767 0 0 0 0 0 0 0 
_1.ptx 205 : 26112 0 0 0 0 0 0 0 0 
_1.ptx 1947 : 6681 75315 0 0 0 0 0 0 0 
_1.ptx 206 : 26112 287488 0 0 0 0 0 0 0 
_1.ptx 1948 : 6681 46799 0 0 0 0 0 0 0 
_1.ptx 207 : 26112 261440 0 0 0 0 0 0 0 
_1.ptx 1949 : 6681 73491 0 0 0 0 0 0 0 
_1.ptx 208 : 26112 183328 0 0 0 0 0 0 0 
_1.ptx 1950 : 6681 28202 0 0 0 0 0 0 0 
_1.ptx 209 : 26112 156992 0 0 0 0 0 0 0 
_1.ptx 1951 : 6681 46895 0 0 0 0 0 0 0 
_1.ptx 210 : 26112 209216 0 0 0 0 0 0 0 
_1.ptx 1952 : 6681 66906 0 0 0 0 0 0 0 
_1.ptx 211 : 26112 287552 0 0 0 0 0 0 0 
_1.ptx 1953 : 6681 73491 0 0 0 0 0 0 0 
_1.ptx 212 : 26112 183136 0 0 0 0 0 0 0 
_1.ptx 1954 : 6681 46834 0 0 0 0 0 0 0 
_1.ptx 213 : 26112 183200 0 0 0 0 0 0 0 
_1.ptx 214 : 26112 263808 0 0 0 0 0 0 0 
_1.ptx 215 : 26112 105440 0 0 0 0 0 0 0 
_1.ptx 216 : 26112 287520 0 0 0 0 0 0 0 
_1.ptx 1958 : 875211 232818867 3420544 0 0 875211 33405 0 0 
_1.ptx 217 : 26112 78496 0 0 0 0 0 0 0 
_1.ptx 1959 : 875211 6127600 0 0 0 0 0 0 0 
_1.ptx 218 : 26112 78880 0 0 0 0 0 0 0 
_1.ptx 1960 : 875211 7003803 0 0 0 0 0 0 0 
_1.ptx 219 : 26112 78592 0 0 0 0 0 0 0 
_1.ptx 1961 : 875211 5248206 0 0 0 0 0 0 102 
_1.ptx 220 : 26112 183136 0 0 0 0 0 0 0 
_1.ptx 1963 : 510 3570 0 0 0 0 0 0 0 
_1.ptx 1965 : 510 3576 0 0 0 0 0 0 0 
_1.ptx 224 : 334611 3349022 0 0 0 0 0 0 0 
_1.ptx 225 : 334611 2679864 0 0 0 0 0 0 0 
_1.ptx 1967 : 875211 8752398 0 0 0 0 0 0 0 
_1.ptx 226 : 334611 3347584 0 0 0 0 0 0 0 
_1.ptx 1968 : 875211 8757102 0 0 0 0 0 0 0 
_1.ptx 1969 : 875211 7001976 0 0 0 0 0 0 0 
_1.ptx 228 : 334611 50904113 0 0 0 0 0 0 0 
_1.ptx 1970 : 875211 5211180 0 0 0 0 0 0 0 
_1.ptx 229 : 334611 2012402 0 0 0 0 0 0 0 
_1.ptx 230 : 334611 2681881 0 0 0 0 0 0 0 
_1.ptx 231 : 334611 1987548 0 0 0 0 0 0 4080 
_1.ptx 1973 : 6681 41757 0 255 255 0 0 0 0 
_1.ptx 233 : 4131 41332 0 0 0 0 0 0 0 
_1.ptx 1975 : 6681 41789 0 255 255 0 0 0 0 
_1.ptx 1976 : 6681 66810 0 0 0 0 0 0 0 
_1.ptx 235 : 4131 41323 0 0 0 0 0 0 0 
_1.ptx 1977 : 6681 66810 0 0 0 0 0 0 0 
_1.ptx 1978 : 6681 66842 0 0 0 0 0 0 0 
_1.ptx 1979 : 6681 53448 0 0 0 0 0 0 0 
_1.ptx 238 : 334611 3683281 0 0 0 0 0 0 0 
_1.ptx 1980 : 6681 0 0 0 0 0 0 0 0 
_1.ptx 239 : 334611 3684435 0 0 0 0 0 0 0 
_1.ptx 240 : 334611 3349535 0 0 0 0 0 0 0 
_1.ptx 1982 : 26112 156704 0 0 0 0 0 0 0 
_1.ptx 241 : 334611 3695825 0 0 0 0 0 0 0 
_1.ptx 1983 : 26112 156672 0 0 0 0 0 0 0 
_1.ptx 242 : 334611 3682258 0 0 0 0 0 0 0 
_1.ptx 243 : 334611 2345861 0 0 0 0 0 0 0 
_1.ptx 1985 : 26112 156672 0 0 0 0 0 0 0 
_1.ptx 244 : 334611 3367615 0 0 0 0 0 0 0 
_1.ptx 1986 : 26112 156366 0 0 0 0 0 0 51 
_1.ptx 245 : 334611 3681682 0 0 0 0 0 0 0 
_1.ptx 1987 : 51 306 0 0 0 0 0 0 0 
_1.ptx 246 : 334611 84655100 1815424 0 0 24502 10506 0 0 
_1.ptx 1988 : 51 408 0 0 0 0 0 0 0 
_1.ptx 247 : 334611 1705728 1339872 0 0 10506 10506 0 0 
_1.ptx 1989 : 51 0 0 0 0 0 0 0 0 
_1.ptx 248 : 334611 3348703 0 0 0 0 0 0 0 
_1.ptx 1990 : 51 357 0 0 0 0 0 0 0 
_1.ptx 249 : 334611 3348702 0 0 0 0 0 0 0 
_1.ptx 1991 : 51 306 0 0 0 0 0 0 0 
_1.ptx 250 : 334611 2679672 0 0 0 0 0 0 0 
_1.ptx 1992 : 51 357 0 0 0 0 0 0 0 
_1.ptx 251 : 334611 1854258 0 0 0 0 0 0 51 
_1.ptx 1993 : 51 306 0 0 0 0 0 0 0 
_1.ptx 1994 : 51 306 0 0 0 0 0 0 0 
_1.ptx 1995 : 51 306 0 0 0 0 0 0 0 
_1.ptx 254 : 26112 157152 0 0 0 0 0 0 0 
_1.ptx 1996 : 51 357 0 0 0 0 0 0 0 
_1.ptx 256 : 26112 104896 0 0 0 0 0 0 0 
_1.ptx 257 : 26112 104832 0 0 0 0 0 0 0 
_1.ptx 1999 : 6681 53448 0 6681 6681 0 0 0 0 
_1.ptx 258 : 26112 182848 0 0 0 0 0 0 0 
_1.ptx 2000 : 6681 53448 0 0 0 0 0 0 0 
_1.ptx 259 : 26112 262208 0 0 0 0 0 0 0 
_1.ptx 2001 : 6681 39780 0 0 0 0 0 0 0 
_1.ptx 260 : 26112 287520 0 0 0 0 0 0 0 
_1.ptx 2002 : 51 408 0 51 51 0 0 0 0 
_1.ptx 261 : 26112 183424 0 0 0 0 0 0 0 
_1.ptx 2004 : 51 357 0 0 0 0 0 0 0 
_1.ptx 263 : 26112 182976 0 0 0 0 0 0 0 
_1.ptx 264 : 26112 78464 0 0 0 0 0 0 0 
_1.ptx 2006 : 51 561 0 0 0 0 0 0 0 
_1.ptx 265 : 26112 210400 0 0 0 0 0 0 0 
_1.ptx 2007 : 51 408 0 51 51 0 0 0 0 
_1.ptx 266 : 26112 0 0 0 0 0 0 0 0 
_1.ptx 267 : 26112 156672 0 0 0 0 0 0 0 
_1.ptx 2009 : 6681 66810 0 0 0 0 0 0 0 
_1.ptx 268 : 26112 287584 0 0 0 0 0 0 0 
_1.ptx 2010 : 6681 66810 0 0 0 0 0 0 0 
_1.ptx 269 : 26112 262144 0 0 0 0 0 0 0 
_1.ptx 2011 : 6681 66810 0 0 0 0 0 0 0 
_1.ptx 270 : 26112 184928 0 0 0 0 0 0 0 
_1.ptx 2012 : 6681 53448 0 0 0 0 0 0 0 
_1.ptx 271 : 26112 158208 0 0 0 0 0 0 0 
_1.ptx 2013 : 6681 39780 0 0 0 0 0 0 0 
_1.ptx 272 : 26112 209024 0 0 0 0 0 0 0 
_1.ptx 2014 : 51 306 0 0 0 0 0 0 0 
_1.ptx 273 : 26112 287552 0 0 0 0 0 0 0 
_1.ptx 274 : 26112 184800 0 0 0 0 0 0 0 
_1.ptx 275 : 26112 184576 0 0 0 0 0 0 0 
_1.ptx 276 : 26112 264640 0 0 0 0 0 0 0 
_1.ptx 277 : 26112 287264 0 0 0 0 0 0 0 
_1.ptx 2019 : 51 510 0 0 0 0 0 0 0 
_1.ptx 278 : 26112 78336 0 0 0 0 0 0 0 
_1.ptx 2020 : 51 408 0 0 0 0 0 0 0 
_1.ptx 279 : 26112 184576 0 0 0 0 0 0 0 
_1.ptx 2021 : 51 510 0 0 0 0 0 0 0 
_1.ptx 2023 : 51 7752 0 0 0 0 0 0 0 
_1.ptx 2024 : 51 306 0 0 0 0 0 0 0 
_1.ptx 283 : 132651 1328462 0 0 0 0 0 0 0 
_1.ptx 2025 : 51 408 0 0 0 0 0 0 0 
_1.ptx 284 : 132651 1061400 0 0 0 0 0 0 0 
_1.ptx 2026 : 51 306 0 0 0 0 0 0 0 
_1.ptx 285 : 132651 1331287 0 0 0 0 0 0 0 
_1.ptx 287 : 132651 20268225 0 0 0 0 0 0 0 
_1.ptx 288 : 132651 795938 0 0 0 0 0 0 0 
_1.ptx 289 : 132651 1061496 0 0 0 0 0 0 0 
_1.ptx 290 : 132651 780300 0 0 0 0 0 0 2601 
_1.ptx 2033 : 51 561 0 0 0 0 0 0 0 
_1.ptx 292 : 2601 26012 0 0 0 0 0 0 0 
_1.ptx 2034 : 51 8413 640 0 0 51 51 0 0 
_1.ptx 2035 : 51 153 0 0 0 0 0 0 0 
_1.ptx 294 : 2601 26030 0 0 0 0 0 0 0 
_1.ptx 2036 : 51 561 0 0 0 0 0 0 0 
_1.ptx 2037 : 51 561 0 0 0 0 0 0 0 
_1.ptx 2038 : 51 561 0 0 0 0 0 0 0 
_1.ptx 297 : 132651 1459353 0 0 0 0 0 0 0 
_1.ptx 2039 : 51 510 0 0 0 0 0 0 0 
_1.ptx 298 : 132651 1338478 0 0 0 0 0 0 0 
_1.ptx 2040 : 51 255 1632 0 0 51 51 0 0 
_1.ptx 299 : 132651 1462909 0 0 0 0 0 0 0 
_1.ptx 300 : 132651 1460793 0 0 0 0 0 0 0 
_1.ptx 2042 : 51 8555 640 0 0 51 51 0 0 
_1.ptx 301 : 132651 1465881 0 0 0 0 0 0 0 
_1.ptx 2043 : 51 561 0 0 0 0 0 0 0 
_1.ptx 302 : 132651 930381 0 0 0 0 0 0 0 
_1.ptx 2044 : 51 561 0 0 0 0 0 0 0 
_1.ptx 303 : 132651 1337998 0 0 0 0 0 0 0 
_1.ptx 2045 : 51 561 0 0 0 0 0 0 0 
_1.ptx 304 : 132651 1459225 0 0 0 0 0 0 0 
_1.ptx 2046 : 51 510 0 0 0 0 0 0 0 
_1.ptx 305 : 132651 35519414 527488 0 0 8326 4182 0 0 
_1.ptx 2047 : 51 255 1632 0 0 51 51 0 0 
_1.ptx 306 : 132651 663447 0 4182 4182 0 0 0 0 
_1.ptx 307 : 132651 1328302 0 0 0 0 0 0 0 
_1.ptx 308 : 132651 1326734 0 0 0 0 0 0 0 
_1.ptx 2050 : 26112 156672 0 0 0 0 0 0 0 
_1.ptx 309 : 132651 1062680 0 0 0 0 0 0 0 
_1.ptx 310 : 132651 639234 0 0 0 0 0 0 51 
_1.ptx 2052 : 52224 366208 0 0 0 0 0 0 0 
_1.ptx 2053 : 52224 314400 0 0 0 0 0 0 0 
_1.ptx 312 : 26112 156672 0 0 0 0 0 0 0 
_1.ptx 2054 : 52224 313344 0 0 0 0 0 0 0 
_1.ptx 2055 : 52224 418048 0 0 0 0 0 0 0 
_1.ptx 314 : 26112 156704 0 0 0 0 0 0 0 
_1.ptx 2056 : 52224 382304 0 0 0 0 0 0 0 
_1.ptx 2057 : 52224 580704 0 0 0 0 0 0 0 
_1.ptx 316 : 26112 183872 0 0 0 0 0 0 0 
_1.ptx 2058 : 52224 365760 0 0 0 0 0 0 0 
_1.ptx 317 : 26112 79200 0 0 0 0 0 0 0 
_1.ptx 2059 : 52224 0 0 0 0 0 0 0 0 
_1.ptx 318 : 26112 210528 0 0 0 0 0 0 0 
_1.ptx 2060 : 52224 365952 0 0 0 0 0 0 0 
_1.ptx 319 : 26112 0 0 0 0 0 0 0 0 
_1.ptx 2061 : 52224 523232 0 0 0 0 0 0 0 
_1.ptx 320 : 26112 288224 0 0 0 0 0 0 0 
_1.ptx 2062 : 52224 574592 0 0 0 0 0 0 0 
_1.ptx 321 : 26112 261440 0 0 0 0 0 0 0 
_1.ptx 2063 : 52224 313344 0 0 0 0 0 0 0 
_1.ptx 322 : 26112 184128 0 0 0 0 0 0 0 
_1.ptx 2064 : 52224 417952 0 0 0 0 0 0 0 
_1.ptx 323 : 26112 158464 0 0 0 0 0 0 0 
_1.ptx 2065 : 52224 365632 0 0 0 0 0 0 0 
_1.ptx 324 : 26112 211104 0 0 0 0 0 0 0 
_1.ptx 2066 : 52224 418080 0 0 0 0 0 0 0 
_1.ptx 325 : 26112 287840 0 0 0 0 0 0 0 
_1.ptx 2067 : 52224 313344 0 0 0 0 0 0 0 
_1.ptx 326 : 26112 184544 0 0 0 0 0 0 0 
_1.ptx 2068 : 52224 419712 0 0 0 0 0 0 0 
_1.ptx 327 : 26112 185376 0 0 0 0 0 0 0 
_1.ptx 2069 : 52224 313344 0 0 0 0 0 0 0 
_1.ptx 328 : 26112 267168 0 0 0 0 0 0 0 
_1.ptx 329 : 26112 111680 0 0 0 0 0 0 0 
_1.ptx 330 : 26112 287232 0 0 0 0 0 0 0 
_1.ptx 331 : 26112 236896 128 0 0 0 0 0 0 
_1.ptx 332 : 26112 80096 0 0 0 0 0 0 0 
_1.ptx 333 : 26112 81504 0 0 0 0 0 0 0 
_1.ptx 334 : 26112 79712 0 0 0 0 0 0 0 
_1.ptx 335 : 26112 183104 0 0 0 0 0 0 0 
_1.ptx 339 : 875211 8796686 0 0 0 0 0 0 0 
_1.ptx 340 : 875211 7021715 0 0 0 0 0 0 0 
_1.ptx 341 : 875211 6190078 0 0 0 0 0 0 0 
_1.ptx 343 : 875211 133041928 0 0 0 0 0 0 0 
_1.ptx 344 : 875211 8772558 0 0 0 0 0 0 0 
_1.ptx 345 : 875211 5370934 0 0 0 0 0 0 0 
_1.ptx 346 : 875211 7024901 0 0 0 0 0 0 0 
_1.ptx 347 : 875211 5226213 0 0 0 0 0 0 6681 
_1.ptx 349 : 6681 46890 0 0 0 0 0 0 0 
_1.ptx 351 : 6681 47028 0 0 0 0 0 0 0 
_1.ptx 354 : 875211 9654873 0 0 0 0 0 0 0 
_1.ptx 355 : 875211 8799566 0 0 0 0 0 0 0 
_1.ptx 356 : 875211 9654521 0 0 0 0 0 0 0 
_1.ptx 357 : 875211 7030935 0 0 0 0 0 0 0 
_1.ptx 358 : 875211 8879615 0 0 0 0 0 0 0 
_1.ptx 359 : 875211 5303613 0 0 0 0 0 0 0 
_1.ptx 360 : 875211 7918691 0 0 0 0 0 0 0 
_1.ptx 361 : 875211 6201807 0 0 0 0 0 0 0 
_1.ptx 362 : 875211 7030849 0 0 0 0 0 0 0 
_1.ptx 363 : 875211 7908364 0 0 0 0 0 0 0 
_1.ptx 364 : 875211 7069678 0 0 0 0 0 0 0 
_1.ptx 365 : 875211 0 0 0 0 0 0 0 0 
_1.ptx 366 : 875211 2677619 0 0 0 0 0 0 0 
_1.ptx 367 : 875211 9634233 0 0 0 0 0 0 0 
_1.ptx 368 : 875211 8782478 0 0 0 0 0 0 0 
_1.ptx 369 : 875211 2651329 0 0 0 0 0 0 0 
_1.ptx 370 : 875211 7032261 0 0 0 0 0 0 0 
_1.ptx 371 : 875211 7882819 0 0 0 0 0 0 0 
_1.ptx 372 : 875211 9646306 0 0 0 0 0 0 0 
_1.ptx 373 : 875211 8770542 0 0 0 0 0 0 0 
_1.ptx 374 : 875211 2642497 0 0 0 0 0 0 0 
_1.ptx 375 : 875211 9646918 0 0 0 0 0 0 0 
_1.ptx 376 : 875211 7089816 0 0 0 0 0 0 0 
_1.ptx 377 : 875211 8815031 0 0 0 0 0 0 0 
_1.ptx 378 : 875211 8802743 0 0 0 0 0 0 0 
_1.ptx 379 : 875211 5395086 0 0 0 0 0 0 0 
_1.ptx 380 : 875211 7919843 0 0 0 0 0 0 0 
_1.ptx 381 : 875211 7174090 0 0 0 0 0 0 0 
_1.ptx 382 : 875211 5452010 0 0 0 0 0 0 0 
_1.ptx 383 : 875211 6253562 0 0 0 0 0 0 0 
_1.ptx 386 : 27599211 0 0 0 0 0 0 0 0 
_1.ptx 387 : 27599211 304164150 0 0 0 0 0 0 0 
_1.ptx 388 : 27599211 279833057 0 0 0 0 0 0 0 
_1.ptx 389 : 27599211 307473129 0 0 0 0 0 0 0 
_1.ptx 390 : 27599211 310835916 0 0 0 0 0 0 0 
_1.ptx 391 : 27599211 339008032 0 0 0 0 0 0 0 
_1.ptx 392 : 27599211 341642313 0 0 0 0 0 0 0 
_1.ptx 393 : 27599211 256652195 0 0 0 0 0 0 0 
_1.ptx 394 : 27599211 307079618 0 0 0 0 0 0 0 
_1.ptx 395 : 27599211 304112427 0 0 0 0 0 0 0 
_1.ptx 396 : 27599211 303660733 0 0 0 0 0 0 0 
_1.ptx 397 : 27599211 113693534 0 0 0 0 0 0 0 
_1.ptx 398 : 27599211 276320866 0 0 0 0 0 0 0 
_1.ptx 399 : 27599211 305028204 0 0 0 0 0 0 0 
_1.ptx 400 : 27599211 304612210 0 0 0 0 0 0 0 
_1.ptx 401 : 27599211 303670669 0 0 0 0 0 0 0 
_1.ptx 402 : 27599211 304434630 0 0 0 0 0 0 0 
_1.ptx 403 : 27599211 308939845 0 0 0 0 0 0 0 
_1.ptx 404 : 27599211 195631766 0 0 0 0 0 0 0 
_1.ptx 405 : 27599211 279619953 0 0 0 0 0 0 0 
_1.ptx 406 : 27599211 306203886 0 0 0 0 0 0 0 
_1.ptx 407 : 27599211 193911053 0 0 0 0 0 0 0 
_1.ptx 408 : 27599211 276418734 0 0 0 0 0 0 0 
_1.ptx 409 : 27599211 303971889 0 0 0 0 0 0 0 
_1.ptx 410 : 27599211 194287101 0 0 0 0 0 0 0 
_1.ptx 414 : 870323211 4950861437 891264 0 0 54557046 35941740 0 0 
_1.ptx 415 : 870323211 7506845625 0 36316794 35941740 0 0 0 0 
_1.ptx 416 : 870323211 11334378282 0 0 0 0 0 0 0 
_1.ptx 417 : 870323211 8707704639 0 0 0 0 0 0 0 
_1.ptx 418 : 870323211 8720495781 0 0 0 0 0 0 0 
_1.ptx 419 : 870323211 8721767809 0 0 0 0 0 0 0 
_1.ptx 420 : 870323211 7000541625 0 0 0 0 0 0 0 
_1.ptx 421 : 870323211 5114002388 0 0 0 0 0 0 18944970 
_1.ptx 2164 : 52224 313344 0 0 0 0 0 0 0 
_1.ptx 423 : 27599211 276311245 0 0 0 0 0 0 0 
_1.ptx 424 : 27599211 221565380 0 0 0 0 0 0 0 
_1.ptx 425 : 27599211 161192455 0 0 0 0 0 0 4947 
_1.ptx 426 : 875211 5296290 0 0 0 0 0 0 0 
_1.ptx 431 : 875211 4390199 3502272 0 0 27387 27387 0 0 
_1.ptx 432 : 875211 8755662 0 0 0 0 0 0 0 
_1.ptx 433 : 875211 8763214 0 0 0 0 0 0 0 
_1.ptx 434 : 875211 7022478 0 0 0 0 0 0 0 
_1.ptx 435 : 875211 5168562 0 0 0 0 0 0 51 
_1.ptx 436 : 26112 158240 0 0 0 0 0 0 0 
_1.ptx 441 : 26112 162368 0 0 0 0 0 0 0 
_1.ptx 443 : 26112 183072 0 0 0 0 0 0 0 
_1.ptx 444 : 26112 78336 0 0 0 0 0 0 0 
_1.ptx 445 : 26112 208960 0 0 0 0 0 0 0 
_1.ptx 446 : 26112 0 0 0 0 0 0 0 0 
_1.ptx 447 : 26112 287456 0 0 0 0 0 0 0 
_1.ptx 448 : 26112 261344 0 0 0 0 0 0 0 
_1.ptx 449 : 26112 183424 0 0 0 0 0 0 0 
_1.ptx 450 : 26112 156768 0 0 0 0 0 0 0 
_1.ptx 451 : 26112 208960 0 0 0 0 0 0 0 
_1.ptx 452 : 26112 287488 0 0 0 0 0 0 0 
_1.ptx 453 : 26112 183136 0 0 0 0 0 0 0 
_1.ptx 454 : 26112 183104 0 0 0 0 0 0 0 
_1.ptx 455 : 26112 78336 0 0 0 0 0 0 0 
_1.ptx 456 : 26112 263040 0 0 0 0 0 0 0 
_1.ptx 457 : 26112 264640 0 0 0 0 0 0 0 
_1.ptx 458 : 26112 567712 3328 0 0 0 0 0 0 
_1.ptx 459 : 26112 287264 0 0 0 0 0 0 0 
_1.ptx 460 : 26112 78336 0 0 0 0 0 0 0 
_1.ptx 461 : 26112 183264 0 0 0 0 0 0 0 
_1.ptx 465 : 1707939 17098577 0 0 0 0 0 0 0 
_1.ptx 466 : 1707939 13670953 0 0 0 0 0 0 0 
_1.ptx 467 : 1707939 17093984 0 0 0 0 0 0 0 
_1.ptx 469 : 1707939 259872744 0 0 0 0 0 0 0 
_1.ptx 470 : 1707939 10248402 0 0 0 0 0 0 0 
_1.ptx 471 : 1707939 13672120 0 0 0 0 0 0 0 
_1.ptx 472 : 1707939 10191636 0 0 0 0 0 0 9333 
_1.ptx 474 : 9333 93368 0 0 0 0 0 0 0 
_1.ptx 476 : 9333 93457 0 0 0 0 0 0 0 
_1.ptx 479 : 1707939 13673929 0 0 0 0 0 0 0 
_1.ptx 480 : 1707939 2855986 0 0 0 0 0 0 18105 
_1.ptx 481 : 1231956 3696217 0 0 0 0 0 0 0 
_1.ptx 482 : 1231956 13559212 0 0 0 0 0 0 0 
_1.ptx 483 : 1231956 9860313 0 0 0 0 0 0 0 
_1.ptx 484 : 1231956 2855898 0 0 0 0 0 0 9027 
_1.ptx 485 : 755973 2268039 0 0 0 0 0 0 0 
_1.ptx 486 : 755973 7566910 0 0 0 0 0 0 0 
_1.ptx 487 : 755973 6051430 0 0 0 0 0 0 0 
_1.ptx 488 : 755973 1264086 0 0 0 0 0 0 0 
_1.ptx 489 : 545292 1636078 0 0 0 0 0 0 0 
_1.ptx 490 : 545292 6002380 0 0 0 0 0 0 0 
_1.ptx 491 : 545292 4364955 0 0 0 0 0 0 0 
_1.ptx 492 : 545292 1264086 0 0 0 0 0 0 0 
_1.ptx 494 : 334611 1344175 0 0 0 0 0 0 0 
_1.ptx 495 : 334611 3682099 0 0 0 0 0 0 0 
_1.ptx 496 : 334611 3706394 0 0 0 0 0 0 0 
_1.ptx 497 : 334611 3683055 0 0 0 0 0 0 0 
_1.ptx 498 : 334611 3685200 0 0 0 0 0 0 0 
_1.ptx 499 : 334611 2347484 0 0 0 0 0 0 0 
_1.ptx 500 : 334611 3372283 0 0 0 0 0 0 0 
_1.ptx 501 : 334611 3688472 0 0 0 0 0 0 0 
_1.ptx 502 : 334611 70503228 995712 0 0 24174 14433 0 0 
_1.ptx 503 : 334611 1677128 825056 0 0 14433 14433 0 0 
_1.ptx 504 : 334611 2007666 0 0 0 0 0 0 0 
_1.ptx 508 : 1373328 8239968 0 0 0 0 0 0 0 
_1.ptx 509 : 1373328 6891037 6116064 0 0 66096 66096 0 0 
_1.ptx 511 : 1707939 17096734 0 0 0 0 0 0 0 
_1.ptx 512 : 1707939 17094607 0 0 0 0 0 0 0 
_1.ptx 513 : 1707939 13669624 0 0 0 0 0 0 0 
_1.ptx 514 : 1707939 10091378 0 0 0 0 0 0 51 
_1.ptx 517 : 26112 156672 0 0 0 0 0 0 0 
_1.ptx 519 : 26112 183072 0 0 0 0 0 0 0 
_1.ptx 520 : 26112 1857792 0 0 0 0 0 0 0 
_1.ptx 521 : 26112 209088 0 0 0 0 0 0 0 
_1.ptx 522 : 26112 100674 0 0 0 0 0 0 51 
_1.ptx 523 : 9333 102663 0 0 0 0 0 0 0 
_1.ptx 524 : 9333 93330 0 0 0 0 0 0 0 
_1.ptx 525 : 9333 65331 0 0 0 0 0 0 0 
_1.ptx 526 : 9333 55998 0 0 0 0 0 0 0 
_1.ptx 527 : 9333 74664 0 0 0 0 0 0 0 
_1.ptx 528 : 9333 102663 0 0 0 0 0 0 0 
_1.ptx 529 : 9333 65331 0 0 0 0 0 0 0 
_1.ptx 530 : 9333 109025 0 0 0 0 0 0 0 
_1.ptx 531 : 9333 107751 0 0 0 0 0 0 0 
_1.ptx 532 : 9333 109639 0 0 0 0 0 0 0 
_1.ptx 533 : 9333 65363 0 0 0 0 0 0 0 
_1.ptx 537 : 9333 65331 0 0 0 0 0 0 0 
_1.ptx 538 : 9333 65363 0 0 0 0 0 0 0 
_1.ptx 539 : 9333 102663 0 0 0 0 0 0 0 
_1.ptx 540 : 9333 74696 0 0 0 0 0 0 0 
_1.ptx 541 : 9333 0 0 0 0 0 0 0 0 
_1.ptx 542 : 9333 65331 0 0 0 0 0 0 0 
_1.ptx 543 : 9333 77035 0 0 0 0 0 0 0 
_1.ptx 544 : 9333 65363 0 0 0 0 0 0 0 
_1.ptx 545 : 9333 94962 0 0 0 0 0 0 0 
_1.ptx 546 : 9333 102727 0 0 0 0 0 0 0 
_1.ptx 547 : 9333 55998 0 0 0 0 0 0 0 
_1.ptx 548 : 9333 66963 0 0 0 0 0 0 0 
_1.ptx 552 : 1707939 1624233928 6381568 0 0 1707939 55998 0 0 
_1.ptx 553 : 1707939 18787329 0 0 0 0 0 0 0 
_1.ptx 554 : 1707939 465972375 0 0 0 1707939 55998 0 0 
_1.ptx 556 : 1707939 12313426 0 0 0 0 0 0 0 
_1.ptx 557 : 1707939 17096409 0 0 0 0 0 0 0 
_1.ptx 558 : 1707939 17079491 0 0 0 0 0 0 0 
_1.ptx 559 : 1707939 13669152 0 0 0 0 0 0 0 
_1.ptx 560 : 1707939 10191636 0 0 0 0 0 0 0 
_1.ptx 562 : 9333 93330 0 0 0 0 0 0 0 
_1.ptx 563 : 9333 102663 0 0 0 0 0 0 0 
_1.ptx 564 : 9333 74696 0 0 0 0 0 0 0 
_1.ptx 565 : 9333 0 0 0 0 0 0 0 0 
_1.ptx 568 : 26112 156672 0 0 0 0 0 0 0 
_1.ptx 570 : 26112 182848 0 0 0 0 0 0 0 
_1.ptx 571 : 26112 78336 0 0 0 0 0 0 0 
_1.ptx 572 : 26112 209088 0 0 0 0 0 0 0 
_1.ptx 573 : 26112 0 0 0 0 0 0 0 0 
_1.ptx 574 : 26112 287424 0 0 0 0 0 0 0 
_1.ptx 575 : 26112 261472 0 0 0 0 0 0 0 
_1.ptx 576 : 26112 183328 0 0 0 0 0 0 0 
_1.ptx 577 : 26112 156672 0 0 0 0 0 0 0 
_1.ptx 578 : 26112 209600 0 0 0 0 0 0 0 
_1.ptx 579 : 26112 287264 0 0 0 0 0 0 0 
_1.ptx 580 : 26112 184480 0 0 0 0 0 0 0 
_1.ptx 581 : 26112 184096 0 0 0 0 0 0 0 
_1.ptx 582 : 26112 269536 0 0 0 0 0 0 0 
_1.ptx 583 : 26112 129312 0 0 0 0 0 0 0 
_1.ptx 584 : 26112 128352 0 0 0 0 0 0 0 
_1.ptx 585 : 26112 287328 0 0 0 0 0 0 0 
_1.ptx 586 : 26112 80000 0 0 0 0 0 0 0 
_1.ptx 587 : 26112 78592 0 0 0 0 0 0 0 
_1.ptx 588 : 26112 79264 0 0 0 0 0 0 0 
_1.ptx 589 : 26112 79136 0 0 0 0 0 0 0 
_1.ptx 590 : 26112 183040 0 0 0 0 0 0 0 
_1.ptx 594 : 1222623 12231963 0 0 0 0 0 0 0 
_1.ptx 595 : 1222623 9781816 0 0 0 0 0 0 0 
_1.ptx 596 : 1222623 12230742 0 0 0 0 0 0 0 
_1.ptx 598 : 1222623 187150546 0 0 0 0 0 0 0 
_1.ptx 599 : 1222623 7335834 0 0 0 0 0 0 0 
_1.ptx 600 : 1222623 9787933 0 0 0 0 0 0 0 
_1.ptx 601 : 1222623 7279740 0 0 0 0 0 0 9333 
_1.ptx 603 : 9333 93332 0 0 0 0 0 0 0 
_1.ptx 605 : 9333 93432 0 0 0 0 0 0 0 
_1.ptx 608 : 1222623 13452117 0 0 0 0 0 0 0 
_1.ptx 609 : 1222623 13465331 0 0 0 0 0 0 0 
_1.ptx 610 : 1222623 12333942 0 0 0 0 0 0 0 
_1.ptx 611 : 1222623 13515967 0 0 0 0 0 0 0 
_1.ptx 612 : 1222623 13457781 0 0 0 0 0 0 0 
_1.ptx 613 : 1222623 8578041 0 0 0 0 0 0 0 
_1.ptx 614 : 1222623 12348223 0 0 0 0 0 0 0 
_1.ptx 615 : 1222623 13451797 0 0 0 0 0 0 0 
_1.ptx 616 : 1222623 350425196 5799680 0 0 85221 38250 0 0 
_1.ptx 617 : 1222623 6118587 4891104 0 0 38250 38250 0 0 
_1.ptx 618 : 1222623 12232950 0 0 0 0 0 0 0 
_1.ptx 619 : 1222623 12232758 0 0 0 0 0 0 0 
_1.ptx 620 : 1222623 9791000 0 0 0 0 0 0 0 
_1.ptx 621 : 1222623 7179066 0 0 0 0 0 0 51 
_1.ptx 624 : 26112 156672 0 0 0 0 0 0 0 
_1.ptx 626 : 26112 182976 0 0 0 0 0 0 0 
_1.ptx 627 : 26112 225632 128 0 0 0 0 0 0 
_1.ptx 628 : 26112 208960 0 0 0 0 0 0 0 
_1.ptx 629 : 26112 0 0 0 0 0 0 0 0 
_1.ptx 630 : 26112 287328 0 0 0 0 0 0 0 
_1.ptx 631 : 26112 261440 0 0 0 0 0 0 0 
_1.ptx 632 : 26112 185152 0 0 0 0 0 0 0 
_1.ptx 633 : 26112 156704 0 0 0 0 0 0 0 
_1.ptx 634 : 26112 208992 0 0 0 0 0 0 0 
_1.ptx 635 : 26112 287264 0 0 0 0 0 0 0 
_1.ptx 636 : 26112 183680 0 0 0 0 0 0 0 
_1.ptx 637 : 26112 184192 0 0 0 0 0 0 0 
_1.ptx 638 : 26112 265248 0 0 0 0 0 0 0 
_1.ptx 639 : 26112 105856 0 0 0 0 0 0 0 
_1.ptx 640 : 26112 105248 0 0 0 0 0 0 0 
_1.ptx 641 : 26112 287296 0 0 0 0 0 0 0 
_1.ptx 642 : 26112 78688 0 0 0 0 0 0 0 
_1.ptx 643 : 26112 78592 0 0 0 0 0 0 0 
_1.ptx 644 : 26112 78784 0 0 0 0 0 0 0 
_1.ptx 645 : 26112 78496 0 0 0 0 0 0 0 
_1.ptx 646 : 26112 183072 0 0 0 0 0 0 0 
_1.ptx 650 : 1222623 12234038 0 0 0 0 0 0 0 
_1.ptx 651 : 1222623 9784061 0 0 0 0 0 0 0 
_1.ptx 652 : 1222623 12247742 0 0 0 0 0 0 0 
_1.ptx 654 : 1222623 186450679 0 0 0 0 0 0 0 
_1.ptx 655 : 1222623 7338426 0 0 0 0 0 0 0 
_1.ptx 656 : 1222623 9788312 0 0 0 0 0 0 0 
_1.ptx 657 : 1222623 7279740 0 0 0 0 0 0 9333 
_1.ptx 659 : 9333 93407 0 0 0 0 0 0 0 
_1.ptx 661 : 9333 93427 0 0 0 0 0 0 0 
_1.ptx 664 : 1222623 13450837 0 0 0 0 0 0 0 
_1.ptx 665 : 1222623 13453370 0 0 0 0 0 0 0 
_1.ptx 666 : 1222623 12284054 0 0 0 0 0 0 0 
_1.ptx 667 : 1222623 13584794 0 0 0 0 0 0 0 
_1.ptx 668 : 1222623 13452949 0 0 0 0 0 0 0 
_1.ptx 669 : 1222623 8642745 0 0 0 0 0 0 0 
_1.ptx 670 : 1222623 12393931 0 0 0 0 0 0 0 
_1.ptx 671 : 1222623 13451551 0 0 0 0 0 0 0 
_1.ptx 672 : 1222623 334606806 5745024 0 0 80478 38250 0 0 
_1.ptx 673 : 1222623 6123995 4891104 0 0 38250 38250 0 0 
_1.ptx 674 : 1222623 12455737 0 0 0 0 0 0 0 
_1.ptx 675 : 1222623 12231574 0 0 0 0 0 0 0 
_1.ptx 676 : 1222623 9785437 0 0 0 0 0 0 0 
_1.ptx 677 : 1222623 7179066 0 0 0 0 0 0 51 
_1.ptx 678 : 26112 156672 0 0 0 0 0 0 0 
_1.ptx 683 : 26112 156672 0 0 0 0 0 0 0 
_1.ptx 685 : 26112 183072 0 0 0 0 0 0 0 
_1.ptx 686 : 26112 0 0 0 0 0 0 0 0 
_1.ptx 687 : 26112 287520 0 0 0 0 0 0 0 
_1.ptx 688 : 26112 262016 0 0 0 0 0 0 0 
_1.ptx 689 : 26112 187136 0 0 0 0 0 0 0 
_1.ptx 690 : 26112 156672 0 0 0 0 0 0 0 
_1.ptx 691 : 26112 209504 0 0 0 0 0 0 0 
_1.ptx 692 : 26112 287264 0 0 0 0 0 0 0 
_1.ptx 693 : 26112 183072 0 0 0 0 0 0 0 
_1.ptx 694 : 26112 192672 0 0 0 0 0 0 0 
_1.ptx 695 : 26112 277184 0 0 0 0 0 0 0 
_1.ptx 696 : 26112 104480 0 0 0 0 0 0 0 
_1.ptx 697 : 26112 104512 0 0 0 0 0 0 0 
_1.ptx 698 : 26112 287232 0 0 0 0 0 0 0 
_1.ptx 699 : 26112 289472 0 0 0 0 0 0 0 
_1.ptx 700 : 26112 182880 0 0 0 0 0 0 0 
_1.ptx 704 : 1222623 342657455 4896000 0 0 38250 38250 0 0 
_1.ptx 705 : 1222623 344864614 4894848 0 0 38250 38250 0 0 
_1.ptx 706 : 1222623 13449589 0 0 0 0 0 0 0 
_1.ptx 707 : 1222623 6397875 0 0 0 38250 38250 0 0 
_1.ptx 708 : 1222623 12227094 0 0 0 0 0 0 0 
_1.ptx 709 : 1222623 12226230 0 0 0 0 0 0 0 
_1.ptx 710 : 1222623 12235803 0 0 0 0 0 0 0 
_1.ptx 711 : 1222623 9781336 0 0 0 0 0 0 0 
_1.ptx 712 : 1222623 7179066 0 0 0 0 0 0 51 
_1.ptx 715 : 26112 156672 0 0 0 0 0 0 0 
_1.ptx 717 : 26112 183424 0 0 0 0 0 0 0 
_1.ptx 718 : 26112 209344 0 0 0 0 0 0 0 
_1.ptx 719 : 26112 116586 0 0 0 0 0 0 51 
_1.ptx 720 : 6681 73491 0 0 0 0 0 0 0 
_1.ptx 721 : 6681 66810 0 0 0 0 0 0 0 
_1.ptx 722 : 6681 46767 0 0 0 0 0 0 0 
_1.ptx 723 : 6681 40086 0 0 0 0 0 0 0 
_1.ptx 724 : 6681 53448 0 0 0 0 0 0 0 
_1.ptx 725 : 6681 73555 0 0 0 0 0 0 0 
_1.ptx 726 : 6681 46767 0 0 0 0 0 0 0 
_1.ptx 727 : 6681 46767 0 0 0 0 0 0 0 
_1.ptx 731 : 6681 46831 0 0 0 0 0 0 0 
_1.ptx 732 : 6681 73587 0 0 0 0 0 0 0 
_1.ptx 733 : 6681 53480 0 0 0 0 0 0 0 
_1.ptx 734 : 6681 0 0 0 0 0 0 0 0 
_1.ptx 735 : 6681 46767 0 0 0 0 0 0 0 
_1.ptx 736 : 6681 68786 0 0 0 0 0 0 0 
_1.ptx 737 : 6681 26724 0 0 0 0 0 0 0 
_1.ptx 738 : 6681 46770 0 0 0 0 0 0 0 
_1.ptx 739 : 6681 68803 0 0 0 0 0 0 0 
_1.ptx 740 : 6681 73494 0 0 0 0 0 0 0 
_1.ptx 741 : 6681 40118 0 0 0 0 0 0 0 
_1.ptx 745 : 1222623 335549261 6739072 0 0 83385 46665 0 0 
_1.ptx 746 : 1222623 13457171 0 0 0 0 0 0 0 
_1.ptx 747 : 1222623 7449664 0 0 0 83385 46665 0 0 
_1.ptx 749 : 1222623 9119823 0 0 0 0 0 0 0 
_1.ptx 750 : 1222623 13454617 0 0 0 0 0 0 0 
_1.ptx 751 : 1222623 13500368 0 0 0 0 0 0 0 
_1.ptx 752 : 1222623 9801776 0 0 0 0 0 0 0 
_1.ptx 753 : 1222623 7295652 0 0 0 0 0 0 0 
_1.ptx 755 : 6681 66906 0 0 0 0 0 0 0 
_1.ptx 756 : 6681 53448 0 0 0 0 0 0 0 
_1.ptx 757 : 6681 0 0 0 0 0 0 0 0 
_1.ptx 760 : 26112 156672 0 0 0 0 0 0 0 
_1.ptx 762 : 26112 183008 0 0 0 0 0 0 0 
_1.ptx 763 : 26112 78400 0 0 0 0 0 0 0 
_1.ptx 764 : 26112 209024 0 0 0 0 0 0 0 
_1.ptx 765 : 26112 0 0 0 0 0 0 0 0 
_1.ptx 766 : 26112 287264 0 0 0 0 0 0 0 
_1.ptx 767 : 26112 261440 0 0 0 0 0 0 0 
_1.ptx 768 : 26112 182976 0 0 0 0 0 0 0 
_1.ptx 769 : 26112 156800 0 0 0 0 0 0 0 
_1.ptx 770 : 26112 209024 0 0 0 0 0 0 0 
_1.ptx 771 : 26112 287584 0 0 0 0 0 0 0 
_1.ptx 772 : 26112 183040 0 0 0 0 0 0 0 
_1.ptx 773 : 26112 182944 0 0 0 0 0 0 0 
_1.ptx 774 : 26112 265024 0 0 0 0 0 0 0 
_1.ptx 775 : 26112 554080 3200 0 0 0 0 0 0 
_1.ptx 776 : 26112 105216 0 0 0 0 0 0 0 
_1.ptx 777 : 26112 287296 0 0 0 0 0 0 0 
_1.ptx 778 : 26112 78368 0 0 0 0 0 0 0 
_1.ptx 779 : 26112 78560 0 0 0 0 0 0 0 
_1.ptx 780 : 26112 78880 0 0 0 0 0 0 0 
_1.ptx 781 : 26112 182848 0 0 0 0 0 0 0 
_1.ptx 785 : 875211 8760782 0 0 0 0 0 0 0 
_1.ptx 786 : 875211 7007896 0 0 0 0 0 0 0 
_1.ptx 787 : 875211 8756526 0 0 0 0 0 0 0 
_1.ptx 789 : 875211 133496264 0 0 0 0 0 0 0 
_1.ptx 790 : 875211 5251458 0 0 0 0 0 0 0 
_1.ptx 791 : 875211 7005816 0 0 0 0 0 0 0 
_1.ptx 792 : 875211 5211180 0 0 0 0 0 0 6681 
_1.ptx 794 : 6681 66868 0 0 0 0 0 0 0 
_1.ptx 796 : 6681 66862 0 0 0 0 0 0 0 
_1.ptx 799 : 875211 9628537 0 0 0 0 0 0 0 
_1.ptx 800 : 875211 9634041 0 0 0 0 0 0 0 
_1.ptx 801 : 875211 8771223 0 0 0 0 0 0 0 
_1.ptx 802 : 875211 9671796 0 0 0 0 0 0 0 
_1.ptx 803 : 875211 9628889 0 0 0 0 0 0 0 
_1.ptx 804 : 875211 6128429 0 0 0 0 0 0 0 
_1.ptx 805 : 875211 8811629 0 0 0 0 0 0 0 
_1.ptx 806 : 875211 9629593 0 0 0 0 0 0 0 
_1.ptx 807 : 875211 232845451 3105152 0 0 54774 27387 0 0 
_1.ptx 808 : 875211 4382423 3502272 0 0 27387 27387 0 0 
_1.ptx 809 : 875211 8886702 0 0 0 0 0 0 0 
_1.ptx 810 : 875211 8763991 0 0 0 0 0 0 0 
_1.ptx 811 : 875211 7005368 0 0 0 0 0 0 0 
_1.ptx 812 : 875211 5094594 0 0 0 0 0 0 51 
_1.ptx 815 : 26112 156672 0 0 0 0 0 0 0 
_1.ptx 817 : 26112 182848 0 0 0 0 0 0 0 
_1.ptx 818 : 26112 232512 256 0 0 0 0 0 0 
_1.ptx 819 : 26112 208928 0 0 0 0 0 0 0 
_1.ptx 820 : 26112 0 0 0 0 0 0 0 0 
_1.ptx 821 : 26112 287296 0 0 0 0 0 0 0 
_1.ptx 822 : 26112 261440 0 0 0 0 0 0 0 
_1.ptx 823 : 26112 184512 0 0 0 0 0 0 0 
_1.ptx 824 : 26112 156768 0 0 0 0 0 0 0 
_1.ptx 825 : 26112 209056 0 0 0 0 0 0 0 
_1.ptx 826 : 26112 287232 0 0 0 0 0 0 0 
_1.ptx 827 : 26112 182784 0 0 0 0 0 0 0 
_1.ptx 828 : 26112 182816 0 0 0 0 0 0 0 
_1.ptx 829 : 26112 264960 0 0 0 0 0 0 0 
_1.ptx 830 : 26112 104704 0 0 0 0 0 0 0 
_1.ptx 831 : 26112 104960 0 0 0 0 0 0 0 
_1.ptx 832 : 26112 287392 0 0 0 0 0 0 0 
_1.ptx 833 : 26112 78496 0 0 0 0 0 0 0 
_1.ptx 834 : 26112 78464 0 0 0 0 0 0 0 
_1.ptx 835 : 26112 78400 0 0 0 0 0 0 0 
_1.ptx 836 : 26112 182848 0 0 0 0 0 0 0 
_1.ptx 840 : 875211 8753463 0 0 0 0 0 0 0 
_1.ptx 841 : 875211 7002776 0 0 0 0 0 0 0 
_1.ptx 842 : 875211 8757294 0 0 0 0 0 0 0 
_1.ptx 844 : 875211 133246946 0 0 0 0 0 0 0 
_1.ptx 845 : 875211 5251490 0 0 0 0 0 0 0 
_1.ptx 846 : 875211 7004504 0 0 0 0 0 0 0 
_1.ptx 847 : 875211 5211180 0 0 0 0 0 0 6681 
_1.ptx 849 : 6681 66813 0 0 0 0 0 0 0 
_1.ptx 851 : 6681 66842 0 0 0 0 0 0 0 
_1.ptx 854 : 875211 9628889 0 0 0 0 0 0 0 
_1.ptx 855 : 875211 9628633 0 0 0 0 0 0 0 
_1.ptx 856 : 875211 8775982 0 0 0 0 0 0 0 
_1.ptx 857 : 875211 9668705 0 0 0 0 0 0 0 
_1.ptx 858 : 875211 9631001 0 0 0 0 0 0 0 
_1.ptx 859 : 875211 6127501 0 0 0 0 0 0 0 
_1.ptx 860 : 875211 8800360 0 0 0 0 0 0 0 
_1.ptx 861 : 875211 9628089 0 0 0 0 0 0 0 
_1.ptx 862 : 875211 235892599 3331712 0 0 27387 27387 0 0 
_1.ptx 863 : 875211 4381079 3502272 0 0 27387 27387 0 0 
_1.ptx 864 : 875211 8753454 0 0 0 0 0 0 0 
_1.ptx 865 : 875211 8754894 0 0 0 0 0 0 0 
_1.ptx 866 : 875211 7002968 0 0 0 0 0 0 0 
_1.ptx 867 : 875211 5094594 0 0 0 0 0 0 51 
_1.ptx 870 : 26112 156672 0 0 0 0 0 0 0 
_1.ptx 872 : 26112 184096 0 0 0 0 0 0 0 
_1.ptx 873 : 26112 0 0 0 0 0 0 0 0 
_1.ptx 874 : 26112 287264 0 0 0 0 0 0 0 
_1.ptx 875 : 26112 261472 0 0 0 0 0 0 0 
_1.ptx 876 : 26112 185664 0 0 0 0 0 0 0 
_1.ptx 877 : 26112 156736 0 0 0 0 0 0 0 
_1.ptx 878 : 26112 208928 0 0 0 0 0 0 0 
_1.ptx 879 : 26112 287808 0 0 0 0 0 0 0 
_1.ptx 880 : 26112 183200 0 0 0 0 0 0 0 
_1.ptx 881 : 26112 185600 0 0 0 0 0 0 0 
_1.ptx 882 : 26112 268096 0 0 0 0 0 0 0 
_1.ptx 883 : 26112 104480 0 0 0 0 0 0 0 
_1.ptx 884 : 26112 104544 0 0 0 0 0 0 0 
_1.ptx 885 : 26112 287616 0 0 0 0 0 0 0 
_1.ptx 886 : 26112 287328 0 0 0 0 0 0 0 
_1.ptx 887 : 26112 182912 0 0 0 0 0 0 0 
_1.ptx 891 : 875211 242802411 3498880 0 0 27387 27387 0 0 
_1.ptx 892 : 875211 237988927 3301248 0 0 27387 27387 0 0 
_1.ptx 893 : 875211 9628761 0 0 0 0 0 0 0 
_1.ptx 894 : 875211 4379575 0 0 0 27387 27387 0 0 
_1.ptx 895 : 875211 8752174 0 0 0 0 0 0 0 
_1.ptx 896 : 875211 8752398 0 0 0 0 0 0 0 
_1.ptx 897 : 875211 8761998 0 0 0 0 0 0 0 
_1.ptx 898 : 875211 7003288 0 0 0 0 0 0 0 
_1.ptx 899 : 875211 5094594 0 0 0 0 0 0 51 
_1.ptx 902 : 26112 156704 0 0 0 0 0 0 0 
_1.ptx 904 : 26112 183008 0 0 0 0 0 0 0 
_1.ptx 905 : 26112 78336 0 0 0 0 0 0 0 
_1.ptx 906 : 26112 209056 0 0 0 0 0 0 0 
_1.ptx 907 : 26112 0 0 0 0 0 0 0 0 
_1.ptx 908 : 26112 287232 0 0 0 0 0 0 0 
_1.ptx 909 : 26112 261600 0 0 0 0 0 0 0 
_1.ptx 910 : 26112 183136 0 0 0 0 0 0 0 
_1.ptx 911 : 26112 157184 0 0 0 0 0 0 0 
_1.ptx 912 : 26112 209536 0 0 0 0 0 0 0 
_1.ptx 913 : 26112 287360 0 0 0 0 0 0 0 
_1.ptx 914 : 26112 182912 0 0 0 0 0 0 0 
_1.ptx 915 : 26112 183968 0 0 0 0 0 0 0 
_1.ptx 916 : 26112 264544 0 0 0 0 0 0 0 
_1.ptx 917 : 26112 105216 0 0 0 0 0 0 0 
_1.ptx 918 : 26112 104576 0 0 0 0 0 0 0 
_1.ptx 919 : 26112 287328 0 0 0 0 0 0 0 
_1.ptx 920 : 26112 287232 0 0 0 0 0 0 0 
_1.ptx 921 : 26112 187360 0 0 0 0 0 0 0 
_1.ptx 925 : 334611 93576579 1344768 0 0 10506 10506 0 0 
_1.ptx 927 : 334611 3706518 0 0 0 0 0 0 0 
_1.ptx 928 : 334611 1674975 1339872 0 0 10506 10506 0 0 
_1.ptx 929 : 334611 3346174 0 0 0 0 0 0 0 
_1.ptx 930 : 334611 3346142 0 0 0 0 0 0 0 
_1.ptx 931 : 334611 3426302 0 0 0 0 0 0 0 
_1.ptx 932 : 334611 2676888 0 0 0 0 0 0 0 
_1.ptx 933 : 334611 1850994 0 0 0 0 0 0 51 
_1.ptx 936 : 26112 156672 0 0 0 0 0 0 0 
_1.ptx 938 : 26112 183520 0 0 0 0 0 0 0 
_1.ptx 939 : 26112 0 0 0 0 0 0 0 0 
_1.ptx 940 : 26112 287584 0 0 0 0 0 0 0 
_1.ptx 941 : 26112 261568 0 0 0 0 0 0 0 
_1.ptx 942 : 26112 183136 0 0 0 0 0 0 0 
_1.ptx 943 : 26112 156864 0 0 0 0 0 0 0 
_1.ptx 944 : 26112 208928 0 0 0 0 0 0 0 
_1.ptx 945 : 26112 287264 0 0 0 0 0 0 0 
_1.ptx 946 : 26112 182784 0 0 0 0 0 0 0 
_1.ptx 947 : 26112 183008 0 0 0 0 0 0 0 
_1.ptx 948 : 26112 78336 0 0 0 0 0 0 0 
_1.ptx 949 : 26112 262528 0 0 0 0 0 0 0 
_1.ptx 950 : 26112 267872 0 0 0 0 0 0 0 
_1.ptx 951 : 26112 105888 0 0 0 0 0 0 0 
_1.ptx 952 : 26112 287232 0 0 0 0 0 0 0 
_1.ptx 953 : 26112 78336 0 0 0 0 0 0 0 
_1.ptx 954 : 26112 183712 0 0 0 0 0 0 0 
_1.ptx 958 : 1707939 17099038 0 0 0 0 0 0 0 
_1.ptx 959 : 1707939 13667896 0 0 0 0 0 0 0 
_1.ptx 960 : 1707939 17083262 0 0 0 0 0 0 0 
_1.ptx 962 : 1707939 259877384 0 0 0 0 0 0 0 
_1.ptx 963 : 1707939 10247858 0 0 0 0 0 0 0 
_1.ptx 964 : 1707939 13667704 0 0 0 0 0 0 0 
_1.ptx 965 : 1707939 10191636 0 0 0 0 0 0 9333 
_1.ptx 967 : 9333 93377 0 0 0 0 0 0 0 
_1.ptx 969 : 9333 93511 0 0 0 0 0 0 0 
_1.ptx 972 : 1707939 13673944 0 0 0 0 0 0 0 
_1.ptx 973 : 1707939 2855898 0 0 0 0 0 0 18105 
_1.ptx 974 : 1231956 3696171 0 0 0 0 0 0 0 
_1.ptx 975 : 1231956 13558880 0 0 0 0 0 0 0 
_1.ptx 976 : 1231956 9863651 0 0 0 0 0 0 0 
_1.ptx 977 : 1231956 2855898 0 0 0 0 0 0 9027 
_1.ptx 978 : 755973 2268154 0 0 0 0 0 0 0 
_1.ptx 979 : 755973 7576311 0 0 0 0 0 0 0 
_1.ptx 980 : 755973 6051671 0 0 0 0 0 0 0 
_1.ptx 981 : 755973 1264086 0 0 0 0 0 0 0 
_1.ptx 982 : 545292 1636031 0 0 0 0 0 0 0 
_1.ptx 983 : 545292 6002797 0 0 0 0 0 0 0 
_1.ptx 984 : 545292 4365329 0 0 0 0 0 0 0 
_1.ptx 985 : 545292 1264086 0 0 0 0 0 0 0 
_1.ptx 987 : 334611 1346079 0 0 0 0 0 0 0 
_1.ptx 988 : 334611 3683298 0 0 0 0 0 0 0 
_1.ptx 989 : 334611 3709060 0 0 0 0 0 0 0 
_1.ptx 990 : 334611 3690453 0 0 0 0 0 0 0 
_1.ptx 991 : 334611 3682986 0 0 0 0 0 0 0 
_1.ptx 992 : 334611 2345751 0 0 0 0 0 0 0 
_1.ptx 993 : 334611 3371325 0 0 0 0 0 0 0 
_1.ptx 994 : 334611 3690139 0 0 0 0 0 0 0 
_1.ptx 995 : 334611 75469605 1056896 0 0 24174 14433 0 0 
_1.ptx 996 : 334611 1678285 824224 0 0 14433 14433 0 0 
_1.ptx 997 : 334611 2007666 0 0 0 0 0 0 0 
_1.ptx 1001 : 1373328 8240024 0 0 0 0 0 0 0 
_1.ptx 1002 : 1373328 6881367 6111616 0 0 66096 66096 0 0 
_1.ptx 1004 : 1707939 17100158 0 0 0 0 0 0 0 
_1.ptx 1005 : 1707939 17081662 0 0 0 0 0 0 0 
_1.ptx 1006 : 1707939 13674936 0 0 0 0 0 0 0 
_1.ptx 1007 : 1707939 10091346 0 0 0 0 0 0 51 
_1.ptx 1010 : 26112 156672 0 0 0 0 0 0 0 
_1.ptx 1012 : 26112 182944 0 0 0 0 0 0 0 
_1.ptx 1013 : 26112 100674 0 0 0 0 0 0 51 
_1.ptx 1014 : 9333 103015 0 0 0 0 0 0 0 
_1.ptx 1015 : 9333 93330 0 0 0 0 0 0 0 
_1.ptx 1016 : 9333 65331 0 0 0 0 0 0 0 
_1.ptx 1017 : 9333 55998 0 0 0 0 0 0 0 
_1.ptx 1018 : 9333 74664 0 0 0 0 0 0 0 
_1.ptx 1019 : 9333 102663 0 0 0 0 0 0 0 
_1.ptx 1020 : 9333 65331 0 0 0 0 0 0 0 
_1.ptx 1021 : 9333 1293443 0 0 0 0 0 0 0 
_1.ptx 1022 : 9333 104295 0 0 0 0 0 0 0 
_1.ptx 1023 : 9333 110823 0 0 0 0 0 0 0 
_1.ptx 1024 : 9333 65331 0 0 0 0 0 0 0 
_1.ptx 1028 : 9333 66963 0 0 0 0 0 0 0 
_1.ptx 1029 : 9333 65331 0 0 0 0 0 0 0 
_1.ptx 1030 : 9333 102663 0 0 0 0 0 0 0 
_1.ptx 1031 : 9333 74664 0 0 0 0 0 0 0 
_1.ptx 1032 : 9333 0 0 0 0 0 0 0 0 
_1.ptx 1033 : 9333 65331 0 0 0 0 0 0 0 
_1.ptx 1034 : 9333 80050 0 0 0 0 0 0 0 
_1.ptx 1035 : 9333 65331 0 0 0 0 0 0 0 
_1.ptx 1036 : 9333 93330 0 0 0 0 0 0 0 
_1.ptx 1037 : 9333 102663 0 0 0 0 0 0 0 
_1.ptx 1038 : 9333 55998 0 0 0 0 0 0 0 
_1.ptx 1039 : 9333 66963 0 0 0 0 0 0 0 
_1.ptx 1043 : 1707939 1624906082 6356352 0 0 1707939 55998 0 0 
_1.ptx 1044 : 1707939 18787407 0 0 0 0 0 0 0 
_1.ptx 1045 : 1707939 455303373 0 0 0 1707939 55998 0 0 
_1.ptx 1047 : 1707939 12527889 0 0 0 0 0 0 0 
_1.ptx 1048 : 1707939 17079422 0 0 0 0 0 0 0 
_1.ptx 1049 : 1707939 17079445 0 0 0 0 0 0 0 
_1.ptx 1050 : 1707939 13663512 0 0 0 0 0 0 0 
_1.ptx 1051 : 1707939 10191636 0 0 0 0 0 0 0 
_1.ptx 1053 : 9333 93490 0 0 0 0 0 0 0 
_1.ptx 1054 : 9333 102663 0 0 0 0 0 0 0 
_1.ptx 1055 : 9333 75176 0 0 0 0 0 0 0 
_1.ptx 1056 : 9333 0 0 0 0 0 0 0 0 
_1.ptx 1059 : 26112 156672 0 0 0 0 0 0 0 
_1.ptx 1061 : 26112 182944 0 0 0 0 0 0 0 
_1.ptx 1062 : 26112 0 0 0 0 0 0 0 0 
_1.ptx 1063 : 26112 288064 0 0 0 0 0 0 0 
_1.ptx 1064 : 26112 261664 0 0 0 0 0 0 0 
_1.ptx 1065 : 26112 184224 0 0 0 0 0 0 0 
_1.ptx 1066 : 26112 156672 0 0 0 0 0 0 0 
_1.ptx 1067 : 26112 209984 0 0 0 0 0 0 0 
_1.ptx 1068 : 26112 287488 0 0 0 0 0 0 0 
_1.ptx 1069 : 26112 183296 0 0 0 0 0 0 0 
_1.ptx 1070 : 26112 183712 0 0 0 0 0 0 0 
_1.ptx 1071 : 26112 267584 0 0 0 0 0 0 0 
_1.ptx 1072 : 26112 107776 0 0 0 0 0 0 0 
_1.ptx 1073 : 26112 106080 0 0 0 0 0 0 0 
_1.ptx 1074 : 26112 287424 0 0 0 0 0 0 0 
_1.ptx 1075 : 26112 78432 0 0 0 0 0 0 0 
_1.ptx 1076 : 26112 78432 0 0 0 0 0 0 0 
_1.ptx 1077 : 26112 79520 0 0 0 0 0 0 0 
_1.ptx 1078 : 26112 79232 0 0 0 0 0 0 0 
_1.ptx 1079 : 26112 182880 0 0 0 0 0 0 0 
_1.ptx 1083 : 1222623 12228470 0 0 0 0 0 0 0 
_1.ptx 1084 : 1222623 9781336 0 0 0 0 0 0 0 
_1.ptx 1085 : 1222623 12232918 0 0 0 0 0 0 0 
_1.ptx 1087 : 1222623 187098517 0 0 0 0 0 0 0 
_1.ptx 1088 : 1222623 7335898 0 0 0 0 0 0 0 
_1.ptx 1089 : 1222623 9787704 0 0 0 0 0 0 0 
_1.ptx 1090 : 1222623 7279740 0 0 0 0 0 0 9333 
_1.ptx 1092 : 9333 93341 0 0 0 0 0 0 0 
_1.ptx 1094 : 9333 93351 0 0 0 0 0 0 0 
_1.ptx 1097 : 1222623 13450517 0 0 0 0 0 0 0 
_1.ptx 1098 : 1222623 13472250 0 0 0 0 0 0 0 
_1.ptx 1099 : 1222623 12331798 0 0 0 0 0 0 0 
_1.ptx 1100 : 1222623 13500735 0 0 0 0 0 0 0 
_1.ptx 1101 : 1222623 13455125 0 0 0 0 0 0 0 
_1.ptx 1102 : 1222623 8564345 0 0 0 0 0 0 0 
_1.ptx 1103 : 1222623 12333683 0 0 0 0 0 0 0 
_1.ptx 1104 : 1222623 13450005 0 0 0 0 0 0 0 
_1.ptx 1105 : 1222623 343689876 5796480 0 0 85221 38250 0 0 
_1.ptx 1106 : 1222623 6115771 4891104 0 0 38250 38250 0 0 
_1.ptx 1107 : 1222623 12241334 0 0 0 0 0 0 0 
_1.ptx 1108 : 1222623 12231446 0 0 0 0 0 0 0 
_1.ptx 1109 : 1222623 9786168 0 0 0 0 0 0 0 
_1.ptx 1110 : 1222623 7179066 0 0 0 0 0 0 51 
_1.ptx 1113 : 26112 156672 0 0 0 0 0 0 0 
_1.ptx 1115 : 26112 183584 0 0 0 0 0 0 0 
_1.ptx 1116 : 26112 0 0 0 0 0 0 0 0 
_1.ptx 1117 : 26112 287360 0 0 0 0 0 0 0 
_1.ptx 1118 : 26112 261600 0 0 0 0 0 0 0 
_1.ptx 1119 : 26112 183232 0 0 0 0 0 0 0 
_1.ptx 1120 : 26112 157760 0 0 0 0 0 0 0 
_1.ptx 1121 : 26112 209344 0 0 0 0 0 0 0 
_1.ptx 1122 : 26112 287264 0 0 0 0 0 0 0 
_1.ptx 1123 : 26112 183744 0 0 0 0 0 0 0 
_1.ptx 1124 : 26112 183584 0 0 0 0 0 0 0 
_1.ptx 1125 : 26112 266400 0 0 0 0 0 0 0 
_1.ptx 1126 : 26112 107328 0 0 0 0 0 0 0 
_1.ptx 1127 : 26112 105696 0 0 0 0 0 0 0 
_1.ptx 1128 : 26112 287264 0 0 0 0 0 0 0 
_1.ptx 1129 : 26112 78656 0 0 0 0 0 0 0 
_1.ptx 1130 : 26112 78496 0 0 0 0 0 0 0 
_1.ptx 1131 : 26112 78784 0 0 0 0 0 0 0 
_1.ptx 1132 : 26112 183744 0 0 0 0 0 0 0 
_1.ptx 1136 : 1222623 12227227 0 0 0 0 0 0 0 
_1.ptx 1137 : 1222623 9782488 0 0 0 0 0 0 0 
_1.ptx 1138 : 1222623 12233888 0 0 0 0 0 0 0 
_1.ptx 1140 : 1222623 186397128 0 0 0 0 0 0 0 
_1.ptx 1141 : 1222623 7336346 0 0 0 0 0 0 0 
_1.ptx 1142 : 1222623 9785277 0 0 0 0 0 0 0 
_1.ptx 1143 : 1222623 7279740 0 0 0 0 0 0 9333 
_1.ptx 1145 : 9333 93387 0 0 0 0 0 0 0 
_1.ptx 1147 : 9333 93370 0 0 0 0 0 0 0 
_1.ptx 1150 : 1222623 13450741 0 0 0 0 0 0 0 
_1.ptx 1151 : 1222623 13451925 0 0 0 0 0 0 0 
_1.ptx 1152 : 1222623 12276923 0 0 0 0 0 0 0 
_1.ptx 1153 : 1222623 13511990 0 0 0 0 0 0 0 
_1.ptx 1154 : 1222623 13453269 0 0 0 0 0 0 0 
_1.ptx 1155 : 1222623 8576089 0 0 0 0 0 0 0 
_1.ptx 1156 : 1222623 12326662 0 0 0 0 0 0 0 
_1.ptx 1157 : 1222623 13450741 0 0 0 0 0 0 0 
_1.ptx 1158 : 1222623 334633943 5731968 0 0 80478 38250 0 0 
_1.ptx 1159 : 1222623 6126715 4891104 0 0 38250 38250 0 0 
_1.ptx 1160 : 1222623 12227574 0 0 0 0 0 0 0 
_1.ptx 1161 : 1222623 12233302 0 0 0 0 0 0 0 
_1.ptx 1162 : 1222623 9782557 0 0 0 0 0 0 0 
_1.ptx 1163 : 1222623 7179066 0 0 0 0 0 0 51 
_1.ptx 1166 : 26112 156672 0 0 0 0 0 0 0 
_1.ptx 1168 : 26112 184320 0 0 0 0 0 0 0 
_1.ptx 1169 : 26112 0 0 0 0 0 0 0 0 
_1.ptx 1170 : 26112 287296 0 0 0 0 0 0 0 
_1.ptx 1171 : 26112 261344 0 0 0 0 0 0 0 
_1.ptx 1172 : 26112 183040 0 0 0 0 0 0 0 
_1.ptx 1173 : 26112 157632 0 0 0 0 0 0 0 
_1.ptx 1174 : 26112 208896 0 0 0 0 0 0 0 
_1.ptx 1175 : 26112 287328 0 0 0 0 0 0 0 
_1.ptx 1176 : 26112 182848 0 0 0 0 0 0 0 
_1.ptx 1177 : 26112 182848 0 0 0 0 0 0 0 
_1.ptx 1178 : 26112 262272 0 0 0 0 0 0 0 
_1.ptx 1179 : 26112 105184 0 0 0 0 0 0 0 
_1.ptx 1180 : 26112 105216 0 0 0 0 0 0 0 
_1.ptx 1181 : 26112 287552 0 0 0 0 0 0 0 
_1.ptx 1182 : 26112 287616 0 0 0 0 0 0 0 
_1.ptx 1183 : 26112 184544 0 0 0 0 0 0 0 
_1.ptx 1187 : 1222623 344130453 4896000 0 0 38250 38250 0 0 
_1.ptx 1188 : 1222623 306926124 3720832 0 0 38250 38250 0 0 
_1.ptx 1189 : 1222623 13450741 0 0 0 0 0 0 0 
_1.ptx 1190 : 1222623 6120603 0 0 0 38250 38250 0 0 
_1.ptx 1191 : 1222623 12227030 0 0 0 0 0 0 0 
_1.ptx 1192 : 1222623 12226774 0 0 0 0 0 0 0 
_1.ptx 1193 : 1222623 12235606 0 0 0 0 0 0 0 
_1.ptx 1194 : 1222623 9781976 0 0 0 0 0 0 0 
_1.ptx 1195 : 1222623 7179130 0 0 0 0 0 0 51 
_1.ptx 1198 : 26112 182848 0 0 0 0 0 0 0 
_1.ptx 1199 : 26112 116618 0 0 0 0 0 0 51 
_1.ptx 1200 : 6681 73491 0 0 0 0 0 0 0 
_1.ptx 1201 : 6681 66938 0 0 0 0 0 0 0 
_1.ptx 1202 : 6681 47695 0 0 0 0 0 0 0 
_1.ptx 1203 : 6681 40086 0 0 0 0 0 0 0 
_1.ptx 1204 : 6681 53480 0 0 0 0 0 0 0 
_1.ptx 1205 : 6681 73555 0 0 0 0 0 0 0 
_1.ptx 1206 : 6681 46799 0 0 0 0 0 0 0 
_1.ptx 1207 : 6681 46831 0 0 0 0 0 0 0 
_1.ptx 1211 : 6681 46802 0 0 0 0 0 0 0 
_1.ptx 1212 : 6681 73491 0 0 0 0 0 0 0 
_1.ptx 1213 : 6681 53448 0 0 0 0 0 0 0 
_1.ptx 1214 : 6681 0 0 0 0 0 0 0 0 
_1.ptx 1215 : 6681 46831 0 0 0 0 0 0 0 
_1.ptx 1216 : 6681 68474 0 0 0 0 0 0 0 
_1.ptx 1217 : 6681 27492 0 0 0 0 0 0 0 
_1.ptx 1218 : 6681 46826 0 0 0 0 0 0 0 
_1.ptx 1219 : 6681 68445 0 0 0 0 0 0 0 
_1.ptx 1220 : 6681 73491 0 0 0 0 0 0 0 
_1.ptx 1221 : 6681 40246 0 0 0 0 0 0 0 
_1.ptx 1225 : 1222623 332195537 6702848 0 0 83385 46665 0 0 
_1.ptx 1226 : 1222623 13455696 0 0 0 0 0 0 0 
_1.ptx 1227 : 1222623 7399199 0 0 0 83385 46665 0 0 
_1.ptx 1229 : 1222623 9289212 0 0 0 0 0 0 0 
_1.ptx 1230 : 1222623 13454629 0 0 0 0 0 0 0 
_1.ptx 1231 : 1222623 13477600 0 0 0 0 0 0 0 
_1.ptx 1232 : 1222623 9787897 0 0 0 0 0 0 0 
_1.ptx 1233 : 1222623 7295652 0 0 0 0 0 0 0 
_1.ptx 1235 : 6681 66810 0 0 0 0 0 0 0 
_1.ptx 1236 : 6681 53448 0 0 0 0 0 0 0 
_1.ptx 1237 : 6681 0 0 0 0 0 0 0 0 
_1.ptx 1240 : 26112 156672 0 0 0 0 0 0 0 
_1.ptx 1242 : 26112 184672 0 0 0 0 0 0 0 
_1.ptx 1243 : 26112 0 0 0 0 0 0 0 0 
_1.ptx 1244 : 26112 287328 0 0 0 0 0 0 0 
_1.ptx 1245 : 26112 261472 0 0 0 0 0 0 0 
_1.ptx 1246 : 26112 182976 0 0 0 0 0 0 0 
_1.ptx 1247 : 26112 157088 0 0 0 0 0 0 0 
_1.ptx 1248 : 26112 209088 0 0 0 0 0 0 0 
_1.ptx 1249 : 26112 287360 0 0 0 0 0 0 0 
_1.ptx 1250 : 26112 183616 0 0 0 0 0 0 0 
_1.ptx 1251 : 26112 183040 0 0 0 0 0 0 0 
_1.ptx 1252 : 26112 265312 0 0 0 0 0 0 0 
_1.ptx 1253 : 26112 105856 0 0 0 0 0 0 0 
_1.ptx 1254 : 26112 105664 0 0 0 0 0 0 0 
_1.ptx 1255 : 26112 287424 0 0 0 0 0 0 0 
_1.ptx 1256 : 26112 78592 0 0 0 0 0 0 0 
_1.ptx 1257 : 26112 78496 0 0 0 0 0 0 0 
_1.ptx 1258 : 26112 78880 0 0 0 0 0 0 0 
_1.ptx 1259 : 26112 183360 0 0 0 0 0 0 0 
_1.ptx 1263 : 875211 8763246 0 0 0 0 0 0 0 
_1.ptx 1264 : 875211 7010136 0 0 0 0 0 0 0 
_1.ptx 1265 : 875211 8758542 0 0 0 0 0 0 0 
_1.ptx 1267 : 875211 133479592 0 0 0 0 0 0 0 
_1.ptx 1268 : 875211 5251330 0 0 0 0 0 0 0 
_1.ptx 1269 : 875211 7003672 0 0 0 0 0 0 0 
_1.ptx 1270 : 875211 5211180 0 0 0 0 0 0 6681 
_1.ptx 1272 : 6681 66951 0 0 0 0 0 0 0 
_1.ptx 1274 : 6681 66837 0 0 0 0 0 0 0 
_1.ptx 1277 : 875211 9629058 0 0 0 0 0 0 0 
_1.ptx 1278 : 875211 9632761 0 0 0 0 0 0 0 
_1.ptx 1279 : 875211 8769015 0 0 0 0 0 0 0 
_1.ptx 1280 : 875211 9672870 0 0 0 0 0 0 0 
_1.ptx 1281 : 875211 9628313 0 0 0 0 0 0 0 
_1.ptx 1282 : 875211 6129485 0 0 0 0 0 0 0 
_1.ptx 1283 : 875211 8817618 0 0 0 0 0 0 0 
_1.ptx 1284 : 875211 9627929 0 0 0 0 0 0 0 
_1.ptx 1285 : 875211 245068740 3680128 0 0 54774 27387 0 0 
_1.ptx 1286 : 875211 4379799 3502272 0 0 27387 27387 0 0 
_1.ptx 1287 : 875211 8865428 0 0 0 0 0 0 0 
_1.ptx 1288 : 875211 8769678 0 0 0 0 0 0 0 
_1.ptx 1289 : 875211 7004792 0 0 0 0 0 0 0 
_1.ptx 1290 : 875211 5094594 0 0 0 0 0 0 51 
_1.ptx 1293 : 26112 156672 0 0 0 0 0 0 0 
_1.ptx 1295 : 26112 183744 0 0 0 0 0 0 0 
_1.ptx 1296 : 26112 0 0 0 0 0 0 0 0 
_1.ptx 1297 : 26112 287328 0 0 0 0 0 0 0 
_1.ptx 1298 : 26112 261248 0 0 0 0 0 0 0 
_1.ptx 1299 : 26112 182816 0 0 0 0 0 0 0 
_1.ptx 1300 : 26112 157088 0 0 0 0 0 0 0 
_1.ptx 1301 : 26112 208960 0 0 0 0 0 0 0 
_1.ptx 1302 : 26112 287328 0 0 0 0 0 0 0 
_1.ptx 1303 : 26112 182880 0 0 0 0 0 0 0 
_1.ptx 1304 : 26112 182912 0 0 0 0 0 0 0 
_1.ptx 1305 : 26112 264992 0 0 0 0 0 0 0 
_1.ptx 1306 : 26112 104448 0 0 0 0 0 0 0 
_1.ptx 1307 : 26112 104832 0 0 0 0 0 0 0 
_1.ptx 1308 : 26112 287616 0 0 0 0 0 0 0 
_1.ptx 1309 : 26112 78368 0 0 0 0 0 0 0 
_1.ptx 1310 : 26112 78464 0 0 0 0 0 0 0 
_1.ptx 1311 : 26112 78464 0 0 0 0 0 0 0 
_1.ptx 1312 : 26112 183104 0 0 0 0 0 0 0 
_1.ptx 1316 : 875211 8758702 0 0 0 0 0 0 0 
_1.ptx 1317 : 875211 7003704 0 0 0 0 0 0 0 
_1.ptx 1318 : 875211 8756718 0 0 0 0 0 0 0 
_1.ptx 1320 : 875211 133267915 0 0 0 0 0 0 0 
_1.ptx 1321 : 875211 5251970 0 0 0 0 0 0 0 
_1.ptx 1322 : 875211 7004632 0 0 0 0 0 0 0 
_1.ptx 1323 : 875211 5211180 0 0 0 0 0 0 6681 
_1.ptx 1325 : 6681 66820 0 0 0 0 0 0 0 
_1.ptx 1327 : 6681 66837 0 0 0 0 0 0 0 
_1.ptx 1330 : 875211 9637497 0 0 0 0 0 0 0 
_1.ptx 1331 : 875211 9629529 0 0 0 0 0 0 0 
_1.ptx 1332 : 875211 8773134 0 0 0 0 0 0 0 
_1.ptx 1333 : 875211 9671101 0 0 0 0 0 0 0 
_1.ptx 1334 : 875211 9629177 0 0 0 0 0 0 0 
_1.ptx 1335 : 875211 6133078 0 0 0 0 0 0 0 
_1.ptx 1336 : 875211 8803162 0 0 0 0 0 0 0 
_1.ptx 1337 : 875211 9628610 0 0 0 0 0 0 0 
_1.ptx 1338 : 875211 236340474 3362560 0 0 27387 27387 0 0 
_1.ptx 1339 : 875211 4379607 3502272 0 0 27387 27387 0 0 
_1.ptx 1340 : 875211 8755790 0 0 0 0 0 0 0 
_1.ptx 1341 : 875211 8754702 0 0 0 0 0 0 0 
_1.ptx 1342 : 875211 7003928 0 0 0 0 0 0 0 
_1.ptx 1343 : 875211 5094594 0 0 0 0 0 0 51 
_1.ptx 1346 : 26112 156672 0 0 0 0 0 0 0 
_1.ptx 1348 : 26112 184224 0 0 0 0 0 0 0 
_1.ptx 1349 : 26112 0 0 0 0 0 0 0 0 
_1.ptx 1350 : 26112 287296 0 0 0 0 0 0 0 
_1.ptx 1351 : 26112 261472 0 0 0 0 0 0 0 
_1.ptx 1352 : 26112 185632 0 0 0 0 0 0 0 
_1.ptx 1353 : 26112 156768 0 0 0 0 0 0 0 
_1.ptx 1354 : 26112 208896 0 0 0 0 0 0 0 
_1.ptx 1355 : 26112 288032 0 0 0 0 0 0 0 
_1.ptx 1356 : 26112 182944 0 0 0 0 0 0 0 
_1.ptx 1357 : 26112 185440 0 0 0 0 0 0 0 
_1.ptx 1358 : 26112 266016 0 0 0 0 0 0 0 
_1.ptx 1359 : 26112 104480 0 0 0 0 0 0 0 
_1.ptx 1360 : 26112 104832 0 0 0 0 0 0 0 
_1.ptx 1361 : 26112 287456 0 0 0 0 0 0 0 
_1.ptx 1362 : 26112 287712 0 0 0 0 0 0 0 
_1.ptx 1363 : 26112 182848 0 0 0 0 0 0 0 
_1.ptx 1367 : 875211 243299006 3496192 0 0 27387 27387 0 0 
_1.ptx 1368 : 875211 238713973 3303808 0 0 27387 27387 0 0 
_1.ptx 1369 : 875211 9627577 0 0 0 0 0 0 0 
_1.ptx 1370 : 875211 4379639 0 0 0 27387 27387 0 0 
_1.ptx 1371 : 875211 8752910 0 0 0 0 0 0 0 
_1.ptx 1372 : 875211 8753870 0 0 0 0 0 0 0 
_1.ptx 1373 : 875211 8756366 0 0 0 0 0 0 0 
_1.ptx 1374 : 875211 7002968 0 0 0 0 0 0 0 
_1.ptx 1375 : 875211 5094594 0 0 0 0 0 0 51 
_1.ptx 1378 : 26112 156672 0 0 0 0 0 0 0 
_1.ptx 1380 : 26112 183104 0 0 0 0 0 0 0 
_1.ptx 1381 : 26112 0 0 0 0 0 0 0 0 
_1.ptx 1382 : 26112 287264 0 0 0 0 0 0 0 
_1.ptx 1383 : 26112 264576 0 0 0 0 0 0 0 
_1.ptx 1384 : 26112 183136 0 0 0 0 0 0 0 
_1.ptx 1385 : 26112 157472 0 0 0 0 0 0 0 
_1.ptx 1386 : 26112 209184 0 0 0 0 0 0 0 
_1.ptx 1387 : 26112 288608 0 0 0 0 0 0 0 
_1.ptx 1388 : 26112 183008 0 0 0 0 0 0 0 
_1.ptx 1389 : 26112 184704 0 0 0 0 0 0 0 
_1.ptx 1390 : 26112 182976 0 0 0 0 0 0 0 
_1.ptx 1391 : 26112 264544 0 0 0 0 0 0 0 
_1.ptx 1392 : 26112 107680 0 0 0 0 0 0 0 
_1.ptx 1393 : 26112 106688 0 0 0 0 0 0 0 
_1.ptx 1394 : 26112 291264 0 0 0 0 0 0 0 
_1.ptx 1395 : 26112 294592 0 0 0 0 0 0 0 
_1.ptx 1396 : 26112 184160 0 0 0 0 0 0 0 
_1.ptx 1400 : 875211 245421994 3505536 0 0 27387 27387 0 0 
_1.ptx 1402 : 875211 241909746 3297280 0 0 27387 27387 0 0 
_1.ptx 1403 : 875211 9627449 0 0 0 0 0 0 0 
_1.ptx 1404 : 875211 40285466 0 0 0 0 0 0 0 
_1.ptx 1405 : 875211 9630713 0 0 0 0 0 0 0 
_1.ptx 1407 : 875211 5251394 0 0 0 0 0 0 0 
_1.ptx 1408 : 875211 5251746 0 0 0 0 0 0 0 
_1.ptx 1409 : 875211 7012673 0 0 0 0 0 0 0 
_1.ptx 1410 : 875211 7895075 0 0 0 0 0 0 0 
_1.ptx 1411 : 875211 12637223 0 0 0 0 0 0 0 
_1.ptx 1412 : 875211 4386071 0 0 0 27387 27387 0 0 
_1.ptx 1413 : 875211 8759639 0 0 0 0 0 0 0 
_1.ptx 1414 : 875211 8752206 0 0 0 0 0 0 0 
_1.ptx 1415 : 875211 8921838 0 0 0 0 0 0 0 
_1.ptx 1416 : 875211 7002552 0 0 0 0 0 0 0 
_1.ptx 1417 : 875211 5094594 0 0 0 0 0 0 51 
_1.ptx 1420 : 26112 156672 0 0 0 0 0 0 0 
_1.ptx 1422 : 26112 182976 0 0 0 0 0 0 0 
_1.ptx 1423 : 26112 224512 128 0 0 0 0 0 0 
_1.ptx 1424 : 26112 209184 0 0 0 0 0 0 0 
_1.ptx 1425 : 26112 0 0 0 0 0 0 0 0 
_1.ptx 1426 : 26112 287488 0 0 0 0 0 0 0 
_1.ptx 1427 : 26112 261344 0 0 0 0 0 0 0 
_1.ptx 1428 : 26112 183168 0 0 0 0 0 0 0 
_1.ptx 1429 : 26112 156704 0 0 0 0 0 0 0 
_1.ptx 1430 : 26112 208992 0 0 0 0 0 0 0 
_1.ptx 1431 : 26112 287520 0 0 0 0 0 0 0 
_1.ptx 1432 : 26112 182784 0 0 0 0 0 0 0 
_1.ptx 1433 : 26112 183264 0 0 0 0 0 0 0 
_1.ptx 1434 : 26112 268768 0 0 0 0 0 0 0 
_1.ptx 1435 : 26112 287232 0 0 0 0 0 0 0 
_1.ptx 1436 : 26112 567072 3328 0 0 0 0 0 0 
_1.ptx 1437 : 26112 287616 0 0 0 0 0 0 0 
_1.ptx 1438 : 26112 183008 0 0 0 0 0 0 0 
_1.ptx 1442 : 132651 37094547 531072 0 0 8164 4182 0 0 
_1.ptx 1444 : 132651 1460025 0 0 0 0 0 0 0 
_1.ptx 1445 : 132651 663479 532032 0 0 4182 4182 0 0 
_1.ptx 1446 : 132651 1326542 0 0 0 0 0 0 0 
_1.ptx 1447 : 132651 1326702 0 0 0 0 0 0 0 
_1.ptx 1448 : 132651 1327950 0 0 0 0 0 0 0 
_1.ptx 1449 : 132651 1061208 0 0 0 0 0 0 0 
_1.ptx 1450 : 132651 639234 0 0 0 0 0 0 51 
_1.ptx 1453 : 26112 156672 0 0 0 0 0 0 0 
_1.ptx 1455 : 26112 182976 0 0 0 0 0 0 0 
_1.ptx 1456 : 26112 208896 0 0 0 0 0 0 0 
_1.ptx 1457 : 26112 141066 0 0 0 0 0 0 51 
_1.ptx 1458 : 2601 15606 0 0 0 0 0 0 0 
_1.ptx 1459 : 2601 28611 0 0 0 0 0 0 0 
_1.ptx 1460 : 2601 26010 0 0 0 0 0 0 0 
_1.ptx 1461 : 2601 18207 0 0 0 0 0 0 0 
_1.ptx 1462 : 2601 15606 0 0 0 0 0 0 0 
_1.ptx 1463 : 2601 20808 0 0 0 0 0 0 0 
_1.ptx 1464 : 2601 28611 0 0 0 0 0 0 0 
_1.ptx 1465 : 2601 18207 0 0 0 0 0 0 0 
_1.ptx 1466 : 2601 18207 0 0 0 0 0 0 0 
_1.ptx 1467 : 2601 7803 0 0 0 0 0 0 0 
_1.ptx 1468 : 2601 15606 0 0 0 0 0 0 0 
_1.ptx 1469 : 2601 20808 0 0 0 0 0 0 0 
_1.ptx 1470 : 2601 27330 0 0 0 0 0 0 0 
_1.ptx 1471 : 2601 28611 0 0 0 0 0 0 0 
_1.ptx 1472 : 2601 18207 0 0 0 0 0 0 0 
_1.ptx 1475 : 2601 0 0 0 0 0 0 0 0 
_1.ptx 1476 : 2601 19071 0 0 0 0 0 0 0 
_1.ptx 1477 : 2601 28782 0 0 0 0 0 0 0 
_1.ptx 1478 : 2601 19007 0 0 0 0 0 0 0 
_1.ptx 1479 : 2601 28630 0 0 0 0 0 0 0 
_1.ptx 1480 : 2601 18511 0 0 0 0 0 0 0 
_1.ptx 1481 : 2601 27490 0 0 0 0 0 0 0 
_1.ptx 1482 : 2601 28611 0 0 0 0 0 0 0 
_1.ptx 1483 : 2601 15606 0 0 0 0 0 0 0 
_1.ptx 1484 : 2601 18207 0 0 0 0 0 0 0 
_1.ptx 1488 : 132651 4703158 0 0 0 132651 5202 0 0 
_1.ptx 1489 : 132651 1459161 0 0 0 0 0 0 0 
_1.ptx 1490 : 132651 1327225 0 0 0 0 0 0 0 
_1.ptx 1491 : 132651 1326510 0 0 0 0 0 0 0 
_1.ptx 1492 : 132651 1061208 0 0 0 0 0 0 0 
_1.ptx 1493 : 132651 780300 0 0 0 0 0 0 0 
_1.ptx 1494 : 2601 15606 0 0 0 0 0 0 0 
_1.ptx 1499 : 2601 19161 0 102 102 0 0 0 0 
_1.ptx 1500 : 2601 26010 0 0 0 0 0 0 0 
_1.ptx 1501 : 2601 26010 0 0 0 0 0 0 0 
_1.ptx 1502 : 2601 20808 0 0 0 0 0 0 0 
_1.ptx 1503 : 2601 0 0 0 0 0 0 0 0 
_1.ptx 1505 : 26112 156672 0 0 0 0 0 0 0 
_1.ptx 1507 : 26112 156672 0 0 0 0 0 0 0 
_1.ptx 1509 : 26112 182784 0 0 0 0 0 0 0 
_1.ptx 1510 : 26112 78336 0 0 0 0 0 0 0 
_1.ptx 1511 : 26112 209536 0 0 0 0 0 0 0 
_1.ptx 1512 : 26112 141066 0 0 0 0 0 0 51 
_1.ptx 1513 : 2601 15606 0 0 0 0 0 0 0 
_1.ptx 1514 : 2601 28611 0 0 0 0 0 0 0 
_1.ptx 1515 : 2601 26010 0 0 0 0 0 0 0 
_1.ptx 1516 : 2601 18207 0 0 0 0 0 0 0 
_1.ptx 1517 : 2601 15606 0 0 0 0 0 0 0 
_1.ptx 1518 : 2601 20808 0 0 0 0 0 0 0 
_1.ptx 1519 : 2601 28611 0 0 0 0 0 0 0 
_1.ptx 1520 : 2601 18207 0 0 0 0 0 0 0 
_1.ptx 1521 : 2601 18207 0 0 0 0 0 0 0 
_1.ptx 1522 : 2601 18207 0 0 0 0 0 0 0 
_1.ptx 1523 : 2601 7803 0 0 0 0 0 0 0 
_1.ptx 1524 : 2601 15606 0 0 0 0 0 0 0 
_1.ptx 1525 : 2601 20808 0 0 0 0 0 0 0 
_1.ptx 1526 : 2601 27642 0 0 0 0 0 0 0 
_1.ptx 1527 : 2601 28611 0 0 0 0 0 0 0 
_1.ptx 1528 : 2601 19482 0 0 0 0 0 0 0 
_1.ptx 1531 : 2601 0 0 0 0 0 0 0 0 
_1.ptx 1532 : 2601 18207 0 0 0 0 0 0 0 
_1.ptx 1533 : 2601 18321 0 0 0 0 0 0 0 
_1.ptx 1534 : 2601 10404 0 0 0 0 0 0 0 
_1.ptx 1535 : 2601 18207 0 0 0 0 0 0 0 
_1.ptx 1536 : 2601 26010 0 0 0 0 0 0 0 
_1.ptx 1537 : 2601 30243 0 0 0 0 0 0 0 
_1.ptx 1538 : 2601 28611 0 0 0 0 0 0 0 
_1.ptx 1539 : 2601 15606 0 0 0 0 0 0 0 
_1.ptx 1540 : 2601 17238 0 0 0 0 0 0 0 
_1.ptx 1541 : 2601 18207 0 0 0 0 0 0 0 
_1.ptx 1545 : 132651 20221019 512 0 0 9180 5202 0 0 
_1.ptx 1546 : 132651 1459161 0 0 0 0 0 0 0 
_1.ptx 1547 : 132651 1337682 0 0 0 0 0 0 0 
_1.ptx 1548 : 132651 1461778 0 0 0 0 0 0 0 
_1.ptx 1549 : 132651 1061246 0 0 0 0 0 0 0 
_1.ptx 1550 : 132651 780300 0 0 0 0 0 0 0 
_1.ptx 1551 : 2601 15606 0 0 0 0 0 0 0 
_1.ptx 1556 : 2601 13005 0 102 102 0 0 0 0 
_1.ptx 1557 : 2601 26010 0 0 0 0 0 0 0 
_1.ptx 1558 : 2601 26010 0 0 0 0 0 0 0 
_1.ptx 1559 : 2601 26010 0 0 0 0 0 0 0 
_1.ptx 1560 : 2601 20808 0 0 0 0 0 0 0 
_1.ptx 1561 : 2601 0 0 0 0 0 0 0 0 
_1.ptx 1563 : 26112 156672 0 0 0 0 0 0 0 
_1.ptx 1565 : 26112 156672 0 0 0 0 0 0 0 
_1.ptx 1566 : 26112 156768 0 0 0 0 0 0 0 
_1.ptx 1567 : 26112 208896 0 0 0 0 0 0 0 
_1.ptx 1568 : 26112 156366 0 0 0 0 0 0 51 
_1.ptx 1570 : 51 306 0 0 0 0 0 0 0 
_1.ptx 1571 : 51 306 0 0 0 0 0 0 0 
_1.ptx 1572 : 51 408 0 0 0 0 0 0 0 
_1.ptx 1573 : 51 0 0 0 0 0 0 0 0 
_1.ptx 1574 : 51 357 0 0 0 0 0 0 0 
_1.ptx 1575 : 51 357 0 0 0 0 0 0 0 
_1.ptx 1576 : 51 306 0 0 0 0 0 0 0 
_1.ptx 1577 : 51 357 0 0 0 0 0 0 0 
_1.ptx 1581 : 2601 20808 0 2601 2601 0 0 0 0 
_1.ptx 1582 : 2601 28611 0 0 0 0 0 0 0 
_1.ptx 1583 : 2601 26010 0 0 0 0 0 0 0 
_1.ptx 1584 : 2601 26010 0 0 0 0 0 0 0 
_1.ptx 1585 : 2601 20808 0 0 0 0 0 0 0 
_1.ptx 1586 : 2601 15300 0 0 0 0 0 0 0 
_1.ptx 1587 : 51 204 0 51 51 0 0 0 0 
_1.ptx 1588 : 51 306 0 0 0 0 0 0 0 
_1.ptx 1593 : 26061 156366 0 0 0 0 0 0 0 
_1.ptx 1594 : 26061 208872 0 0 0 0 0 0 0 
_1.ptx 1595 : 26061 156060 0 0 0 0 0 0 51 
_1.ptx 1597 : 51 306 0 0 0 0 0 0 0 
_1.ptx 1598 : 51 153 0 0 0 0 0 0 0 
_1.ptx 1599 : 51 306 0 0 0 0 0 0 0 
_1.ptx 1600 : 51 408 0 0 0 0 0 0 0 
_1.ptx 1601 : 51 0 0 0 0 0 0 0 0 
_1.ptx 1602 : 51 357 0 0 0 0 0 0 0 
_1.ptx 1603 : 51 357 0 0 0 0 0 0 0 
_1.ptx 1604 : 51 306 0 0 0 0 0 0 0 
_1.ptx 1605 : 51 357 0 0 0 0 0 0 0 
_1.ptx 1609 : 2601 20808 0 2601 2601 0 0 0 0 
_1.ptx 1610 : 2601 28617 0 0 0 0 0 0 0 
_1.ptx 1611 : 2601 26010 0 0 0 0 0 0 0 
_1.ptx 1612 : 2601 26010 0 0 0 0 0 0 0 
_1.ptx 1613 : 2601 20849 0 0 0 0 0 0 0 
_1.ptx 1614 : 2601 15300 0 0 0 0 0 0 0 
_1.ptx 1615 : 51 204 0 51 51 0 0 0 0 
_1.ptx 1616 : 51 306 0 0 0 0 0 0 0 
_1.ptx 1623 : 26112 156672 0 0 0 0 0 0 0 
_1.ptx 1624 : 26112 156366 0 0 0 0 0 0 51 
_1.ptx 1626 : 51 357 0 0 0 0 0 0 0 
_1.ptx 1627 : 51 357 0 51 51 0 0 0 0 
_1.ptx 1628 : 51 2346 0 0 0 0 0 0 0 
_1.ptx 1629 : 51 510 0 0 0 0 0 0 0 
_1.ptx 1630 : 51 357 0 0 0 0 0 0 0 
_1.ptx 1631 : 51 714 0 0 0 0 0 0 0 
_1.ptx 1632 : 51 357 0 51 51 0 0 0 0 
_1.ptx 1633 : 51 2346 0 0 0 0 0 0 0 
_1.ptx 1634 : 51 561 0 0 0 0 0 0 0 
_1.ptx 1635 : 51 561 0 0 0 0 0 0 0 
_1.ptx 1636 : 51 714 0 0 0 0 0 0 0 
_1.ptx 1637 : 51 561 0 0 0 0 0 0 0 
_1.ptx 1638 : 51 204 0 51 51 0 0 0 0 
_1.ptx 1641 : 26112 156672 0 0 0 0 0 0 0 
_1.ptx 1643 : 26112 182944 0 0 0 0 0 0 0 
_1.ptx 1644 : 26112 0 0 0 0 0 0 0 0 
_1.ptx 1645 : 26112 287296 0 0 0 0 0 0 0 
_1.ptx 1646 : 26112 261600 0 0 0 0 0 0 0 
_1.ptx 1647 : 26112 183680 0 0 0 0 0 0 0 
_1.ptx 1648 : 26112 156672 0 0 0 0 0 0 0 
_1.ptx 1649 : 26112 209088 0 0 0 0 0 0 0 
_1.ptx 1650 : 26112 287328 0 0 0 0 0 0 0 
_1.ptx 1651 : 26112 184640 0 0 0 0 0 0 0 
_1.ptx 1652 : 26112 184096 0 0 0 0 0 0 0 
_1.ptx 1653 : 26112 262912 0 0 0 0 0 0 0 
_1.ptx 1654 : 26112 105024 0 0 0 0 0 0 0 
_1.ptx 1655 : 26112 287296 0 0 0 0 0 0 0 
_1.ptx 1656 : 26112 183360 0 816 816 0 0 0 0 
_1.ptx 1657 : 26112 184480 0 0 0 0 0 0 0 
_1.ptx 1661 : 875211 231213352 3211520 0 0 27387 27387 0 0 
_1.ptx 1663 : 875211 6138582 0 27387 27387 0 0 0 0 
_1.ptx 1665 : 875211 9628249 0 0 0 0 0 0 0 
_1.ptx 1666 : 875211 4385655 0 0 0 27387 27387 0 0 
_1.ptx 1667 : 875211 8752110 0 0 0 0 0 0 0 
_1.ptx 1668 : 875211 8756558 0 0 0 0 0 0 0 
_1.ptx 1669 : 875211 7002936 0 0 0 0 0 0 0 
_1.ptx 1670 : 875211 5094594 0 0 0 0 0 0 51 
_1.ptx 1673 : 26112 156672 0 0 0 0 0 0 0 
_1.ptx 1675 : 26112 183040 0 0 0 0 0 0 0 
_1.ptx 1676 : 26112 0 0 0 0 0 0 0 0 
_1.ptx 1677 : 26112 287360 0 0 0 0 0 0 0 
_1.ptx 1678 : 26112 261376 0 0 0 0 0 0 0 
_1.ptx 1679 : 26112 183744 0 0 0 0 0 0 0 
_1.ptx 1680 : 26112 156672 0 0 0 0 0 0 0 
_1.ptx 1681 : 26112 208960 0 0 0 0 0 0 0 
_1.ptx 1682 : 26112 287360 0 0 0 0 0 0 0 
_1.ptx 1683 : 26112 182944 0 0 0 0 0 0 0 
_1.ptx 1684 : 26112 183072 0 0 0 0 0 0 0 
_1.ptx 1685 : 26112 182912 0 0 0 0 0 0 0 
_1.ptx 1686 : 26112 261536 0 0 0 0 0 0 0 
_1.ptx 1687 : 26112 104672 0 0 0 0 0 0 0 
_1.ptx 1688 : 26112 104608 0 0 0 0 0 0 0 
_1.ptx 1689 : 26112 287232 0 0 0 0 0 0 0 
_1.ptx 1690 : 26112 287264 0 0 0 0 0 0 0 
_1.ptx 1691 : 26112 182848 0 816 816 0 0 0 0 
_1.ptx 1692 : 26112 182848 0 0 0 0 0 0 0 
_1.ptx 1696 : 875211 245926291 3505536 0 0 27387 27387 0 0 
_1.ptx 1697 : 875211 254162625 3498752 0 0 27387 27387 0 0 
_1.ptx 1699 : 875211 6137581 0 27387 27387 0 0 0 0 
_1.ptx 1701 : 875211 9628761 0 0 0 0 0 0 0 
_1.ptx 1702 : 875211 40264122 0 0 0 0 0 0 0 
_1.ptx 1703 : 875211 9630265 0 0 0 0 0 0 0 
_1.ptx 1704 : 875211 4377943 0 0 0 27387 27387 0 0 
_1.ptx 1705 : 875211 8752142 0 0 0 0 0 0 0 
_1.ptx 1706 : 875211 8752174 0 0 0 0 0 0 0 
_1.ptx 1707 : 875211 8761518 0 0 0 0 0 0 0 
_1.ptx 1708 : 875211 7001752 0 0 0 0 0 0 0 
_1.ptx 1709 : 875211 5094594 0 0 0 0 0 0 51 
_1.ptx 1712 : 26112 156672 0 0 0 0 0 0 0 
_1.ptx 1714 : 26112 182784 0 0 0 0 0 0 0 
_1.ptx 1715 : 26112 0 0 0 0 0 0 0 0 
_1.ptx 1716 : 26112 287328 0 0 0 0 0 0 0 
_1.ptx 1717 : 26112 261120 0 0 0 0 0 0 0 
_1.ptx 1718 : 26112 182944 0 0 0 0 0 0 0 
_1.ptx 1719 : 26112 156672 0 0 0 0 0 0 0 
_1.ptx 1720 : 26112 208928 0 0 0 0 0 0 0 
_1.ptx 1721 : 26112 288512 0 0 0 0 0 0 0 
_1.ptx 1722 : 26112 182816 0 0 0 0 0 0 0 
_1.ptx 1723 : 26112 182976 0 0 0 0 0 0 0 
_1.ptx 1724 : 26112 261728 0 0 0 0 0 0 0 
_1.ptx 1725 : 26112 108320 0 0 0 0 0 0 0 
_1.ptx 1726 : 26112 107072 0 0 0 0 0 0 0 
_1.ptx 1727 : 26112 287296 0 0 0 0 0 0 0 
_1.ptx 1728 : 26112 287360 0 0 0 0 0 0 0 
_1.ptx 1729 : 26112 182848 0 0 0 0 0 0 0 
_1.ptx 1733 : 875211 241607020 3348864 0 0 27387 27387 0 0 
_1.ptx 1734 : 875211 253278472 3505536 0 0 27387 27387 0 0 
_1.ptx 1735 : 875211 40260314 0 0 0 0 0 0 0 
_1.ptx 1736 : 875211 4405463 0 0 0 27387 27387 0 0 
_1.ptx 1737 : 875211 8752782 0 0 0 0 0 0 0 
_1.ptx 1738 : 875211 8752590 0 0 0 0 0 0 0 
_1.ptx 1739 : 875211 8756622 0 0 0 0 0 0 0 
_1.ptx 1740 : 875211 7002584 0 0 0 0 0 0 0 
