kernel line : count latency dram_traffic smem_bk_conflicts smem_warp gmem_access_generated gmem_warp exposed_latency warp_divergence
_1.ptx 1636 : 32768 394272 0 0 0 0 0 0 0 
_1.ptx 1637 : 32768 390112 0 0 0 0 0 0 0 
_1.ptx 1638 : 32768 395616 0 0 0 0 0 0 0 
_1.ptx 1639 : 32768 394400 0 0 0 0 0 0 0 
_1.ptx 1641 : 32768 397280 0 0 0 0 0 0 0 
_1.ptx 1642 : 32768 350240 0 0 0 0 0 0 0 
_1.ptx 1643 : 32768 406272 0 0 0 0 0 0 0 
_1.ptx 1644 : 32768 396128 0 0 0 0 0 0 0 
_1.ptx 1645 : 32768 339104 0 0 0 0 0 0 0 
_1.ptx 1647 : 32768 399040 0 0 0 0 0 0 0 
_1.ptx 1648 : 32768 107040 0 0 0 0 0 0 0 
_1.ptx 1649 : 32768 386016 0 0 0 0 0 0 0 
_1.ptx 1650 : 32768 383648 0 0 0 0 0 0 0 
_1.ptx 1651 : 32768 182080 0 1024 1024 0 0 0 0 
_1.ptx 1653 : 32768 380992 0 0 0 0 0 0 0 
_1.ptx 1654 : 32768 381280 0 0 0 0 0 0 0 
_1.ptx 1655 : 32768 184320 0 1024 1024 0 0 0 0 
_1.ptx 1657 : 32768 378528 0 0 0 0 0 0 0 
_1.ptx 1658 : 32768 380000 0 0 0 0 0 0 0 
_1.ptx 1659 : 32768 378944 0 0 0 0 0 0 0 
_1.ptx 1660 : 32768 184736 0 1024 1024 0 0 0 0 
_1.ptx 1662 : 32768 377920 0 0 0 0 0 0 0 
_1.ptx 1663 : 32768 376704 0 0 0 0 0 0 0 
_1.ptx 1664 : 32768 183264 0 1024 1024 0 0 0 0 
_1.ptx 1666 : 32768 376000 0 0 0 0 0 0 0 
_1.ptx 1667 : 32768 377760 0 0 0 0 0 0 0 
_1.ptx 1668 : 32768 377120 0 0 0 0 0 0 0 
_1.ptx 1669 : 32768 184224 0 1024 1024 0 0 0 0 
_1.ptx 1671 : 32768 378976 0 0 0 0 0 0 0 
_1.ptx 1672 : 32768 376864 0 0 0 0 0 0 0 
_1.ptx 1673 : 32768 380960 0 0 0 0 0 0 0 
_1.ptx 1674 : 32768 184480 0 1024 1024 0 0 0 0 
_1.ptx 1676 : 32768 375968 0 0 0 0 0 0 0 
_1.ptx 1677 : 32768 382432 0 0 0 0 0 0 0 
_1.ptx 1678 : 32768 193472 0 1024 1024 0 0 0 0 
_1.ptx 1680 : 32768 377664 0 0 0 0 0 0 0 
_1.ptx 1681 : 32768 379648 0 0 0 0 0 0 0 
_1.ptx 1682 : 32768 186272 0 1024 1024 0 0 0 0 
_1.ptx 1684 : 32768 378048 0 0 0 0 0 0 0 
_1.ptx 1685 : 32768 361568 0 0 0 0 0 0 0 
_1.ptx 1686 : 32768 279808 0 0 0 0 0 0 0 
_1.ptx 1687 : 32768 386752 0 0 0 0 0 0 0 
_1.ptx 1688 : 32768 290304 0 0 0 0 0 0 0 
_1.ptx 1689 : 32768 386464 0 0 0 0 0 0 0 
_1.ptx 1690 : 32768 364896 0 0 0 0 0 0 0 
_1.ptx 1691 : 32768 382880 0 0 0 0 0 0 0 
_1.ptx 1692 : 32768 286496 0 1024 1024 0 0 0 0 
_1.ptx 1693 : 32768 287168 0 1024 1024 0 0 0 0 
_1.ptx 1694 : 32768 385120 0 0 0 0 0 0 0 
_1.ptx 1696 : 32768 288800 0 1024 1024 0 0 0 0 
_1.ptx 1697 : 32768 296096 0 1024 1024 0 0 0 0 
_1.ptx 1698 : 32768 383264 0 0 0 0 0 0 0 
_1.ptx 1699 : 32768 327136 0 0 0 0 0 0 0 
_1.ptx 1701 : 32768 287936 0 1024 1024 0 0 0 0 
_1.ptx 1702 : 32768 292224 0 1024 1024 0 0 0 0 
_1.ptx 1703 : 32768 292960 0 1024 1024 0 0 0 0 
_1.ptx 1704 : 32768 292352 0 1024 1024 0 0 0 0 
_1.ptx 1705 : 32768 387136 0 0 0 0 0 0 0 
_1.ptx 1706 : 32768 330752 0 0 0 0 0 0 0 
_1.ptx 1707 : 32768 330656 0 0 0 0 0 0 0 
_1.ptx 1708 : 32768 333760 0 0 0 0 0 0 0 
_1.ptx 1710 : 32768 392064 0 0 0 0 0 0 0 
_1.ptx 1711 : 32768 395168 0 0 0 0 0 0 0 
_1.ptx 1712 : 32768 393152 0 0 0 0 0 0 0 
_1.ptx 1713 : 32768 345408 0 0 0 0 0 0 0 
_1.ptx 1714 : 32768 400416 0 0 0 0 0 0 0 
_1.ptx 1715 : 32768 401344 0 0 0 0 0 0 0 
_1.ptx 1717 : 32768 397888 0 0 0 0 0 0 0 
_1.ptx 1719 : 32768 405856 0 0 0 0 0 0 0 
_1.ptx 1720 : 32768 411712 0 0 0 0 0 0 0 
_1.ptx 1721 : 32768 393760 0 0 0 0 0 0 0 
_1.ptx 1723 : 32768 399776 0 0 0 0 0 0 0 
_1.ptx 1724 : 32768 405856 0 0 0 0 0 0 0 
_1.ptx 1725 : 32768 393824 0 0 0 0 0 0 0 
_1.ptx 1726 : 32768 398144 0 0 0 0 0 0 0 
_1.ptx 1727 : 32768 393472 0 0 0 0 0 0 0 
_1.ptx 1728 : 32768 397664 0 0 0 0 0 0 0 
_1.ptx 1729 : 32768 389824 0 0 0 0 0 0 0 
_1.ptx 1731 : 32768 394688 0 0 0 0 0 0 0 
_1.ptx 1732 : 32768 337760 0 0 0 0 0 0 0 
_1.ptx 1733 : 32768 402560 0 0 0 0 0 0 0 
_1.ptx 1734 : 32768 392832 0 0 0 0 0 0 0 
_1.ptx 1735 : 32768 337280 0 0 0 0 0 0 0 
_1.ptx 1737 : 32768 401888 0 0 0 0 0 0 0 
_1.ptx 1738 : 32768 389664 0 0 0 0 0 0 0 
_1.ptx 1739 : 32768 384960 0 0 0 0 0 0 0 
_1.ptx 1740 : 32768 187808 0 1024 1024 0 0 0 0 
_1.ptx 1742 : 32768 381632 0 0 0 0 0 0 0 
_1.ptx 1743 : 32768 382400 0 0 0 0 0 0 0 
_1.ptx 1744 : 32768 187648 0 1024 1024 0 0 0 0 
_1.ptx 1746 : 32768 380416 0 0 0 0 0 0 0 
_1.ptx 1747 : 32768 379040 0 0 0 0 0 0 0 
_1.ptx 1748 : 32768 379456 0 0 0 0 0 0 0 
_1.ptx 1749 : 32768 184928 0 1024 1024 0 0 0 0 
_1.ptx 1751 : 32768 376736 0 0 0 0 0 0 0 
_1.ptx 1752 : 32768 377216 0 0 0 0 0 0 0 
_1.ptx 1753 : 32768 189248 0 1024 1024 0 0 0 0 
_1.ptx 1755 : 32768 373600 0 0 0 0 0 0 0 
_1.ptx 1756 : 32768 379456 0 0 0 0 0 0 0 
_1.ptx 1757 : 32768 374720 0 0 0 0 0 0 0 
_1.ptx 1758 : 32768 200000 0 1024 1024 0 0 0 0 
_1.ptx 1760 : 32768 372192 0 0 0 0 0 0 0 
_1.ptx 1761 : 32768 374048 0 0 0 0 0 0 0 
_1.ptx 1762 : 32768 374784 0 0 0 0 0 0 0 
_1.ptx 1763 : 32768 228960 0 1024 1024 0 0 0 0 
_1.ptx 1765 : 32768 372416 0 0 0 0 0 0 0 
_1.ptx 1766 : 32768 371200 0 0 0 0 0 0 0 
_1.ptx 1767 : 32768 241344 0 1024 1024 0 0 0 0 
_1.ptx 1769 : 32768 375232 0 0 0 0 0 0 0 
_1.ptx 1770 : 32768 369504 0 0 0 0 0 0 0 
_1.ptx 1771 : 32768 236800 0 1024 1024 0 0 0 0 
_1.ptx 1773 : 32768 212960 0 0 0 0 0 0 0 
_1.ptx 1774 : 32768 279648 0 0 0 0 0 0 0 
_1.ptx 1775 : 32768 248512 0 0 0 0 0 0 0 
_1.ptx 1776 : 32768 386816 0 0 0 0 0 0 0 
_1.ptx 1777 : 32768 369152 0 0 0 0 0 0 0 
_1.ptx 1779 : 32768 404448 0 1024 1024 0 0 0 0 
_1.ptx 1780 : 32768 447168 0 0 0 1024 1024 0 0 
_1.ptx 1782 : 32768 369056 0 0 0 0 0 0 0 
_1.ptx 1784 : 32768 500736 0 1024 1024 0 0 0 0 
_1.ptx 1785 : 32768 533568 0 0 0 1024 1024 0 0 
_1.ptx 1787 : 32768 366464 0 0 0 0 0 0 0 
_1.ptx 1789 : 32768 562016 0 1024 1024 0 0 0 0 
_1.ptx 1790 : 32768 646336 0 0 0 1024 1024 0 0 
_1.ptx 1792 : 32768 366752 0 0 0 0 0 0 0 
_1.ptx 1794 : 32768 616992 0 1024 1024 0 0 0 0 
_1.ptx 1795 : 32768 696576 0 0 0 1024 1024 0 0 
_1.ptx 1797 : 32768 366016 0 0 0 0 0 0 0 
_1.ptx 1799 : 32768 578144 0 1024 1024 0 0 0 0 
_1.ptx 1800 : 32768 675904 0 0 0 1024 1024 0 0 
_1.ptx 1802 : 32768 365568 0 0 0 0 0 0 0 
_1.ptx 1804 : 32768 619904 0 1024 1024 0 0 0 0 
_1.ptx 1805 : 32768 671680 0 0 0 1024 1024 0 0 
_1.ptx 1807 : 32768 364288 0 0 0 0 0 0 0 
_1.ptx 1809 : 32768 621472 0 1024 1024 0 0 0 0 
_1.ptx 1810 : 32768 664864 0 0 0 1024 1024 0 0 
_1.ptx 1812 : 32768 690976 0 1024 1024 0 0 0 0 
_1.ptx 1813 : 32768 363712 0 0 0 0 0 0 0 
_1.ptx 1814 : 32768 650944 0 0 0 1024 1024 0 0 
_1.ptx 1816 : 32768 201824 0 0 0 0 0 0 0 
_1.ptx 1525 : 32768 213856 0 0 0 0 0 0 0 
_1.ptx 1527 : 32768 217120 0 0 0 0 0 0 0 
_1.ptx 1528 : 32768 252000 0 0 0 0 0 0 0 
_1.ptx 1529 : 32768 221440 0 0 0 0 0 0 0 
_1.ptx 1530 : 32768 256032 0 0 0 0 0 0 0 
_1.ptx 1531 : 32768 222400 0 0 0 0 0 0 0 
_1.ptx 1532 : 32768 259520 0 0 0 0 0 0 0 
_1.ptx 1533 : 32768 224384 0 0 0 0 0 0 0 
_1.ptx 1534 : 32768 259904 0 0 0 0 0 0 0 
_1.ptx 1535 : 32768 376256 0 0 0 0 0 0 0 
_1.ptx 1536 : 32768 235392 0 0 0 0 0 0 0 
_1.ptx 1537 : 32768 286912 0 0 0 0 0 0 0 
_1.ptx 1538 : 32768 234656 0 0 0 0 0 0 0 
_1.ptx 1539 : 32768 378912 0 0 0 0 0 0 0 
_1.ptx 1540 : 32768 2135424 128 0 0 0 0 0 0 
_1.ptx 1541 : 32768 294592 0 0 0 0 0 0 0 
_1.ptx 1542 : 32768 382208 0 0 0 0 0 0 0 
_1.ptx 1543 : 32768 270464 0 0 0 0 0 0 0 
_1.ptx 1544 : 32768 387744 0 0 0 0 0 0 0 
_1.ptx 1545 : 32768 376320 0 0 0 0 0 0 0 
_1.ptx 1546 : 32768 129120 0 0 0 0 0 0 0 
_1.ptx 1547 : 32768 379712 0 0 0 0 0 0 0 
_1.ptx 1548 : 32768 377248 0 0 0 0 0 0 0 
_1.ptx 1549 : 32768 267456 0 0 0 0 0 0 0 
_1.ptx 1550 : 32768 358432 0 0 0 0 0 0 0 
_1.ptx 1551 : 32768 372192 0 0 0 0 0 0 0 
_1.ptx 1552 : 32768 10267072 131072 0 0 1024 1024 0 0 
_1.ptx 1553 : 32768 179904 0 1024 1024 0 0 0 0 
_1.ptx 1555 : 32768 231648 0 0 0 0 0 0 0 
_1.ptx 1556 : 32768 330592 0 0 0 0 0 0 0 
_1.ptx 1557 : 32768 361984 0 0 0 0 0 0 0 
_1.ptx 1558 : 32768 9401312 131072 0 0 1024 1024 0 0 
_1.ptx 1559 : 32768 171328 0 1024 1024 0 0 0 0 
_1.ptx 1561 : 32768 360928 0 0 0 0 0 0 0 
_1.ptx 1562 : 32768 9370528 131072 0 0 1024 1024 0 0 
_1.ptx 1563 : 32768 176512 0 1024 1024 0 0 0 0 
_1.ptx 1565 : 32768 360576 0 0 0 0 0 0 0 
_1.ptx 1567 : 32768 9218240 131072 0 0 1024 1024 0 0 
_1.ptx 1568 : 32768 169536 0 1024 1024 0 0 0 0 
_1.ptx 1570 : 32768 360608 0 0 0 0 0 0 0 
_1.ptx 1572 : 32768 9198048 131072 0 0 1024 1024 0 0 
_1.ptx 1573 : 32768 169728 0 1024 1024 0 0 0 0 
_1.ptx 1575 : 32768 360704 0 0 0 0 0 0 0 
_1.ptx 1577 : 32768 9706560 131072 0 0 1024 1024 0 0 
_1.ptx 1578 : 32768 167648 0 1024 1024 0 0 0 0 
_1.ptx 1580 : 32768 360960 0 0 0 0 0 0 0 
_1.ptx 1582 : 32768 9172032 131072 0 0 1024 1024 0 0 
_1.ptx 1583 : 32768 171744 0 1024 1024 0 0 0 0 
_1.ptx 1585 : 32768 361120 0 0 0 0 0 0 0 
_1.ptx 1587 : 32768 9058240 131072 0 0 1024 1024 0 0 
_1.ptx 1588 : 32768 171008 0 1024 1024 0 0 0 0 
_1.ptx 1590 : 32768 241664 0 0 0 0 0 0 0 
_1.ptx 1591 : 32768 338912 0 0 0 0 0 0 0 
_1.ptx 1592 : 32768 243840 0 0 0 0 0 0 0 
_1.ptx 1593 : 32768 368064 0 0 0 0 0 0 0 
_1.ptx 1594 : 32768 342112 0 0 0 0 0 0 0 
_1.ptx 1595 : 32768 368448 0 0 0 0 0 0 0 
_1.ptx 1596 : 32768 278720 0 1024 1024 0 0 0 0 
_1.ptx 1597 : 32768 280480 0 1024 1024 0 0 0 0 
_1.ptx 1598 : 32768 369984 0 0 0 0 0 0 0 
_1.ptx 1600 : 32768 279104 0 1024 1024 0 0 0 0 
_1.ptx 1601 : 32768 277472 0 1024 1024 0 0 0 0 
_1.ptx 1602 : 32768 2075136 128 0 0 0 0 0 0 
_1.ptx 1603 : 32768 2069792 0 0 0 0 0 0 0 
_1.ptx 1604 : 32768 370848 0 0 0 0 0 0 0 
_1.ptx 1605 : 32768 307392 0 0 0 0 0 0 0 
_1.ptx 1607 : 32768 282048 0 1024 1024 0 0 0 0 
_1.ptx 1608 : 32768 282592 0 1024 1024 0 0 0 0 
_1.ptx 1609 : 32768 280512 0 1024 1024 0 0 0 0 
_1.ptx 1610 : 32768 280576 0 1024 1024 0 0 0 0 
_1.ptx 1611 : 32768 121408 0 0 0 0 0 0 0 
_1.ptx 1612 : 32768 119904 0 0 0 0 0 0 0 
_1.ptx 1613 : 32768 117760 0 0 0 0 0 0 0 
_1.ptx 1614 : 32768 118624 0 0 0 0 0 0 0 
_1.ptx 1615 : 32768 378144 0 0 0 0 0 0 0 
_1.ptx 1616 : 32768 324064 0 0 0 0 0 0 0 
_1.ptx 1617 : 32768 324960 0 0 0 0 0 0 0 
_1.ptx 1618 : 32768 331680 0 0 0 0 0 0 0 
_1.ptx 1620 : 32768 393504 0 0 0 0 0 0 0 
_1.ptx 1621 : 32768 394624 0 0 0 0 0 0 0 
_1.ptx 1622 : 32768 397632 0 0 0 0 0 0 0 
_1.ptx 1623 : 32768 344576 0 0 0 0 0 0 0 
_1.ptx 1624 : 32768 399360 0 0 0 0 0 0 0 
_1.ptx 1625 : 32768 397056 0 0 0 0 0 0 0 
_1.ptx 1627 : 32768 395584 0 0 0 0 0 0 0 
_1.ptx 1629 : 32768 402912 0 0 0 0 0 0 0 
_1.ptx 1630 : 32768 401344 0 0 0 0 0 0 0 
_1.ptx 1631 : 32768 392448 0 0 0 0 0 0 0 
_1.ptx 1633 : 32768 393952 0 0 0 0 0 0 0 
_1.ptx 1634 : 32768 398400 0 0 0 0 0 0 0 
_1.ptx 1635 : 32768 390848 0 0 0 0 0 0 0 
