kernel line : count latency dram_traffic smem_bk_conflicts smem_warp gmem_access_generated gmem_warp exposed_latency warp_divergence
_1.ptx 70 : 12800 78176 0 0 0 0 0 0 0 
_1.ptx 71 : 12800 154944 0 0 0 0 0 0 0 
_1.ptx 72 : 12800 79712 0 0 0 0 0 0 0 
_1.ptx 73 : 12800 151872 0 0 0 0 0 0 0 
_1.ptx 74 : 12800 94752 0 0 0 0 0 0 0 
_1.ptx 75 : 12800 109600 0 0 0 0 0 0 0 
_1.ptx 76 : 12800 92608 0 0 0 0 0 0 0 
_1.ptx 77 : 12800 1707968 128 0 0 0 0 0 0 
_1.ptx 78 : 12800 1692640 0 0 0 0 0 0 0 
_1.ptx 79 : 12800 1651520 0 0 0 0 0 0 0 
_1.ptx 80 : 12800 79168 0 0 0 0 0 0 0 
_1.ptx 81 : 12800 79712 0 0 0 0 0 0 0 
_1.ptx 82 : 12800 32832 0 0 0 0 0 0 100 
_1.ptx 83 : 7600 47316 0 0 0 0 0 0 0 
_1.ptx 84 : 7600 47124 0 0 0 0 0 0 0 
_1.ptx 85 : 7600 61956 0 0 0 0 0 0 0 
_1.ptx 86 : 7600 7824 0 0 0 0 0 0 0 
_1.ptx 88 : 6400 45696 0 0 0 0 0 0 0 
_1.ptx 90 : 6400 70848 0 0 0 0 0 0 0 
_1.ptx 91 : 6400 68256 0 0 0 0 0 0 0 
_1.ptx 92 : 6400 43968 0 0 0 0 0 0 0 
_1.ptx 95 : 1200 8976 0 0 0 0 0 0 0 
_1.ptx 96 : 1200 8124 0 0 0 0 0 0 0 
_1.ptx 97 : 1200 10320 0 0 0 0 0 0 0 
_1.ptx 98 : 1200 13620 0 0 0 0 0 0 0 
_1.ptx 99 : 1200 8892 0 0 0 0 0 0 0 
_1.ptx 100 : 1200 12468 0 0 0 0 0 0 0 
_1.ptx 101 : 1200 13584 0 0 0 0 0 0 0 
_1.ptx 102 : 1200 12252 0 0 0 0 0 0 0 
_1.ptx 103 : 1200 12492 0 0 0 0 0 0 0 
_1.ptx 105 : 1200 8880 0 0 0 0 0 0 0 
_1.ptx 106 : 1200 7908 0 0 0 0 0 0 0 
_1.ptx 107 : 1200 9816 0 0 0 0 0 0 0 
_1.ptx 108 : 1200 13380 0 0 0 0 0 0 0 
_1.ptx 109 : 1200 8988 0 0 0 0 0 0 0 
_1.ptx 110 : 1200 12816 0 0 0 0 0 0 0 
_1.ptx 113 : 7600 78176 0 0 0 0 0 0 0 
_1.ptx 114 : 7600 49592 0 0 0 0 0 0 0 
_1.ptx 115 : 7600 62576 0 0 0 0 0 0 0 
_1.ptx 116 : 7600 85360 0 0 0 0 0 0 0 
_1.ptx 117 : 7600 80480 0 0 0 0 0 0 0 
_1.ptx 118 : 7600 61316 0 0 0 0 0 0 0 
_1.ptx 120 : 7600 53568 0 0 0 0 0 0 0 
_1.ptx 121 : 7600 63616 0 0 0 0 0 0 0 
_1.ptx 122 : 7600 88372 0 0 0 0 0 0 0 
_1.ptx 124 : 7600 55836 0 0 0 0 0 0 0 
_1.ptx 125 : 7600 66644 0 0 0 0 0 0 0 
_1.ptx 126 : 7600 86168 0 0 0 0 0 0 0 
_1.ptx 128 : 7600 63312 0 0 0 0 0 0 0 
_1.ptx 129 : 7600 86396 0 0 0 0 0 0 0 
_1.ptx 130 : 7600 61788 0 0 0 0 0 0 0 
_1.ptx 132 : 7600 54400 0 0 0 0 0 0 0 
_1.ptx 133 : 7600 63788 0 0 0 0 0 0 0 
_1.ptx 134 : 7600 57228 0 0 0 0 0 0 0 
_1.ptx 135 : 7600 63548 0 0 0 0 0 0 0 
_1.ptx 136 : 7600 58340 0 0 0 0 0 0 0 
_1.ptx 137 : 7600 63656 0 0 0 0 0 0 0 
_1.ptx 138 : 7600 51572 0 0 0 0 0 0 0 
_1.ptx 139 : 7600 64208 0 0 0 0 0 0 0 
_1.ptx 140 : 7600 59476 0 0 0 0 0 0 0 
_1.ptx 141 : 7600 64232 0 0 0 0 0 0 0 
_1.ptx 142 : 7600 57960 0 0 0 0 0 0 0 
_1.ptx 143 : 7600 64132 0 0 0 0 0 0 0 
_1.ptx 144 : 7600 64772 0 0 0 0 0 0 0 
_1.ptx 145 : 7600 52556 0 0 0 0 0 0 0 
_1.ptx 147 : 5200 32536 0 0 0 0 0 0 0 
_1.ptx 148 : 5200 42308 0 0 0 0 0 0 0 
_1.ptx 149 : 5200 33144 0 0 0 0 0 0 0 
_1.ptx 150 : 5200 42532 0 0 0 0 0 0 0 
_1.ptx 151 : 5200 33064 0 0 0 0 0 0 0 
_1.ptx 154 : 12800 145728 0 0 0 0 0 0 0 
_1.ptx 155 : 12800 87328 0 0 0 0 0 0 0 
_1.ptx 156 : 12800 144896 0 0 0 0 0 0 0 
_1.ptx 157 : 12800 108512 0 0 0 0 0 0 0 
_1.ptx 158 : 12800 145856 0 0 0 0 0 0 0 
_1.ptx 159 : 12800 109184 0 0 0 0 0 0 0 
_1.ptx 160 : 12800 109024 0 0 0 0 0 0 0 
_1.ptx 161 : 12800 99424 0 0 0 0 0 0 0 
_1.ptx 162 : 12800 98496 0 0 0 0 0 0 0 
_1.ptx 163 : 12800 108160 0 0 0 0 0 0 0 
_1.ptx 164 : 12800 87040 0 0 0 0 0 0 0 
_1.ptx 165 : 12800 107904 0 0 0 0 0 0 0 
_1.ptx 166 : 12800 18648 0 0 0 0 0 0 100 
_1.ptx 168 : 10000 66900 0 0 0 0 0 0 0 
_1.ptx 169 : 10000 31264 0 0 0 0 0 0 0 
_1.ptx 170 : 10000 75780 0 0 0 0 0 0 0 
_1.ptx 171 : 10000 103632 0 0 0 0 0 0 0 
_1.ptx 172 : 10000 113292 0 0 0 0 0 0 0 
_1.ptx 173 : 10000 2887144 38528 0 0 661 400 0 0 
_1.ptx 174 : 10000 104660 0 0 0 0 0 0 0 
_1.ptx 175 : 10000 68668 0 0 0 0 0 0 0 
_1.ptx 176 : 10000 84368 0 0 0 0 0 0 0 
_1.ptx 177 : 10000 113116 0 0 0 0 0 0 0 
_1.ptx 178 : 10000 75788 0 0 0 0 0 0 0 
_1.ptx 179 : 10000 104296 0 0 0 0 0 0 0 
_1.ptx 180 : 10000 112768 0 0 0 0 0 0 0 
_1.ptx 181 : 10000 69996 0 400 400 0 0 0 0 
_1.ptx 183 : 12800 82976 0 0 0 0 0 0 0 
_1.ptx 184 : 12800 82912 0 0 0 0 0 0 0 
_1.ptx 185 : 12800 107744 0 0 0 0 0 0 0 
_1.ptx 186 : 12800 46204 0 0 0 0 0 0 148 
_1.ptx 188 : 5688 32832 0 0 0 0 0 0 0 
_1.ptx 189 : 5688 42324 0 0 0 0 0 0 0 
_1.ptx 190 : 5688 42825 0 0 0 0 0 0 0 
_1.ptx 191 : 5688 58932 0 0 0 0 0 0 0 
_1.ptx 192 : 5688 64240 0 0 0 0 0 0 0 
_1.ptx 193 : 5688 1107665 1536 0 0 1188 292 0 0 
_1.ptx 194 : 5688 42952 0 0 0 0 0 0 0 
_1.ptx 195 : 5688 42473 0 0 0 0 0 0 0 
_1.ptx 196 : 5688 59122 0 0 0 0 0 0 0 
_1.ptx 197 : 5688 64501 0 0 0 0 0 0 0 
_1.ptx 198 : 5688 40782 0 292 292 0 0 0 0 
_1.ptx 200 : 12800 60288 0 0 0 0 0 0 0 
_1.ptx 201 : 12800 81600 0 0 0 0 0 0 0 
_1.ptx 202 : 12800 107104 0 0 0 0 0 0 0 
_1.ptx 203 : 12800 0 0 0 0 0 0 0 0 
_1.ptx 204 : 12800 134496 0 0 0 0 0 0 0 
_1.ptx 205 : 12800 86688 0 0 0 0 0 0 0 
_1.ptx 206 : 12800 106464 0 0 0 0 0 0 0 
_1.ptx 207 : 12800 144000 0 0 0 0 0 0 0 
_1.ptx 208 : 12800 135008 0 0 0 0 0 0 0 
_1.ptx 209 : 12800 135264 0 0 0 0 0 0 0 
_1.ptx 210 : 12800 136640 0 0 0 0 0 0 0 
_1.ptx 211 : 12800 136576 0 0 0 0 0 0 0 
_1.ptx 212 : 12800 103200 0 0 0 0 0 0 0 
_1.ptx 213 : 12800 92160 0 0 0 0 0 0 0 
_1.ptx 214 : 12800 97696 0 0 0 0 0 0 0 
_1.ptx 217 : 1280000 8124928 0 0 0 0 0 0 0 
_1.ptx 218 : 1280000 10581728 0 0 0 0 0 0 0 
_1.ptx 219 : 1280000 1794996 0 0 0 0 0 0 10000 
_1.ptx 221 : 1000000 7430128 0 0 0 0 0 0 0 
_1.ptx 223 : 1000000 8425912 0 0 0 0 0 0 0 
_1.ptx 224 : 1000000 11254184 0 0 0 0 0 0 0 
_1.ptx 226 : 1000000 7662596 0 0 0 0 0 0 0 
_1.ptx 227 : 1000000 10598488 0 0 0 0 0 0 0 
_1.ptx 228 : 1000000 11354924 0 0 0 0 0 0 0 
_1.ptx 229 : 1000000 8887524 0 40000 40000 0 0 0 0 
_1.ptx 230 : 1000000 5641612 0 40000 40000 0 0 0 0 
_1.ptx 232 : 1000000 9139576 0 40000 40000 0 0 0 0 
_1.ptx 233 : 1000000 5676168 0 40000 40000 0 0 0 0 
_1.ptx 234 : 1000000 8334580 0 0 0 0 0 0 0 
_1.ptx 235 : 1000000 62160 0 0 0 0 0 0 0 
_1.ptx 237 : 990000 3709156 0 0 0 0 0 0 0 
_1.ptx 238 : 990000 7253996 0 0 0 0 0 0 0 
_1.ptx 239 : 990000 10339808 0 0 0 0 0 0 0 
_1.ptx 240 : 990000 11121560 0 0 0 0 0 0 0 
_1.ptx 241 : 990000 269236044 3336320 0 0 65589 39600 0 0 
_1.ptx 242 : 990000 5533884 0 39600 39600 0 0 0 0 
_1.ptx 245 : 1280000 4501694 0 0 0 0 0 0 14800 
_1.ptx 247 : 568800 4197796 0 0 0 0 0 0 0 
_1.ptx 248 : 568800 4712172 0 0 0 0 0 0 0 
_1.ptx 249 : 568800 6372317 0 0 0 0 0 0 0 
_1.ptx 250 : 568800 4211625 0 0 0 0 0 0 0 
_1.ptx 252 : 568800 4196412 0 0 0 0 0 0 0 
_1.ptx 253 : 568800 4206614 0 0 0 0 0 0 0 
_1.ptx 254 : 568800 5905877 0 0 0 0 0 0 0 
_1.ptx 255 : 568800 6374329 0 0 0 0 0 0 0 
_1.ptx 256 : 568800 4991808 0 29200 29200 0 0 0 0 
_1.ptx 257 : 568800 3181530 0 29200 29200 0 0 0 0 
_1.ptx 259 : 568800 5069985 0 29200 29200 0 0 0 0 
_1.ptx 260 : 568800 3160470 0 29200 29200 0 0 0 0 
_1.ptx 261 : 568800 4678037 0 0 0 0 0 0 0 
_1.ptx 262 : 568800 35235 0 0 0 0 0 0 0 
_1.ptx 264 : 563112 2078246 0 0 0 0 0 0 0 
_1.ptx 265 : 563112 4149698 0 0 0 0 0 0 0 
_1.ptx 266 : 563112 5934844 0 0 0 0 0 0 0 
_1.ptx 267 : 563112 6320048 0 0 0 0 0 0 0 
_1.ptx 268 : 563112 111698952 776064 0 0 117612 28908 0 0 
_1.ptx 269 : 563112 3163500 0 28908 28908 0 0 0 0 
_1.ptx 273 : 1280000 8034048 0 0 0 0 0 0 0 
_1.ptx 274 : 1280000 8201632 0 0 0 0 0 0 0 
_1.ptx 275 : 1280000 10628608 0 0 0 0 0 0 0 
_1.ptx 276 : 1280000 1792980 0 0 0 0 0 0 10000 
_1.ptx 278 : 1000000 6414196 0 0 0 0 0 0 0 
_1.ptx 279 : 1000000 8286032 0 0 0 0 0 0 0 
_1.ptx 280 : 1000000 63727 0 0 0 0 0 0 10000 
_1.ptx 281 : 990000 8207031 0 0 0 0 0 0 0 
_1.ptx 282 : 990000 63867 0 0 0 0 0 0 10000 
_1.ptx 283 : 980000 6346911 0 0 0 0 0 0 0 
_1.ptx 284 : 980000 8126120 0 0 0 0 0 0 0 
_1.ptx 285 : 980000 63746 0 0 0 0 0 0 0 
_1.ptx 286 : 970200 8050620 0 0 0 0 0 0 0 
_1.ptx 287 : 970200 63057 0 0 0 0 0 0 0 
_1.ptx 288 : 960400 6209430 0 0 0 0 0 0 0 
_1.ptx 289 : 960400 7962131 0 0 0 0 0 0 0 
_1.ptx 290 : 960400 59149 0 0 0 0 0 0 0 
_1.ptx 291 : 950796 7911983 0 0 0 0 0 0 0 
_1.ptx 292 : 950796 6045747 0 0 0 0 0 0 0 
_1.ptx 296 : 58808 434254 0 0 0 0 0 0 0 
_1.ptx 297 : 58808 628471 0 0 0 0 0 0 0 
_1.ptx 298 : 58808 661440 0 0 0 0 0 0 0 
_1.ptx 299 : 58808 510014 0 21584 21584 0 0 0 0 
_1.ptx 300 : 58808 369195 0 0 0 0 0 0 0 
_1.ptx 303 : 941192 6955461 0 0 0 0 0 0 0 
_1.ptx 304 : 941192 9914066 0 0 0 0 0 0 0 
_1.ptx 305 : 941192 10574623 0 0 0 0 0 0 0 
_1.ptx 306 : 941192 8278178 0 38416 38416 0 0 0 0 
_1.ptx 307 : 941192 8308354 0 38416 38416 0 0 0 0 
_1.ptx 308 : 941192 8362852 0 38416 38416 0 0 0 0 
_1.ptx 309 : 941192 8360358 0 38416 38416 0 0 0 0 
_1.ptx 310 : 941192 8384624 0 38416 38416 0 0 0 0 
_1.ptx 311 : 941192 8369094 0 38416 38416 0 0 0 0 
_1.ptx 312 : 941192 10622015 0 0 0 0 0 0 0 
_1.ptx 313 : 941192 10613618 0 0 0 0 0 0 0 
_1.ptx 314 : 941192 10608940 0 0 0 0 0 0 0 
_1.ptx 315 : 941192 10623048 0 0 0 0 0 0 0 
_1.ptx 316 : 941192 10675173 0 0 0 0 0 0 0 
_1.ptx 317 : 941192 6311377 0 0 0 0 0 0 0 
_1.ptx 318 : 941192 10635081 0 0 0 0 0 0 0 
_1.ptx 321 : 1000000 3495116 0 0 0 0 0 0 0 
_1.ptx 322 : 1000000 7557344 0 0 0 0 0 0 0 
_1.ptx 323 : 1000000 7455080 0 0 0 0 0 0 0 
_1.ptx 324 : 1000000 10501328 0 0 0 0 0 0 0 
_1.ptx 325 : 1000000 11260144 0 0 0 0 0 0 0 
_1.ptx 326 : 1000000 6366240 3239456 0 0 66250 40000 0 0 
_1.ptx 329 : 1280000 8083104 0 0 0 0 0 0 0 
_1.ptx 330 : 1280000 13280864 0 0 0 0 0 0 0 
_1.ptx 331 : 1280000 10638784 0 0 0 0 0 0 0 
_1.ptx 332 : 1280000 8130880 0 0 0 0 0 0 0 
_1.ptx 335 : 12800 80864 0 0 0 0 0 0 0 
