kernel line : count latency dram_traffic smem_bk_conflicts smem_warp gmem_access_generated gmem_warp exposed_latency warp_divergence
_1.ptx 206 : 1048576 5081632 0 0 0 0 0 0 0 
_1.ptx 207 : 1048576 13505152 0 0 0 0 0 0 0 
_1.ptx 208 : 1048576 12415008 0 0 0 0 0 0 0 
_1.ptx 209 : 1048576 9580064 0 0 0 0 0 0 0 
_1.ptx 210 : 1048576 9496000 0 0 0 0 0 0 0 
_1.ptx 211 : 1048576 9607072 0 0 0 0 0 0 0 
_1.ptx 212 : 1048576 13576224 0 0 0 0 0 0 0 
_1.ptx 213 : 1048576 12104096 0 0 0 0 0 0 0 
_1.ptx 214 : 1048576 9501088 0 0 0 0 0 0 0 
_1.ptx 215 : 1048576 13615616 0 0 0 0 0 0 0 
_1.ptx 216 : 1048576 14486656 0 0 0 0 0 0 0 
_1.ptx 217 : 1048576 3869600 0 0 0 0 0 0 0 
_1.ptx 218 : 1048576 12707328 0 0 0 0 0 0 0 
_1.ptx 219 : 1048576 12770720 0 0 0 0 0 0 0 
_1.ptx 220 : 1048576 3476192 0 0 0 0 0 0 0 
_1.ptx 221 : 1048576 12995584 0 0 0 0 0 0 0 
_1.ptx 222 : 1048576 12794464 0 0 0 0 0 0 0 
_1.ptx 223 : 1048576 9036128 0 0 0 0 0 0 0 
_1.ptx 224 : 1048576 12146208 0 0 0 0 0 0 0 
_1.ptx 225 : 1048576 12691104 0 0 0 0 0 0 0 
_1.ptx 226 : 1048576 12735040 0 0 0 0 0 0 0 
_1.ptx 227 : 1048576 12631648 0 0 0 0 0 0 0 
_1.ptx 228 : 1048576 8728448 0 0 0 0 0 0 0 
_1.ptx 229 : 1048576 11241248 0 0 0 0 0 0 0 
_1.ptx 230 : 1048576 3480608 0 0 0 0 0 0 0 
_1.ptx 231 : 1048576 12755200 0 0 0 0 0 0 0 
_1.ptx 232 : 1048576 3461664 0 0 0 0 0 0 0 
_1.ptx 233 : 1048576 12824256 0 0 0 0 0 0 0 
_1.ptx 234 : 1048576 353780160 4456576 0 0 65536 32768 0 0 
_1.ptx 235 : 1048576 11854688 0 0 0 0 0 0 0 
_1.ptx 236 : 1048576 365344288 4456576 0 0 65536 32768 0 0 
_1.ptx 237 : 1048576 10039680 0 0 0 0 0 0 0 
_1.ptx 238 : 1048576 9332544 0 0 0 0 0 0 0 
_1.ptx 239 : 1048576 17879552 0 0 0 0 0 0 0 
_1.ptx 240 : 1048576 178591616 262272 0 0 34816 32768 0 0 
_1.ptx 241 : 1048576 9222112 0 0 0 0 0 0 0 
_1.ptx 242 : 1048576 6104608 128 0 0 32768 32768 0 0 
_1.ptx 243 : 1048576 10105504 0 0 0 0 0 0 0 
_1.ptx 244 : 1048576 9947328 0 0 0 0 0 0 0 
_1.ptx 245 : 1048576 23149056 0 0 0 0 0 0 0 
_1.ptx 246 : 1048576 28478784 0 0 0 0 0 0 0 
_1.ptx 247 : 1048576 28476928 0 0 0 0 0 0 0 
_1.ptx 248 : 1048576 14737376 0 0 0 0 0 0 0 
_1.ptx 249 : 1048576 8163488 0 0 0 65536 32768 0 0 
_1.ptx 251 : 1048576 15758720 0 0 0 65536 32768 0 0 
_1.ptx 252 : 1048576 10665248 0 0 0 0 0 0 0 
_1.ptx 253 : 1048576 10395936 0 0 0 0 0 0 0 
_1.ptx 254 : 1048576 19258624 0 0 0 0 0 0 0 
_1.ptx 255 : 1048576 6028064 0 0 0 34816 32768 0 0 
_1.ptx 256 : 1048576 14705248 0 0 0 0 0 0 0 
_1.ptx 257 : 1048576 5299136 0 0 0 32768 32768 0 0 
_1.ptx 258 : 1048576 14551264 0 0 0 0 0 0 0 
_1.ptx 259 : 1048576 14277568 0 0 0 0 0 0 0 
_1.ptx 260 : 1048576 23456544 0 0 0 0 0 0 0 
_1.ptx 261 : 1048576 23634304 0 0 0 0 0 0 0 
_1.ptx 262 : 1048576 14575168 0 0 0 0 0 0 0 
_1.ptx 263 : 1048576 7593760 0 0 0 65536 32768 0 0 
_1.ptx 265 : 1048576 10742720 0 0 0 0 0 0 0 
_1.ptx 266 : 1048576 8465984 0 0 0 0 0 0 0 
_1.ptx 67 : 1048576 6941344 0 0 0 0 0 0 0 
_1.ptx 267 : 1048576 9332992 0 0 0 0 0 0 0 
_1.ptx 68 : 1048576 7048704 0 0 0 0 0 0 0 
_1.ptx 268 : 1048576 8431840 0 0 0 0 0 0 0 
_1.ptx 69 : 1048576 8957920 0 0 0 0 0 0 0 
_1.ptx 269 : 1048576 7416672 0 0 0 0 0 0 0 
_1.ptx 70 : 1048576 6838016 0 0 0 0 0 0 0 
_1.ptx 270 : 1048576 9009088 0 0 0 0 0 0 0 
_1.ptx 71 : 1048576 8111648 0 0 0 0 0 0 0 
_1.ptx 271 : 1048576 8141408 0 0 0 0 0 0 0 
_1.ptx 72 : 1048576 7181792 0 0 0 0 0 0 0 
_1.ptx 272 : 1048576 9299776 0 0 0 0 0 0 0 
_1.ptx 73 : 1048576 18537312 0 0 0 0 0 0 0 
_1.ptx 273 : 1048576 7286272 0 0 0 0 0 0 0 
_1.ptx 74 : 1048576 11996064 0 0 0 0 0 0 0 
_1.ptx 274 : 1048576 9102336 0 0 0 0 0 0 0 
_1.ptx 75 : 1048576 7024800 0 0 0 0 0 0 0 
_1.ptx 275 : 1048576 7421104 0 0 0 0 0 0 1 
_1.ptx 76 : 1048576 6784080 0 0 0 0 0 0 32768 
_1.ptx 277 : 16 192 0 0 0 0 0 0 0 
_1.ptx 78 : 65536 331634 128 0 0 0 0 0 0 
_1.ptx 278 : 16 192 0 0 0 0 0 0 0 
_1.ptx 79 : 65536 1059670 0 0 0 0 0 0 0 
_1.ptx 279 : 16 2384 0 0 0 1 1 0 0 
_1.ptx 80 : 65536 743794 0 0 0 0 0 0 0 
_1.ptx 280 : 16 112 0 0 0 0 0 0 0 
_1.ptx 81 : 65536 503060 0 0 0 0 0 0 0 
_1.ptx 281 : 16 2384 0 0 0 1 1 0 0 
_1.ptx 82 : 65536 1081122 0 0 0 0 0 0 0 
_1.ptx 282 : 16 112 0 0 0 0 0 0 0 
_1.ptx 83 : 65536 740932 0 0 0 0 0 0 0 
_1.ptx 283 : 16 160 0 0 0 0 0 0 0 
_1.ptx 84 : 65536 5357770 262272 0 0 34816 32768 0 0 
_1.ptx 284 : 16 240 0 0 0 0 0 0 0 
_1.ptx 85 : 65536 345210 0 32768 32768 0 0 0 0 
_1.ptx 285 : 16 64 0 0 0 1 1 0 0 
_1.ptx 286 : 16 112 0 0 0 0 0 0 0 
_1.ptx 287 : 16 96 0 0 0 0 0 0 0 
_1.ptx 88 : 1048576 6738368 0 0 0 0 0 0 0 
_1.ptx 288 : 16 256 0 0 0 0 0 0 0 
_1.ptx 89 : 1048576 7030208 0 0 0 0 0 0 0 
_1.ptx 289 : 16 256 0 0 0 0 0 0 0 
_1.ptx 290 : 16 112 0 0 0 0 0 0 0 
_1.ptx 91 : 1048576 3297280 0 0 0 0 0 0 0 
_1.ptx 291 : 16 96 0 0 0 1 1 0 0 
_1.ptx 92 : 1048576 10855648 0 0 0 0 0 0 0 
_1.ptx 93 : 1048576 27963232 0 0 0 0 0 0 0 
_1.ptx 293 : 16 64 0 0 0 1 1 0 0 
_1.ptx 94 : 1048576 7898208 0 0 0 0 0 0 0 
_1.ptx 294 : 16 112 0 0 0 0 0 0 0 
_1.ptx 95 : 1048576 28666656 0 0 0 0 0 0 0 
_1.ptx 295 : 16 96 0 0 0 0 0 0 0 
_1.ptx 96 : 1048576 11044544 0 0 0 0 0 0 0 
_1.ptx 296 : 16 240 0 0 0 0 0 0 0 
_1.ptx 97 : 1048576 25154496 0 0 0 0 0 0 0 
_1.ptx 297 : 16 64 0 0 0 1 1 0 0 
_1.ptx 98 : 1048576 11893312 0 0 0 0 0 0 0 
_1.ptx 298 : 16 112 0 0 0 0 0 0 0 
_1.ptx 99 : 1048576 22173760 0 0 0 0 0 0 0 
_1.ptx 299 : 16 112 0 0 0 0 0 0 0 
_1.ptx 100 : 1048576 11940864 0 0 0 0 0 0 0 
_1.ptx 300 : 16 256 0 0 0 0 0 0 0 
_1.ptx 101 : 1048576 23036704 0 0 0 0 0 0 0 
_1.ptx 301 : 16 112 0 0 0 0 0 0 0 
_1.ptx 102 : 1048576 11894304 0 0 0 0 0 0 0 
_1.ptx 302 : 16 96 0 0 0 1 1 0 0 
_1.ptx 103 : 1048576 3487104 0 0 0 0 0 0 0 
_1.ptx 104 : 1048576 11902464 0 0 0 0 0 0 0 
_1.ptx 105 : 1048576 11891584 0 0 0 0 0 0 0 
_1.ptx 305 : 1048576 7650752 0 0 0 0 0 0 0 
_1.ptx 106 : 1048576 8084000 0 0 0 0 0 0 0 
_1.ptx 107 : 1048576 26018528 0 0 0 0 0 0 0 
_1.ptx 108 : 1048576 11865248 0 0 0 0 0 0 0 
_1.ptx 109 : 1048576 290519200 4456576 0 0 65536 32768 0 0 
_1.ptx 110 : 1048576 5672704 0 32768 32768 0 0 0 0 
_1.ptx 112 : 1048576 6789984 0 0 0 0 0 0 0 
_1.ptx 114 : 1048576 9100704 0 32768 32768 0 0 0 0 
_1.ptx 115 : 1048576 9138272 0 32768 32768 0 0 0 0 
_1.ptx 116 : 1048576 11818656 0 0 0 0 0 0 0 
_1.ptx 117 : 1048576 5600672 0 32768 32768 0 0 0 0 
_1.ptx 119 : 1048576 6841632 0 0 0 0 0 0 0 
_1.ptx 121 : 1048576 7474976 0 0 0 0 0 0 0 
_1.ptx 122 : 1048576 47936160 0 0 0 0 0 0 0 
_1.ptx 123 : 1048576 6648992 0 0 0 0 0 0 0 
_1.ptx 124 : 1048576 8636128 0 0 0 0 0 0 0 
_1.ptx 125 : 1048576 0 0 0 0 0 0 0 0 
_1.ptx 126 : 1048576 6676736 0 0 0 0 0 0 0 
_1.ptx 127 : 1048576 6505280 0 0 0 0 0 0 0 
_1.ptx 128 : 1048576 64487072 0 0 0 0 0 0 0 
_1.ptx 129 : 1048576 6479040 0 0 0 0 0 0 0 
_1.ptx 133 : 4194304 47037056 0 0 0 0 0 0 0 
_1.ptx 134 : 4194304 198957152 0 0 0 0 0 0 0 
_1.ptx 135 : 4194304 31219936 0 0 0 0 0 0 0 
_1.ptx 136 : 4194304 35496352 0 0 0 0 0 0 0 
_1.ptx 137 : 4194304 27902400 0 0 0 0 0 0 0 
_1.ptx 138 : 4194304 35392992 0 0 0 0 0 0 0 
_1.ptx 139 : 4194304 21138736 0 0 0 0 0 0 61440 
_1.ptx 141 : 983040 8261600 0 61440 61440 0 0 0 0 
_1.ptx 142 : 983040 7433408 0 0 0 0 0 0 0 
_1.ptx 143 : 983040 6646256 0 0 0 0 0 0 0 
_1.ptx 144 : 983040 8383488 0 0 0 0 0 0 0 
_1.ptx 145 : 983040 11214128 0 0 0 0 0 0 0 
_1.ptx 146 : 983040 7650976 0 0 0 0 0 0 0 
_1.ptx 147 : 983040 11187920 0 0 0 0 0 0 0 
_1.ptx 148 : 983040 7588128 0 0 0 0 0 0 0 
_1.ptx 149 : 983040 19504432 0 0 0 0 0 0 0 
_1.ptx 150 : 983040 11165488 0 0 0 0 0 0 0 
_1.ptx 151 : 983040 17177776 0 0 0 0 0 0 0 
_1.ptx 152 : 983040 11107360 0 0 0 0 0 0 0 
_1.ptx 153 : 983040 8500240 0 61440 61440 0 0 0 0 
_1.ptx 154 : 983040 11062400 0 0 0 0 0 0 0 
_1.ptx 155 : 983040 5325744 0 61440 61440 0 0 0 0 
_1.ptx 158 : 4194304 27070400 0 0 0 0 0 0 0 
_1.ptx 160 : 4194304 43878176 0 0 0 0 0 0 0 
_1.ptx 161 : 4194304 32869408 0 0 0 0 0 0 0 
_1.ptx 162 : 4194304 35697280 0 0 0 0 0 0 0 
_1.ptx 163 : 4194304 21270944 0 0 0 0 0 0 0 
_1.ptx 166 : 1048576 8971424 0 32768 32768 0 0 0 0 
_1.ptx 167 : 1048576 9603776 0 0 0 65536 32768 0 0 
_1.ptx 169 : 1048576 6414848 0 0 0 0 0 0 0 
_1.ptx 170 : 1048576 6258330 0 0 0 0 0 0 32768 
_1.ptx 172 : 65536 1318204 0 0 0 0 0 0 0 
_1.ptx 173 : 65536 735930 0 0 0 0 0 0 0 
_1.ptx 174 : 65536 1326878 0 0 0 0 0 0 0 
_1.ptx 175 : 65536 738114 0 0 0 0 0 0 0 
_1.ptx 176 : 65536 558034 0 32768 32768 0 0 0 0 
_1.ptx 177 : 65536 236398 0 0 0 0 0 0 0 
_1.ptx 178 : 65536 1020216 0 0 0 0 0 0 0 
_1.ptx 179 : 65536 738396 0 0 0 0 0 0 0 
_1.ptx 180 : 65536 517058 0 0 0 0 0 0 0 
_1.ptx 181 : 65536 955716 0 0 0 0 0 0 0 
_1.ptx 182 : 65536 747184 0 0 0 0 0 0 0 
_1.ptx 183 : 65536 363952 262048 0 0 32768 32768 0 0 
_1.ptx 186 : 1048576 6787520 0 0 0 0 0 0 0 
