kernel line : count latency dram_traffic smem_bk_conflicts smem_warp gmem_access_generated gmem_warp exposed_latency warp_divergence
_2.ptx 995 : 4718592 39366624 0 0 0 0 0 0 0 
_2.ptx 996 : 4718592 23978275 0 0 0 0 0 0 10240 
_2.ptx 998 : 1046528 6902898 0 0 0 0 0 0 0 
_2.ptx 999 : 1046528 8735013 0 0 0 0 0 0 0 
_2.ptx 1000 : 1046528 8745986 0 0 0 0 0 0 0 
_2.ptx 1001 : 1046528 11840641 0 0 0 0 0 0 0 
_2.ptx 1002 : 1046528 10987414 0 0 0 0 0 0 0 
_2.ptx 1003 : 1046528 7928324 0 0 0 0 0 0 0 
_2.ptx 1004 : 1046528 11815266 0 0 0 0 0 0 0 
_2.ptx 1005 : 1046528 7910591 0 0 0 0 0 0 0 
_2.ptx 1006 : 1046528 11135061 0 0 0 0 0 0 0 
_2.ptx 1007 : 1046528 11810480 0 0 0 0 0 0 0 
_2.ptx 1008 : 1046528 10071834 0 69632 40960 0 0 0 0 
_2.ptx 1010 : 1046528 11793519 0 0 0 0 0 0 0 
_2.ptx 1011 : 1046528 10950040 0 0 0 0 0 0 0 
_2.ptx 1012 : 1046528 7937156 0 0 0 0 0 0 0 
_2.ptx 1013 : 1046528 11815716 0 0 0 0 0 0 0 
_2.ptx 1014 : 1046528 7919986 0 0 0 0 0 0 0 
_2.ptx 1015 : 1046528 11095441 0 0 0 0 0 0 0 
_2.ptx 1016 : 1046528 11796472 0 0 0 0 0 0 0 
_2.ptx 1017 : 1046528 10222864 0 69632 40960 0 0 0 0 
_2.ptx 1018 : 1046528 6986483 0 69632 40960 0 0 0 0 
_2.ptx 1020 : 1046528 10863717 0 69632 40960 0 0 0 0 
_2.ptx 1021 : 1046528 11779474 0 0 0 0 0 0 0 
_2.ptx 1022 : 1046528 6849658 0 69632 40960 0 0 0 0 
_2.ptx 1025 : 4718592 49934976 0 0 0 0 0 0 0 
_2.ptx 1026 : 4718592 39279328 0 0 0 0 0 0 0 
_2.ptx 1027 : 4718592 27453984 0 0 0 0 0 0 0 
_3.ptx 828 : 1048576 6575072 0 0 0 0 0 0 0 
_3.ptx 829 : 1048576 6605504 0 0 0 0 0 0 0 
_3.ptx 830 : 1048576 14170656 0 0 0 0 0 0 0 
_2.ptx 1030 : 524288 3437440 0 0 0 0 0 0 0 
_3.ptx 831 : 1048576 6505632 0 0 0 0 0 0 0 
_3.ptx 832 : 1048576 11835616 0 0 0 0 0 0 0 
_2.ptx 1032 : 524288 2285408 0 0 0 0 0 0 0 
_3.ptx 833 : 1048576 6634752 0 0 0 0 0 0 0 
_2.ptx 1033 : 524288 5452288 0 32768 16384 0 0 0 0 
_3.ptx 834 : 1048576 12833952 0 0 0 0 0 0 0 
_2.ptx 1034 : 524288 5878112 0 0 0 0 0 0 0 
_3.ptx 835 : 1048576 6645088 0 0 0 0 0 0 0 
_2.ptx 1035 : 524288 3627712 2097152 0 0 16384 16384 0 0 
_3.ptx 836 : 1048576 11726752 0 0 0 0 0 0 0 
_3.ptx 837 : 1048576 8657888 128 0 0 0 0 0 0 
_2.ptx 1037 : 524288 5883200 0 32768 16384 0 0 0 0 
_3.ptx 838 : 1048576 7381632 0 0 0 0 0 0 0 
_2.ptx 1038 : 524288 5876256 0 0 0 0 0 0 0 
_3.ptx 839 : 1048576 12821280 0 0 0 0 0 0 0 
_2.ptx 1039 : 524288 3799456 2097152 0 0 16384 16384 0 0 
_3.ptx 840 : 1048576 8588416 0 0 0 0 0 0 0 
_3.ptx 841 : 1048576 6569088 0 0 0 0 0 0 0 
_2.ptx 1041 : 524288 3339328 0 0 0 0 0 0 0 
_3.ptx 845 : 1048576 13277248 0 0 0 0 0 0 0 
_3.ptx 846 : 1048576 13878144 0 0 0 0 0 0 0 
_3.ptx 847 : 1048576 6551648 0 0 0 0 0 0 0 
_3.ptx 848 : 1048576 11783040 0 0 0 0 0 0 0 
_3.ptx 849 : 1048576 7980512 0 0 0 0 0 0 0 
_3.ptx 850 : 1048576 13318304 0 0 0 0 0 0 0 
_3.ptx 851 : 1048576 10825920 0 0 0 0 0 0 0 
_3.ptx 852 : 1048576 13522848 0 0 0 0 0 0 0 
_3.ptx 853 : 1048576 8753856 0 0 0 0 0 0 0 
_3.ptx 854 : 1048576 9654432 0 0 0 0 0 0 0 
_3.ptx 855 : 1048576 8744928 0 0 0 0 0 0 0 
_3.ptx 856 : 1048576 0 0 0 0 0 0 0 0 
_3.ptx 857 : 1048576 7753248 0 0 0 0 0 0 0 
_3.ptx 858 : 1048576 11402976 0 0 0 0 0 0 0 
_3.ptx 859 : 1048576 7614912 0 0 0 0 0 0 0 
_3.ptx 860 : 1048576 11752224 0 0 0 0 0 0 0 
_3.ptx 861 : 1048576 8269216 0 0 0 0 0 0 0 
_3.ptx 862 : 1048576 11707424 0 0 0 0 0 0 0 
_3.ptx 863 : 1048576 9626816 0 0 0 0 0 0 0 
_3.ptx 864 : 1048576 11674944 0 0 0 0 0 0 0 
_3.ptx 868 : 1048576 533844960 4194304 0 0 32768 32768 0 0 
_3.ptx 869 : 1048576 10633888 0 0 0 0 0 0 0 
_2.ptx 869 : 524288 3479776 0 0 0 0 0 0 0 
_3.ptx 870 : 1048576 20338464 0 0 0 32768 32768 0 0 
_2.ptx 870 : 524288 1961664 0 0 0 0 0 0 0 
_2.ptx 871 : 524288 3422912 0 0 0 0 0 0 0 
_3.ptx 872 : 1048576 542089792 4194304 0 0 32768 32768 0 0 
_2.ptx 872 : 524288 4400000 0 0 0 0 0 0 0 
_3.ptx 873 : 1048576 10627968 0 0 0 0 0 0 0 
_2.ptx 873 : 524288 0 0 0 0 0 0 0 0 
_3.ptx 874 : 1048576 20791584 0 0 0 32768 32768 0 0 
_2.ptx 874 : 524288 3552384 0 0 0 0 0 0 0 
_2.ptx 875 : 524288 4006688 0 0 0 0 0 0 0 
_3.ptx 876 : 1048576 548375872 4194304 0 0 32768 32768 0 0 
_2.ptx 876 : 524288 4442624 0 0 0 0 0 0 0 
_3.ptx 877 : 1048576 10627520 0 0 0 0 0 0 0 
_2.ptx 877 : 524288 3613472 0 0 0 0 0 0 0 
_3.ptx 878 : 1048576 19343680 0 0 0 32768 32768 0 0 
_3.ptx 880 : 1048576 11627488 0 0 0 0 0 0 0 
_3.ptx 881 : 1048576 8530208 0 0 0 0 0 0 0 
_2.ptx 881 : 524288 3522720 0 0 0 0 0 0 0 
_3.ptx 882 : 1048576 0 0 0 0 0 0 0 0 
_2.ptx 883 : 524288 3568256 0 0 0 0 0 0 0 
_2.ptx 884 : 524288 6004992 0 0 0 0 0 0 0 
_3.ptx 885 : 1048576 6441472 0 0 0 0 0 0 0 
_2.ptx 885 : 524288 3661920 0 0 0 0 0 0 0 
_2.ptx 886 : 524288 4052128 0 0 0 0 0 0 0 
_2.ptx 887 : 524288 5621408 0 0 0 0 0 0 0 
_2.ptx 888 : 524288 4090624 0 0 0 0 0 0 0 
_2.ptx 889 : 524288 5961600 0 0 0 0 0 0 0 
_2.ptx 890 : 524288 4018208 0 0 0 0 0 0 0 
_2.ptx 891 : 524288 5615104 0 0 0 0 0 0 0 
_2.ptx 892 : 524288 5937408 0 0 0 0 0 0 0 
_2.ptx 893 : 524288 2044288 0 0 0 0 0 0 0 
_2.ptx 894 : 524288 5937984 0 0 0 0 0 0 0 
_2.ptx 895 : 524288 170857920 2097152 0 0 16384 16384 0 0 
_2.ptx 896 : 524288 4278496 0 32768 16384 0 0 0 0 
_2.ptx 898 : 524288 5886592 0 0 0 0 0 0 0 
_2.ptx 899 : 524288 5931616 0 0 0 0 0 0 0 
_2.ptx 900 : 524288 3939392 0 0 0 0 0 0 0 
_2.ptx 901 : 524288 5509856 0 0 0 0 0 0 0 
_2.ptx 902 : 524288 3978880 0 0 0 0 0 0 0 
_2.ptx 903 : 524288 5900608 0 0 0 0 0 0 0 
_2.ptx 904 : 524288 3943200 0 0 0 0 0 0 0 
_2.ptx 905 : 524288 5524384 0 0 0 0 0 0 0 
_2.ptx 906 : 524288 5913120 0 0 0 0 0 0 0 
_2.ptx 907 : 524288 5957152 0 0 0 0 0 0 0 
_2.ptx 908 : 524288 163618400 2097152 0 0 16384 16384 0 0 
_2.ptx 909 : 524288 3504576 0 32768 16384 0 0 0 0 
_2.ptx 911 : 524288 3354016 0 0 0 0 0 0 0 
_2.ptx 912 : 524288 3923168 0 0 0 0 0 0 0 
_2.ptx 913 : 524288 3489216 0 0 0 0 0 0 0 
_2.ptx 914 : 524288 4340384 0 0 0 0 0 0 0 
_2.ptx 915 : 524288 0 0 0 0 0 0 0 0 
_2.ptx 916 : 524288 3399392 0 0 0 0 0 0 0 
_2.ptx 919 : 4718592 30734656 0 0 0 0 0 0 0 
_2.ptx 920 : 4718592 39386304 0 0 0 0 0 0 0 
_2.ptx 921 : 4718592 24046588 0 0 0 0 0 0 10240 
_2.ptx 923 : 1046528 7009740 0 0 0 0 0 0 0 
_2.ptx 924 : 1046528 8818850 0 0 0 0 0 0 0 
_2.ptx 925 : 1046528 8969007 0 0 0 0 0 0 0 
_2.ptx 926 : 1046528 11882859 0 0 0 0 0 0 0 
_2.ptx 927 : 1046528 11851580 0 0 0 0 0 0 0 
_2.ptx 928 : 1046528 10993141 0 0 0 0 0 0 0 
_2.ptx 929 : 1046528 7954359 0 0 0 0 0 0 0 
_2.ptx 930 : 1046528 11847103 0 0 0 0 0 0 0 
_2.ptx 931 : 1046528 7954984 0 0 0 0 0 0 0 
_2.ptx 932 : 1046528 11181606 0 0 0 0 0 0 0 
_2.ptx 933 : 1046528 11827114 0 0 0 0 0 0 0 
_2.ptx 934 : 1046528 9913020 0 69632 40960 0 0 0 0 
_2.ptx 935 : 1046528 10914736 0 0 0 0 0 0 0 
_2.ptx 936 : 1046528 7945159 0 0 0 0 0 0 0 
_2.ptx 937 : 1046528 11826216 0 0 0 0 0 0 0 
_2.ptx 938 : 1046528 7947445 0 0 0 0 0 0 0 
_2.ptx 939 : 1046528 11168135 0 0 0 0 0 0 0 
_2.ptx 940 : 1046528 11812363 0 0 0 0 0 0 0 
_2.ptx 941 : 1046528 9924688 0 69632 40960 0 0 0 0 
_2.ptx 942 : 1046528 11816989 0 0 0 0 0 0 0 
_2.ptx 943 : 1046528 6575190 0 69632 40960 0 0 0 0 
_2.ptx 946 : 4718592 50081376 0 0 0 0 0 0 0 
_2.ptx 948 : 4718592 36085088 0 0 0 0 0 0 0 
_2.ptx 949 : 4718592 32352896 0 0 0 0 0 0 0 
_2.ptx 950 : 4718592 39556896 0 0 0 0 0 0 0 
_2.ptx 951 : 4718592 27527264 0 0 0 0 0 0 0 
_2.ptx 952 : 524288 3507552 0 0 0 0 0 0 0 
_2.ptx 957 : 524288 3405088 0 0 0 0 0 0 0 
_2.ptx 958 : 524288 4377760 0 0 0 0 0 0 0 
_2.ptx 959 : 524288 3423132 0 0 0 0 0 0 2048 
_2.ptx 961 : 2048 15353 0 0 0 0 0 0 0 
_2.ptx 962 : 2048 21231 0 0 0 0 0 0 0 
_2.ptx 963 : 2048 15195 0 0 0 0 0 0 0 
_2.ptx 964 : 2048 23008 0 0 0 0 0 0 0 
_2.ptx 965 : 2048 15216 0 0 0 0 0 0 0 
_2.ptx 966 : 2048 21346 0 0 0 0 0 0 0 
_2.ptx 967 : 2048 22999 0 0 0 0 0 0 0 
_2.ptx 968 : 2048 6606 0 0 0 0 0 0 0 
_2.ptx 969 : 2048 17224 0 2048 2048 0 0 0 0 
_2.ptx 970 : 2048 6734 0 0 0 0 0 0 0 
_2.ptx 971 : 2048 13092 0 0 0 0 0 0 0 
_2.ptx 972 : 2048 13199 0 0 0 0 0 0 0 
_2.ptx 973 : 2048 16906 0 0 0 0 0 0 0 
_2.ptx 974 : 2048 18966 0 0 0 0 0 0 0 
_2.ptx 975 : 2048 15213 0 0 0 0 0 0 0 
_2.ptx 976 : 2048 21355 0 0 0 0 0 0 0 
_2.ptx 977 : 2048 23006 0 0 0 0 0 0 0 
_2.ptx 978 : 2048 11019 2528 0 0 2048 2048 0 0 
_2.ptx 980 : 2048 13125 0 0 0 0 0 0 0 
_2.ptx 981 : 2048 10731 0 2048 2048 0 0 0 0 
_2.ptx 984 : 524288 3964000 0 0 0 0 0 0 0 
_2.ptx 985 : 524288 3526048 0 0 0 0 0 0 0 
_2.ptx 986 : 524288 4428640 0 0 0 0 0 0 0 
_2.ptx 987 : 524288 0 0 0 0 0 0 0 0 
_2.ptx 988 : 524288 3473760 0 0 0 0 0 0 0 
_2.ptx 992 : 4718592 35614016 0 0 0 0 0 0 0 
_2.ptx 994 : 4718592 31718336 0 0 0 0 0 0 0 
