kernel line : count latency dram_traffic smem_bk_conflicts smem_warp gmem_access_generated gmem_warp exposed_latency warp_divergence
_2.ptx 995 : 4718592 37885856 0 0 0 0 0 0 0 
_2.ptx 996 : 4718592 22117856 0 0 0 0 0 0 10240 
_2.ptx 998 : 1046528 6279168 0 0 0 0 0 0 0 
_2.ptx 999 : 1046528 8376992 0 0 0 0 0 0 0 
_2.ptx 1000 : 1046528 8397403 0 0 0 0 0 0 0 
_2.ptx 1001 : 1046528 11525836 0 0 0 0 0 0 0 
_2.ptx 1002 : 1046528 10491680 0 0 0 0 0 0 0 
_2.ptx 1003 : 1046528 7376081 0 0 0 0 0 0 0 
_2.ptx 1004 : 1046528 11513449 0 0 0 0 0 0 0 
_2.ptx 1005 : 1046528 7327796 0 0 0 0 0 0 0 
_2.ptx 1006 : 1046528 11127446 0 0 0 0 0 0 0 
_2.ptx 1007 : 1046528 11554106 0 0 0 0 0 0 0 
_2.ptx 1008 : 1046528 9422121 0 69632 40960 0 0 0 0 
_2.ptx 1010 : 1046528 11641220 0 0 0 0 0 0 0 
_2.ptx 1011 : 1046528 10468573 0 0 0 0 0 0 0 
_2.ptx 1012 : 1046528 7332172 0 0 0 0 0 0 0 
_2.ptx 1013 : 1046528 11525043 0 0 0 0 0 0 0 
_2.ptx 1014 : 1046528 7327460 0 0 0 0 0 0 0 
_2.ptx 1015 : 1046528 10654054 0 0 0 0 0 0 0 
_2.ptx 1016 : 1046528 11515867 0 0 0 0 0 0 0 
_2.ptx 1017 : 1046528 9319273 0 69632 40960 0 0 0 0 
_2.ptx 1018 : 1046528 7263449 0 69632 40960 0 0 0 0 
_2.ptx 1020 : 1046528 11907092 0 69632 40960 0 0 0 0 
_2.ptx 1021 : 1046528 11535553 0 0 0 0 0 0 0 
_2.ptx 1022 : 1046528 6256846 0 69632 40960 0 0 0 0 
_2.ptx 1025 : 4718592 49218944 0 0 0 0 0 0 0 
_2.ptx 1026 : 4718592 37887584 0 0 0 0 0 0 0 
_2.ptx 1027 : 4718592 25185312 0 0 0 0 0 0 0 
_3.ptx 828 : 1048576 6297088 0 0 0 0 0 0 0 
_3.ptx 829 : 1048576 6296768 0 0 0 0 0 0 0 
_3.ptx 830 : 1048576 11591072 0 0 0 0 0 0 0 
_2.ptx 1030 : 524288 3147104 0 0 0 0 0 0 0 
_3.ptx 831 : 1048576 6294560 0 0 0 0 0 0 0 
_3.ptx 832 : 1048576 11553312 0 0 0 0 0 0 0 
_2.ptx 1032 : 524288 2133184 0 0 0 0 0 0 0 
_3.ptx 833 : 1048576 6293536 0 0 0 0 0 0 0 
_2.ptx 1033 : 524288 5212480 0 32768 16384 0 0 0 0 
_3.ptx 834 : 1048576 11586560 0 0 0 0 0 0 0 
_2.ptx 1034 : 524288 5831104 0 0 0 0 0 0 0 
_3.ptx 835 : 1048576 6293856 0 0 0 0 0 0 0 
_2.ptx 1035 : 524288 3402912 2097152 0 0 16384 16384 0 0 
_3.ptx 836 : 1048576 11542240 0 0 0 0 0 0 0 
_3.ptx 837 : 1048576 3644160 128 0 0 0 0 0 0 
_2.ptx 1037 : 524288 5041024 0 32768 16384 0 0 0 0 
_3.ptx 838 : 1048576 3649568 0 0 0 0 0 0 0 
_2.ptx 1038 : 524288 5798112 0 0 0 0 0 0 0 
_3.ptx 839 : 1048576 11578816 0 0 0 0 0 0 0 
_2.ptx 1039 : 524288 2705984 2097152 0 0 16384 16384 0 0 
_3.ptx 840 : 1048576 8401696 0 0 0 0 0 0 0 
_3.ptx 841 : 1048576 6294880 0 0 0 0 0 0 0 
_2.ptx 1041 : 524288 3146208 0 0 0 0 0 0 0 
_3.ptx 845 : 1048576 11577312 0 0 0 0 0 0 0 
_3.ptx 846 : 1048576 11574784 0 0 0 0 0 0 0 
_3.ptx 847 : 1048576 6293792 0 0 0 0 0 0 0 
_3.ptx 848 : 1048576 11568192 0 0 0 0 0 0 0 
_3.ptx 849 : 1048576 7364224 0 0 0 0 0 0 0 
_3.ptx 850 : 1048576 11564960 0 0 0 0 0 0 0 
_3.ptx 851 : 1048576 10503840 0 0 0 0 0 0 0 
_3.ptx 852 : 1048576 11576960 0 0 0 0 0 0 0 
_3.ptx 853 : 1048576 8407648 0 0 0 0 0 0 0 
_3.ptx 854 : 1048576 9447648 0 0 0 0 0 0 0 
_3.ptx 855 : 1048576 8402816 0 0 0 0 0 0 0 
_3.ptx 856 : 1048576 0 0 0 0 0 0 0 0 
_3.ptx 857 : 1048576 7348032 0 0 0 0 0 0 0 
_3.ptx 858 : 1048576 10550656 0 0 0 0 0 0 0 
_3.ptx 859 : 1048576 3166304 0 0 0 0 0 0 0 
_3.ptx 860 : 1048576 11550304 0 0 0 0 0 0 0 
_3.ptx 861 : 1048576 3163232 0 0 0 0 0 0 0 
_3.ptx 862 : 1048576 11544000 0 0 0 0 0 0 0 
_3.ptx 863 : 1048576 3161184 0 0 0 0 0 0 0 
_3.ptx 864 : 1048576 11544384 0 0 0 0 0 0 0 
_3.ptx 868 : 1048576 298419680 4194304 0 0 32768 32768 0 0 
_3.ptx 869 : 1048576 10508608 0 0 0 0 0 0 0 
_2.ptx 869 : 524288 3216832 0 0 0 0 0 0 0 
_3.ptx 870 : 1048576 5979776 0 0 0 32768 32768 0 0 
_2.ptx 870 : 524288 1576032 0 0 0 0 0 0 0 
_2.ptx 871 : 524288 3147520 0 0 0 0 0 0 0 
_3.ptx 872 : 1048576 300210720 4194304 0 0 32768 32768 0 0 
_2.ptx 872 : 524288 4258336 0 0 0 0 0 0 0 
_3.ptx 873 : 1048576 10510624 0 0 0 0 0 0 0 
_2.ptx 873 : 524288 0 0 0 0 0 0 0 0 
_3.ptx 874 : 1048576 5273120 0 0 0 32768 32768 0 0 
_2.ptx 874 : 524288 3154048 0 0 0 0 0 0 0 
_2.ptx 875 : 524288 3689664 0 0 0 0 0 0 0 
_3.ptx 876 : 1048576 303052544 4194304 0 0 32768 32768 0 0 
_2.ptx 876 : 524288 4244800 0 0 0 0 0 0 0 
_3.ptx 877 : 1048576 10511392 0 0 0 0 0 0 0 
_2.ptx 877 : 524288 3254400 0 0 0 0 0 0 0 
_3.ptx 878 : 1048576 5268672 0 0 0 32768 32768 0 0 
_3.ptx 880 : 1048576 11542592 0 0 0 0 0 0 0 
_3.ptx 881 : 1048576 8402880 0 0 0 0 0 0 0 
_2.ptx 881 : 524288 3149632 0 0 0 0 0 0 0 
_3.ptx 882 : 1048576 0 0 0 0 0 0 0 0 
_2.ptx 883 : 524288 3153056 0 0 0 0 0 0 0 
_2.ptx 884 : 524288 5782784 0 0 0 0 0 0 0 
_3.ptx 885 : 1048576 6295552 0 0 0 0 0 0 0 
_2.ptx 885 : 524288 3147296 0 0 0 0 0 0 0 
_2.ptx 886 : 524288 3696576 0 0 0 0 0 0 0 
_2.ptx 887 : 524288 5319104 0 0 0 0 0 0 0 
_2.ptx 888 : 524288 3687584 0 0 0 0 0 0 0 
_2.ptx 889 : 524288 5777568 0 0 0 0 0 0 0 
_2.ptx 890 : 524288 3692864 0 0 0 0 0 0 0 
_2.ptx 891 : 524288 5287744 0 0 0 0 0 0 0 
_2.ptx 892 : 524288 5781440 0 0 0 0 0 0 0 
_2.ptx 893 : 524288 1590912 0 0 0 0 0 0 0 
_2.ptx 894 : 524288 5778336 0 0 0 0 0 0 0 
_2.ptx 895 : 524288 141310720 2097152 0 0 16384 16384 0 0 
_2.ptx 896 : 524288 3153344 0 32768 16384 0 0 0 0 
_2.ptx 898 : 524288 5783040 0 0 0 0 0 0 0 
_2.ptx 899 : 524288 5770912 0 0 0 0 0 0 0 
_2.ptx 900 : 524288 3686368 0 0 0 0 0 0 0 
_2.ptx 901 : 524288 5414912 0 0 0 0 0 0 0 
_2.ptx 902 : 524288 3679392 0 0 0 0 0 0 0 
_2.ptx 903 : 524288 5774400 0 0 0 0 0 0 0 
_2.ptx 904 : 524288 3681632 0 0 0 0 0 0 0 
_2.ptx 905 : 524288 5290400 0 0 0 0 0 0 0 
_2.ptx 906 : 524288 5771072 0 0 0 0 0 0 0 
_2.ptx 907 : 524288 5773664 0 0 0 0 0 0 0 
_2.ptx 908 : 524288 141537216 2097152 0 0 16384 16384 0 0 
_2.ptx 909 : 524288 3160832 0 32768 16384 0 0 0 0 
_2.ptx 911 : 524288 3155648 0 0 0 0 0 0 0 
_2.ptx 912 : 524288 3729120 0 0 0 0 0 0 0 
_2.ptx 913 : 524288 3205440 0 0 0 0 0 0 0 
_2.ptx 914 : 524288 4198816 0 0 0 0 0 0 0 
_2.ptx 915 : 524288 0 0 0 0 0 0 0 0 
_2.ptx 916 : 524288 3215584 0 0 0 0 0 0 0 
_2.ptx 919 : 4718592 28359008 0 0 0 0 0 0 0 
_2.ptx 920 : 4718592 37861344 0 0 0 0 0 0 0 
_2.ptx 921 : 4718592 22079072 0 0 0 0 0 0 10240 
_2.ptx 923 : 1046528 6279296 0 0 0 0 0 0 0 
_2.ptx 924 : 1046528 8492090 0 0 0 0 0 0 0 
_2.ptx 925 : 1046528 8564431 0 0 0 0 0 0 0 
_2.ptx 926 : 1046528 11537122 0 0 0 0 0 0 0 
_2.ptx 927 : 1046528 11530968 0 0 0 0 0 0 0 
_2.ptx 928 : 1046528 10513335 0 0 0 0 0 0 0 
_2.ptx 929 : 1046528 7368036 0 0 0 0 0 0 0 
_2.ptx 930 : 1046528 11547438 0 0 0 0 0 0 0 
_2.ptx 931 : 1046528 7377718 0 0 0 0 0 0 0 
_2.ptx 932 : 1046528 11050771 0 0 0 0 0 0 0 
_2.ptx 933 : 1046528 11546266 0 0 0 0 0 0 0 
_2.ptx 934 : 1046528 9428590 0 69632 40960 0 0 0 0 
_2.ptx 935 : 1046528 10476084 0 0 0 0 0 0 0 
_2.ptx 936 : 1046528 7412547 0 0 0 0 0 0 0 
_2.ptx 937 : 1046528 11537204 0 0 0 0 0 0 0 
_2.ptx 938 : 1046528 7378032 0 0 0 0 0 0 0 
_2.ptx 939 : 1046528 10601148 0 0 0 0 0 0 0 
_2.ptx 940 : 1046528 11525786 0 0 0 0 0 0 0 
_2.ptx 941 : 1046528 9369756 0 69632 40960 0 0 0 0 
_2.ptx 942 : 1046528 11530906 0 0 0 0 0 0 0 
_2.ptx 943 : 1046528 6246680 0 69632 40960 0 0 0 0 
_2.ptx 946 : 4718592 48629408 0 0 0 0 0 0 0 
_2.ptx 948 : 4718592 34092832 0 0 0 0 0 0 0 
_2.ptx 949 : 4718592 30082112 0 0 0 0 0 0 0 
_2.ptx 950 : 4718592 38349472 0 0 0 0 0 0 0 
_2.ptx 951 : 4718592 25185408 0 0 0 0 0 0 0 
_2.ptx 952 : 524288 3148608 0 0 0 0 0 0 0 
_2.ptx 957 : 524288 3146656 0 0 0 0 0 0 0 
_2.ptx 958 : 524288 4195808 0 0 0 0 0 0 0 
_2.ptx 959 : 524288 3136556 0 0 0 0 0 0 2048 
_2.ptx 961 : 2048 14348 0 0 0 0 0 0 0 
_2.ptx 962 : 2048 22333 0 0 0 0 0 0 0 
_2.ptx 963 : 2048 14339 0 0 0 0 0 0 0 
_2.ptx 964 : 2048 22575 0 0 0 0 0 0 0 
_2.ptx 965 : 2048 14337 0 0 0 0 0 0 0 
_2.ptx 966 : 2048 20904 0 0 0 0 0 0 0 
_2.ptx 967 : 2048 22633 0 0 0 0 0 0 0 
_2.ptx 968 : 2048 6144 0 0 0 0 0 0 0 
_2.ptx 969 : 2048 16778 0 2048 2048 0 0 0 0 
_2.ptx 970 : 2048 6147 0 0 0 0 0 0 0 
_2.ptx 971 : 2048 12288 0 0 0 0 0 0 0 
_2.ptx 972 : 2048 12288 0 0 0 0 0 0 0 
_2.ptx 973 : 2048 16397 0 0 0 0 0 0 0 
_2.ptx 974 : 2048 18451 0 0 0 0 0 0 0 
_2.ptx 975 : 2048 14336 0 0 0 0 0 0 0 
_2.ptx 976 : 2048 20489 0 0 0 0 0 0 0 
_2.ptx 977 : 2048 22529 0 0 0 0 0 0 0 
_2.ptx 978 : 2048 10248 4096 0 0 2048 2048 0 0 
_2.ptx 980 : 2048 12288 0 0 0 0 0 0 0 
_2.ptx 981 : 2048 10240 0 2048 2048 0 0 0 0 
_2.ptx 984 : 524288 3733184 0 0 0 0 0 0 0 
_2.ptx 985 : 524288 3210144 0 0 0 0 0 0 0 
_2.ptx 986 : 524288 4195040 0 0 0 0 0 0 0 
_2.ptx 987 : 524288 0 0 0 0 0 0 0 0 
_2.ptx 988 : 524288 3207936 0 0 0 0 0 0 0 
_2.ptx 992 : 4718592 33507584 0 0 0 0 0 0 0 
_2.ptx 994 : 4718592 28665920 0 0 0 0 0 0 0 
