kernel line : count latency dram_traffic smem_bk_conflicts smem_warp gmem_access_generated gmem_warp exposed_latency warp_divergence
_1.ptx 67 : 1179648 7128032 0 0 0 0 0 0 0 
_1.ptx 68 : 1179648 12466592 0 0 0 0 0 0 0 
_1.ptx 69 : 1179648 7210816 0 0 0 0 0 0 0 
_1.ptx 70 : 1179648 12591712 0 0 0 0 0 0 0 
_1.ptx 71 : 1179648 7293120 0 0 0 0 0 0 0 
_1.ptx 72 : 1179648 7438592 0 0 0 0 0 0 0 
_1.ptx 73 : 1179648 13296128 0 0 0 0 0 0 0 
_1.ptx 74 : 1179648 13313728 0 0 0 0 0 0 0 
_1.ptx 75 : 1179648 7639520 0 0 0 0 0 0 0 
_1.ptx 76 : 1179648 9112128 0 0 0 0 0 0 0 
_1.ptx 77 : 1179648 8715552 0 0 0 0 0 0 0 
_1.ptx 78 : 1179648 12472576 0 0 0 0 0 0 0 
_1.ptx 79 : 1179648 13231040 0 0 0 0 0 0 0 
_1.ptx 80 : 1179648 12351584 0 0 0 0 0 0 0 
_1.ptx 81 : 1179648 13190208 0 0 0 0 0 0 0 
_1.ptx 82 : 1179648 8497408 128 0 0 0 0 0 0 
_1.ptx 83 : 1179648 13579360 0 0 0 0 0 0 0 
_1.ptx 84 : 1179648 13203200 0 0 0 0 0 0 0 
_1.ptx 85 : 1179648 8543232 0 0 0 0 0 0 0 
_1.ptx 86 : 1179648 12383040 0 0 0 0 0 0 0 
_1.ptx 87 : 1179648 6506304 0 0 0 0 0 0 0 
_1.ptx 88 : 1179648 13157632 0 0 0 0 0 0 0 
_1.ptx 89 : 1179648 368479936 9411840 0 0 73728 36864 0 0 
_1.ptx 90 : 1179648 8805216 0 73728 36864 0 0 0 0 
_1.ptx 91 : 1179648 10257088 0 0 0 73728 36864 0 0 
_1.ptx 92 : 1179648 8740512 0 73728 36864 0 0 0 0 
_1.ptx 93 : 1179648 365041312 8702208 0 0 73728 36864 0 0 
_1.ptx 94 : 1179648 8768736 0 73728 36864 0 0 0 0 
_1.ptx 95 : 1179648 9562464 0 0 0 73728 36864 0 0 
_1.ptx 96 : 1179648 8750560 0 73728 36864 0 0 0 0 
_1.ptx 97 : 1179648 12033216 0 0 0 0 0 0 0 
_1.ptx 98 : 1179648 7165760 0 0 0 0 0 0 0 
_1.ptx 99 : 1179648 9565344 0 0 0 0 0 0 0 
_1.ptx 100 : 1179648 148032 0 0 0 0 0 0 0 
_1.ptx 102 : 1155072 202551968 734976 0 0 72192 36096 0 0 
_1.ptx 103 : 1155072 6962304 0 0 0 0 0 0 0 
_1.ptx 105 : 24576 148032 0 0 0 0 0 0 0 
_1.ptx 107 : 1179648 8731520 0 73728 36864 0 0 0 0 
_1.ptx 108 : 1179648 7117088 0 0 0 0 0 0 0 
_1.ptx 109 : 1179648 13138272 0 0 0 0 0 0 0 
_1.ptx 110 : 1179648 12029280 0 0 0 0 0 0 0 
_1.ptx 111 : 1179648 7153920 0 0 0 0 0 0 0 
_1.ptx 112 : 1179648 9602496 0 0 0 0 0 0 0 
_1.ptx 113 : 1179648 148320 0 0 0 0 0 0 0 
_1.ptx 115 : 1155072 184523968 25344 0 0 72192 36096 0 0 
_1.ptx 116 : 1155072 6958816 0 0 0 0 0 0 0 
_1.ptx 118 : 24576 148224 0 0 0 0 0 0 0 
_1.ptx 120 : 1179648 8599904 0 73728 36864 0 0 0 0 
_1.ptx 122 : 1179648 7122912 0 0 0 0 0 0 0 
_1.ptx 124 : 1179648 7141600 0 0 0 0 0 0 0 
_1.ptx 125 : 1179648 8353024 128 0 0 0 0 0 0 
_1.ptx 126 : 1179648 13067232 0 73728 36864 0 0 0 0 
_1.ptx 127 : 1179648 10692576 0 0 0 0 0 0 0 
_1.ptx 128 : 1179648 7951424 0 0 0 0 0 0 0 
_1.ptx 129 : 1179648 12912224 0 73728 36864 0 0 0 0 
_1.ptx 130 : 1179648 10709376 0 0 0 0 0 0 0 
_1.ptx 131 : 1179648 6835456 0 0 0 0 0 0 0 
_1.ptx 132 : 1179648 12841696 0 73728 36864 0 0 0 0 
_1.ptx 133 : 1179648 10703968 0 0 0 0 0 0 0 
_1.ptx 134 : 1179648 6921952 0 0 0 0 0 0 0 
_1.ptx 135 : 1179648 12862912 0 73728 36864 0 0 0 0 
_1.ptx 136 : 1179648 10704640 0 0 0 0 0 0 0 
_1.ptx 137 : 1179648 6771232 0 0 0 0 0 0 0 
_1.ptx 138 : 1179648 12802880 0 73728 36864 0 0 0 0 
_1.ptx 139 : 1179648 10698048 0 0 0 0 0 0 0 
_1.ptx 140 : 1179648 6839328 0 0 0 0 0 0 0 
_1.ptx 141 : 1179648 12883392 0 73728 36864 0 0 0 0 
_1.ptx 142 : 1179648 10694496 0 0 0 0 0 0 0 
_1.ptx 143 : 1179648 6775200 0 0 0 0 0 0 0 
_1.ptx 144 : 1179648 12903584 0 73728 36864 0 0 0 0 
_1.ptx 145 : 1179648 10700160 0 0 0 0 0 0 0 
_1.ptx 146 : 1179648 6975296 0 0 0 0 0 0 0 
_1.ptx 147 : 1179648 12919040 0 73728 36864 0 0 0 0 
_1.ptx 148 : 1179648 10700576 0 0 0 0 0 0 0 
_1.ptx 149 : 1179648 6844640 0 0 0 0 0 0 0 
_1.ptx 150 : 1179648 12857152 0 73728 36864 0 0 0 0 
_1.ptx 151 : 1179648 10697440 0 0 0 0 0 0 0 
_1.ptx 152 : 1179648 6973792 0 0 0 0 0 0 0 
_1.ptx 153 : 1179648 12896128 0 73728 36864 0 0 0 0 
_1.ptx 154 : 1179648 10700800 0 0 0 0 0 0 0 
_1.ptx 155 : 1179648 6817280 0 0 0 0 0 0 0 
_1.ptx 156 : 1179648 12847584 0 73728 36864 0 0 0 0 
_1.ptx 157 : 1179648 10693568 0 0 0 0 0 0 0 
_1.ptx 158 : 1179648 6944320 0 0 0 0 0 0 0 
_1.ptx 159 : 1179648 12896960 0 73728 36864 0 0 0 0 
_1.ptx 160 : 1179648 10703168 0 0 0 0 0 0 0 
_1.ptx 161 : 1179648 6764768 0 0 0 0 0 0 0 
_1.ptx 162 : 1179648 12824448 0 73728 36864 0 0 0 0 
_1.ptx 163 : 1179648 10693824 0 0 0 0 0 0 0 
_1.ptx 164 : 1179648 6914784 0 0 0 0 0 0 0 
_1.ptx 165 : 1179648 12857952 0 73728 36864 0 0 0 0 
_1.ptx 166 : 1179648 10700896 0 0 0 0 0 0 0 
_1.ptx 167 : 1179648 6806592 0 0 0 0 0 0 0 
_1.ptx 168 : 1179648 12791264 0 73728 36864 0 0 0 0 
_1.ptx 169 : 1179648 10691904 0 0 0 0 0 0 0 
_1.ptx 170 : 1179648 6885440 0 0 0 0 0 0 0 
_1.ptx 171 : 1179648 12833920 0 73728 36864 0 0 0 0 
_1.ptx 172 : 1179648 10697856 0 0 0 0 0 0 0 
_1.ptx 173 : 1179648 6721952 0 0 0 0 0 0 0 
_1.ptx 174 : 1179648 12838688 0 73728 36864 0 0 0 0 
_1.ptx 175 : 1179648 10692224 0 0 0 0 0 0 0 
_1.ptx 177 : 1179648 6885856 0 0 0 0 0 0 0 
_1.ptx 178 : 1179648 13157792 0 0 0 0 0 0 0 
_1.ptx 179 : 1179648 8660576 4718592 0 0 73728 36864 0 0 
_1.ptx 181 : 1179648 7126016 0 0 0 0 0 0 0 
_1.ptx 182 : 1179648 7285760 0 0 0 0 0 0 0 
_1.ptx 183 : 1179648 12986752 0 73728 36864 0 0 0 0 
_1.ptx 184 : 1179648 10694560 0 0 0 0 0 0 0 
_1.ptx 185 : 1179648 6847488 0 0 0 0 0 0 0 
_1.ptx 186 : 1179648 12773344 0 73728 36864 0 0 0 0 
_1.ptx 187 : 1179648 10693536 0 0 0 0 0 0 0 
_1.ptx 188 : 1179648 6792448 0 0 0 0 0 0 0 
_1.ptx 189 : 1179648 12773216 0 73728 36864 0 0 0 0 
_1.ptx 190 : 1179648 10696576 0 0 0 0 0 0 0 
_1.ptx 191 : 1179648 6685888 0 0 0 0 0 0 0 
_1.ptx 192 : 1179648 12702304 0 73728 36864 0 0 0 0 
_1.ptx 193 : 1179648 10690400 0 0 0 0 0 0 0 
_1.ptx 194 : 1179648 6765280 0 0 0 0 0 0 0 
_1.ptx 195 : 1179648 12805600 0 73728 36864 0 0 0 0 
_1.ptx 196 : 1179648 10694336 0 0 0 0 0 0 0 
_1.ptx 197 : 1179648 6666624 0 0 0 0 0 0 0 
_1.ptx 198 : 1179648 12689792 0 73728 36864 0 0 0 0 
_1.ptx 199 : 1179648 10692192 0 0 0 0 0 0 0 
_1.ptx 200 : 1179648 6734208 0 0 0 0 0 0 0 
_1.ptx 201 : 1179648 12751584 0 73728 36864 0 0 0 0 
_1.ptx 202 : 1179648 10699904 0 0 0 0 0 0 0 
_1.ptx 203 : 1179648 6674944 0 0 0 0 0 0 0 
_1.ptx 204 : 1179648 12668864 0 73728 36864 0 0 0 0 
_1.ptx 205 : 1179648 10692256 0 0 0 0 0 0 0 
_1.ptx 206 : 1179648 6685088 0 0 0 0 0 0 0 
_1.ptx 207 : 1179648 12767040 0 73728 36864 0 0 0 0 
_1.ptx 208 : 1179648 10693600 0 0 0 0 0 0 0 
_1.ptx 209 : 1179648 6739744 0 0 0 0 0 0 0 
_1.ptx 210 : 1179648 12736832 0 73728 36864 0 0 0 0 
_1.ptx 211 : 1179648 10688384 0 0 0 0 0 0 0 
_1.ptx 212 : 1179648 6824064 0 0 0 0 0 0 0 
_1.ptx 213 : 1179648 12824160 0 73728 36864 0 0 0 0 
_1.ptx 214 : 1179648 10696096 0 0 0 0 0 0 0 
_1.ptx 215 : 1179648 6777056 0 0 0 0 0 0 0 
_1.ptx 216 : 1179648 12743200 0 73728 36864 0 0 0 0 
_1.ptx 217 : 1179648 10689408 0 0 0 0 0 0 0 
_1.ptx 218 : 1179648 6823712 0 0 0 0 0 0 0 
_1.ptx 219 : 1179648 12801952 0 73728 36864 0 0 0 0 
_1.ptx 220 : 1179648 10696224 0 0 0 0 0 0 0 
_1.ptx 221 : 1179648 6770176 0 0 0 0 0 0 0 
_1.ptx 222 : 1179648 12746304 0 73728 36864 0 0 0 0 
_1.ptx 223 : 1179648 10690400 0 0 0 0 0 0 0 
_1.ptx 224 : 1179648 6838176 0 0 0 0 0 0 0 
_1.ptx 225 : 1179648 12798912 0 73728 36864 0 0 0 0 
_1.ptx 226 : 1179648 10693312 0 0 0 0 0 0 0 
_1.ptx 227 : 1179648 6735488 0 0 0 0 0 0 0 
_1.ptx 228 : 1179648 12722752 0 73728 36864 0 0 0 0 
_1.ptx 229 : 1179648 10689952 0 0 0 0 0 0 0 
_1.ptx 230 : 1179648 6776000 0 0 0 0 0 0 0 
_1.ptx 231 : 1179648 12799136 0 73728 36864 0 0 0 0 
_1.ptx 232 : 1179648 10695552 0 0 0 0 0 0 0 
_1.ptx 234 : 1179648 8692800 103680 0 0 73728 36864 0 0 
_1.ptx 236 : 1179648 7117760 0 0 0 0 0 0 0 
_1.ptx 237 : 1179648 7219904 0 0 0 0 0 0 0 
_1.ptx 238 : 1179648 12892800 0 73728 36864 0 0 0 0 
_1.ptx 239 : 1179648 10685376 0 0 0 0 0 0 0 
_1.ptx 240 : 1179648 6852576 0 0 0 0 0 0 0 
_1.ptx 241 : 1179648 12788544 0 73728 36864 0 0 0 0 
_1.ptx 242 : 1179648 10693696 0 0 0 0 0 0 0 
_1.ptx 243 : 1179648 6738880 0 0 0 0 0 0 0 
_1.ptx 244 : 1179648 12710016 0 73728 36864 0 0 0 0 
_1.ptx 245 : 1179648 10689824 0 0 0 0 0 0 0 
_1.ptx 246 : 1179648 6809216 0 0 0 0 0 0 0 
_1.ptx 247 : 1179648 12763360 0 73728 36864 0 0 0 0 
_1.ptx 248 : 1179648 10692960 0 0 0 0 0 0 0 
_1.ptx 249 : 1179648 6655264 0 0 0 0 0 0 0 
_1.ptx 250 : 1179648 12707520 0 73728 36864 0 0 0 0 
_1.ptx 251 : 1179648 10685056 0 0 0 0 0 0 0 
_1.ptx 252 : 1179648 6803936 0 0 0 0 0 0 0 
_1.ptx 253 : 1179648 12758464 0 73728 36864 0 0 0 0 
_1.ptx 254 : 1179648 10694464 0 0 0 0 0 0 0 
_1.ptx 255 : 1179648 6726528 0 0 0 0 0 0 0 
_1.ptx 256 : 1179648 12699456 0 73728 36864 0 0 0 0 
_1.ptx 257 : 1179648 10685408 0 0 0 0 0 0 0 
_1.ptx 258 : 1179648 6802944 0 0 0 0 0 0 0 
_1.ptx 259 : 1179648 12748416 0 73728 36864 0 0 0 0 
_1.ptx 260 : 1179648 10689152 0 0 0 0 0 0 0 
_1.ptx 261 : 1179648 6712992 0 0 0 0 0 0 0 
_1.ptx 262 : 1179648 12737984 0 73728 36864 0 0 0 0 
_1.ptx 263 : 1179648 10684352 0 0 0 0 0 0 0 
_1.ptx 264 : 1179648 6805856 0 0 0 0 0 0 0 
_1.ptx 265 : 1179648 12756960 0 73728 36864 0 0 0 0 
_1.ptx 266 : 1179648 10688800 0 0 0 0 0 0 0 
_1.ptx 267 : 1179648 6696672 0 0 0 0 0 0 0 
_1.ptx 268 : 1179648 12680928 0 73728 36864 0 0 0 0 
_1.ptx 269 : 1179648 10687264 0 0 0 0 0 0 0 
_1.ptx 270 : 1179648 6777408 0 0 0 0 0 0 0 
_1.ptx 271 : 1179648 12741984 0 73728 36864 0 0 0 0 
_1.ptx 272 : 1179648 10698272 0 0 0 0 0 0 0 
_1.ptx 273 : 1179648 6517952 0 0 0 0 0 0 0 
_1.ptx 274 : 1179648 12661504 0 73728 36864 0 0 0 0 
_1.ptx 275 : 1179648 10685280 0 0 0 0 0 0 0 
_1.ptx 276 : 1179648 6818208 0 0 0 0 0 0 0 
_1.ptx 277 : 1179648 12784000 0 73728 36864 0 0 0 0 
_1.ptx 278 : 1179648 10687520 0 0 0 0 0 0 0 
_1.ptx 279 : 1179648 6756960 0 0 0 0 0 0 0 
_1.ptx 280 : 1179648 12708320 0 73728 36864 0 0 0 0 
_1.ptx 281 : 1179648 10686496 0 0 0 0 0 0 0 
_1.ptx 282 : 1179648 6844704 0 0 0 0 0 0 0 
_1.ptx 283 : 1179648 12796416 0 73728 36864 0 0 0 0 
_1.ptx 284 : 1179648 10685248 0 0 0 0 0 0 0 
_1.ptx 285 : 1179648 6747040 0 0 0 0 0 0 0 
_1.ptx 286 : 1179648 12698912 0 73728 36864 0 0 0 0 
_1.ptx 287 : 1179648 10686208 0 0 0 0 0 0 0 
_1.ptx 289 : 1179648 8667776 4718592 0 0 73728 36864 0 0 
_1.ptx 291 : 1179648 7108576 0 0 0 0 0 0 0 
_1.ptx 292 : 1179648 7317984 0 0 0 0 0 0 0 
_1.ptx 293 : 1179648 12972448 0 73728 36864 0 0 0 0 
_1.ptx 294 : 1179648 10678016 0 0 0 0 0 0 0 
_1.ptx 295 : 1179648 6860416 0 0 0 0 0 0 0 
_1.ptx 296 : 1179648 12701376 0 73728 36864 0 0 0 0 
_1.ptx 297 : 1179648 10681120 0 0 0 0 0 0 0 
_1.ptx 298 : 1179648 6819712 0 0 0 0 0 0 0 
_1.ptx 299 : 1179648 12752352 0 73728 36864 0 0 0 0 
_1.ptx 300 : 1179648 10689024 0 0 0 0 0 0 0 
_1.ptx 301 : 1179648 6722528 0 0 0 0 0 0 0 
_1.ptx 302 : 1179648 12662336 0 73728 36864 0 0 0 0 
_1.ptx 303 : 1179648 10684096 0 0 0 0 0 0 0 
_1.ptx 304 : 1179648 6803008 0 0 0 0 0 0 0 
_1.ptx 305 : 1179648 12748320 0 73728 36864 0 0 0 0 
_1.ptx 306 : 1179648 10688480 0 0 0 0 0 0 0 
_1.ptx 307 : 1179648 6726368 0 0 0 0 0 0 0 
_1.ptx 308 : 1179648 12671808 0 73728 36864 0 0 0 0 
_1.ptx 309 : 1179648 10681344 0 0 0 0 0 0 0 
_1.ptx 310 : 1179648 6799360 0 0 0 0 0 0 0 
_1.ptx 311 : 1179648 12748288 0 73728 36864 0 0 0 0 
_1.ptx 312 : 1179648 10685216 0 0 0 0 0 0 0 
_1.ptx 313 : 1179648 6734304 0 0 0 0 0 0 0 
_1.ptx 314 : 1179648 12657824 0 73728 36864 0 0 0 0 
_1.ptx 315 : 1179648 10683232 0 0 0 0 0 0 0 
_1.ptx 316 : 1179648 6754240 0 0 0 0 0 0 0 
_1.ptx 317 : 1179648 12750976 0 73728 36864 0 0 0 0 
_1.ptx 318 : 1179648 10688672 0 0 0 0 0 0 0 
_1.ptx 319 : 1179648 6718304 0 0 0 0 0 0 0 
_1.ptx 320 : 1179648 12662048 0 73728 36864 0 0 0 0 
_1.ptx 321 : 1179648 10684672 0 0 0 0 0 0 0 
_1.ptx 322 : 1179648 6801600 0 0 0 0 0 0 0 
_1.ptx 323 : 1179648 12743040 0 73728 36864 0 0 0 0 
_1.ptx 324 : 1179648 10686048 0 0 0 0 0 0 0 
_1.ptx 325 : 1179648 6736256 0 0 0 0 0 0 0 
_1.ptx 326 : 1179648 12662656 0 73728 36864 0 0 0 0 
_1.ptx 327 : 1179648 10681920 0 0 0 0 0 0 0 
_1.ptx 328 : 1179648 6814496 0 0 0 0 0 0 0 
_1.ptx 329 : 1179648 12797440 0 73728 36864 0 0 0 0 
_1.ptx 330 : 1179648 10688928 0 0 0 0 0 0 0 
_1.ptx 331 : 1179648 6719264 0 0 0 0 0 0 0 
_1.ptx 332 : 1179648 12670912 0 73728 36864 0 0 0 0 
_1.ptx 333 : 1179648 10682176 0 0 0 0 0 0 0 
_1.ptx 334 : 1179648 6806400 0 0 0 0 0 0 0 
_1.ptx 335 : 1179648 12738688 0 73728 36864 0 0 0 0 
_1.ptx 336 : 1179648 10689920 0 0 0 0 0 0 0 
_1.ptx 337 : 1179648 6754432 0 0 0 0 0 0 0 
_1.ptx 338 : 1179648 12925824 0 73728 36864 0 0 0 0 
_1.ptx 339 : 1179648 10684224 0 0 0 0 0 0 0 
_1.ptx 340 : 1179648 6844832 0 0 0 0 0 0 0 
_1.ptx 341 : 1179648 12772736 0 73728 36864 0 0 0 0 
_1.ptx 342 : 1179648 10688064 0 0 0 0 0 0 0 
_1.ptx 344 : 1179648 8763680 142144 0 0 73728 36864 0 0 
_1.ptx 346 : 1179648 7103200 0 0 0 0 0 0 0 
_1.ptx 365 : 1179648 7149920 0 0 0 0 0 0 0 
_1.ptx 366 : 1179648 12310816 0 0 0 0 0 0 0 
_1.ptx 367 : 1179648 7164512 0 0 0 0 0 0 0 
_1.ptx 368 : 1179648 12312544 0 0 0 0 0 0 0 
_1.ptx 369 : 1179648 5171168 0 0 0 0 0 0 0 
_1.ptx 370 : 1179648 7196192 0 0 0 0 0 0 0 
_1.ptx 371 : 1179648 7172960 0 0 0 0 0 0 0 
_1.ptx 372 : 1179648 13105504 0 0 0 0 0 0 0 
_1.ptx 373 : 1179648 12022560 0 0 0 0 0 0 0 
_1.ptx 374 : 1179648 12359808 0 0 0 0 0 0 0 
_1.ptx 375 : 1179648 8516288 0 0 0 0 0 0 0 
_1.ptx 376 : 1179648 12515296 0 0 0 0 0 0 0 
_1.ptx 377 : 1179648 7236512 0 0 0 0 0 0 0 
_1.ptx 378 : 1179648 8529728 0 0 0 0 0 0 0 
_1.ptx 379 : 1179648 8501696 0 0 0 0 0 0 0 
_1.ptx 380 : 1179648 12495552 0 0 0 0 0 0 0 
_1.ptx 381 : 1179648 13145024 0 0 0 0 0 0 0 
_1.ptx 382 : 1179648 12485408 0 0 0 0 0 0 0 
_1.ptx 383 : 1179648 13130304 0 0 0 0 0 0 0 
_1.ptx 384 : 1179648 13500448 0 0 0 0 0 0 0 
_1.ptx 385 : 1179648 13189088 0 0 0 0 0 0 0 
_1.ptx 386 : 1179648 13166816 0 0 0 0 0 0 0 
_1.ptx 387 : 1179648 8526336 0 0 0 0 0 0 0 
_1.ptx 388 : 1179648 12364800 0 0 0 0 0 0 0 
_1.ptx 389 : 1179648 5074048 0 0 0 0 0 0 0 
_1.ptx 390 : 1179648 13127392 0 0 0 0 0 0 0 
_1.ptx 391 : 1179648 13115328 0 0 0 0 0 0 0 
_1.ptx 392 : 1179648 206998656 98304 0 0 73728 36864 0 0 
_1.ptx 393 : 1179648 8087808 0 73728 36864 0 0 0 0 
_1.ptx 394 : 1179648 12054784 0 0 0 0 0 0 0 
_1.ptx 395 : 1179648 8413600 0 0 0 0 0 0 0 
_1.ptx 396 : 1179648 12122560 0 0 0 0 0 0 0 
_1.ptx 397 : 1179648 13085312 0 0 0 0 0 0 0 
_1.ptx 398 : 1179648 314931840 4718592 0 0 73728 36864 0 0 
_1.ptx 399 : 1179648 8115712 0 73728 36864 0 0 0 0 
_1.ptx 400 : 1179648 12021376 0 0 0 0 0 0 0 
_1.ptx 401 : 1179648 8397120 0 0 0 0 0 0 0 
_1.ptx 402 : 1179648 12077568 0 0 0 0 0 0 0 
_1.ptx 403 : 1179648 13083776 0 0 0 0 0 0 0 
_1.ptx 404 : 1179648 328464416 4718592 0 0 73728 36864 0 0 
_1.ptx 405 : 1179648 8139168 0 73728 36864 0 0 0 0 
_1.ptx 406 : 1179648 12030368 0 0 0 0 0 0 0 
_1.ptx 407 : 1179648 8400032 0 0 0 0 0 0 0 
_1.ptx 408 : 1179648 12092160 0 0 0 0 0 0 0 
_1.ptx 409 : 1179648 13083200 0 0 0 0 0 0 0 
_1.ptx 410 : 1179648 337972480 4718848 0 0 73728 36864 0 0 
_1.ptx 411 : 1179648 8101088 0 73728 36864 0 0 0 0 
_1.ptx 412 : 1179648 7118848 0 0 0 0 0 0 0 
_1.ptx 413 : 1179648 9572288 0 0 0 0 0 0 0 
_1.ptx 414 : 1179648 148160 0 0 0 0 0 0 0 
_1.ptx 416 : 1155072 339107808 4620544 0 0 72192 36096 0 0 
_1.ptx 417 : 1155072 6964480 0 0 0 0 0 0 0 
_1.ptx 419 : 24576 148256 0 0 0 0 0 0 0 
_1.ptx 421 : 1179648 8266016 0 73728 36864 0 0 0 0 
_1.ptx 422 : 1179648 5934848 0 0 0 0 0 0 0 
_1.ptx 423 : 1179648 13090336 0 0 0 0 0 0 0 
_1.ptx 424 : 1179648 11963424 0 0 0 0 0 0 0 
_1.ptx 425 : 1179648 7151968 0 0 0 0 0 0 0 
_1.ptx 426 : 1179648 9584224 0 0 0 0 0 0 0 
_1.ptx 427 : 1179648 148416 0 0 0 0 0 0 0 
_1.ptx 429 : 1155072 11804640 0 0 0 0 0 0 0 
_1.ptx 430 : 1155072 8266336 0 0 0 0 0 0 0 
_1.ptx 431 : 1155072 11975136 0 0 0 0 0 0 0 
_1.ptx 432 : 1155072 12823040 0 0 0 0 0 0 0 
_1.ptx 433 : 1155072 319320864 4622080 0 0 72192 36096 0 0 
_1.ptx 434 : 1155072 6975008 0 0 0 0 0 0 0 
_1.ptx 436 : 24576 148064 0 0 0 0 0 0 0 
_1.ptx 438 : 1179648 8280640 0 73728 36864 0 0 0 0 
_1.ptx 440 : 1179648 7120160 0 0 0 0 0 0 0 
_1.ptx 442 : 1179648 7172736 0 0 0 0 0 0 0 
_1.ptx 443 : 1179648 6339168 0 0 0 0 0 0 0 
_1.ptx 444 : 1179648 12759712 0 73728 36864 0 0 0 0 
_1.ptx 445 : 1179648 10755552 0 0 0 0 0 0 0 
_1.ptx 446 : 1179648 6538016 0 0 0 0 0 0 0 
_1.ptx 447 : 1179648 12884096 0 73728 36864 0 0 0 0 
_1.ptx 448 : 1179648 10713280 0 0 0 0 0 0 0 
_1.ptx 449 : 1179648 6576672 0 0 0 0 0 0 0 
_1.ptx 450 : 1179648 12827872 0 73728 36864 0 0 0 0 
_1.ptx 451 : 1179648 10720416 0 0 0 0 0 0 0 
_1.ptx 452 : 1179648 6567808 0 0 0 0 0 0 0 
_1.ptx 453 : 1179648 12708096 0 73728 36864 0 0 0 0 
_1.ptx 454 : 1179648 10729408 0 0 0 0 0 0 0 
_1.ptx 455 : 1179648 6499808 0 0 0 0 0 0 0 
_1.ptx 456 : 1179648 12637088 0 73728 36864 0 0 0 0 
_1.ptx 457 : 1179648 10716320 0 0 0 0 0 0 0 
_1.ptx 458 : 1179648 6434976 0 0 0 0 0 0 0 
_1.ptx 459 : 1179648 12618784 0 73728 36864 0 0 0 0 
_1.ptx 460 : 1179648 10720608 0 0 0 0 0 0 0 
_1.ptx 461 : 1179648 6141760 0 0 0 0 0 0 0 
_1.ptx 462 : 1179648 13186880 0 73728 36864 0 0 0 0 
_1.ptx 463 : 1179648 10728768 0 0 0 0 0 0 0 
_1.ptx 464 : 1179648 6813344 0 0 0 0 0 0 0 
_1.ptx 465 : 1179648 12896992 0 73728 36864 0 0 0 0 
_1.ptx 466 : 1179648 10710272 0 0 0 0 0 0 0 
_1.ptx 467 : 1179648 6708160 0 0 0 0 0 0 0 
_1.ptx 468 : 1179648 12801184 0 73728 36864 0 0 0 0 
_1.ptx 469 : 1179648 10714848 0 0 0 0 0 0 0 
_1.ptx 470 : 1179648 6812768 0 0 0 0 0 0 0 
_1.ptx 471 : 1179648 12814272 0 73728 36864 0 0 0 0 
_1.ptx 472 : 1179648 10713120 0 0 0 0 0 0 0 
_1.ptx 473 : 1179648 6691264 0 0 0 0 0 0 0 
_1.ptx 474 : 1179648 12762464 0 73728 36864 0 0 0 0 
_1.ptx 475 : 1179648 10710432 0 0 0 0 0 0 0 
_1.ptx 476 : 1179648 6701536 0 0 0 0 0 0 0 
_1.ptx 477 : 1179648 12779616 0 73728 36864 0 0 0 0 
_1.ptx 478 : 1179648 10712672 0 0 0 0 0 0 0 
_1.ptx 479 : 1179648 6534528 0 0 0 0 0 0 0 
_1.ptx 480 : 1179648 12747264 0 73728 36864 0 0 0 0 
_1.ptx 481 : 1179648 10707392 0 0 0 0 0 0 0 
_1.ptx 482 : 1179648 6554144 0 0 0 0 0 0 0 
_1.ptx 483 : 1179648 12685120 0 73728 36864 0 0 0 0 
_1.ptx 484 : 1179648 10703040 0 0 0 0 0 0 0 
_1.ptx 485 : 1179648 6451840 0 0 0 0 0 0 0 
_1.ptx 486 : 1179648 12566176 0 73728 36864 0 0 0 0 
_1.ptx 487 : 1179648 10700800 0 0 0 0 0 0 0 
_1.ptx 488 : 1179648 6422304 0 0 0 0 0 0 0 
_1.ptx 489 : 1179648 12559360 0 73728 36864 0 0 0 0 
_1.ptx 490 : 1179648 10702112 0 0 0 0 0 0 0 
_1.ptx 491 : 1179648 6317344 0 0 0 0 0 0 0 
_1.ptx 492 : 1179648 12503488 0 73728 36864 0 0 0 0 
_1.ptx 493 : 1179648 10707360 0 0 0 0 0 0 0 
_1.ptx 495 : 1179648 5569440 0 0 0 0 0 0 0 
_1.ptx 496 : 1179648 13232128 0 0 0 0 0 0 0 
_1.ptx 497 : 1179648 13123200 0 0 0 0 0 0 0 
_1.ptx 498 : 1179648 8725728 3169664 0 0 73728 36864 0 0 
_1.ptx 500 : 1179648 7135008 0 0 0 0 0 0 0 
_1.ptx 501 : 1179648 7338464 0 0 0 0 0 0 0 
_1.ptx 502 : 1179648 12991712 0 73728 36864 0 0 0 0 
_1.ptx 503 : 1179648 10694112 0 0 0 0 0 0 0 
_1.ptx 504 : 1179648 6682688 0 0 0 0 0 0 0 
_1.ptx 505 : 1179648 12701792 0 73728 36864 0 0 0 0 
_1.ptx 506 : 1179648 10704448 0 0 0 0 0 0 0 
_1.ptx 507 : 1179648 6388256 0 0 0 0 0 0 0 
_1.ptx 508 : 1179648 12512288 0 73728 36864 0 0 0 0 
_1.ptx 509 : 1179648 10699680 0 0 0 0 0 0 0 
_1.ptx 510 : 1179648 6301920 0 0 0 0 0 0 0 
_1.ptx 511 : 1179648 12469248 0 73728 36864 0 0 0 0 
_1.ptx 512 : 1179648 10759584 0 0 0 0 0 0 0 
_1.ptx 513 : 1179648 5776768 0 0 0 0 0 0 0 
_1.ptx 514 : 1179648 12858912 0 73728 36864 0 0 0 0 
_1.ptx 515 : 1179648 10701184 0 0 0 0 0 0 0 
_1.ptx 516 : 1179648 6606624 0 0 0 0 0 0 0 
_1.ptx 517 : 1179648 12811488 0 73728 36864 0 0 0 0 
_1.ptx 518 : 1179648 10701664 0 0 0 0 0 0 0 
_1.ptx 519 : 1179648 6455808 0 0 0 0 0 0 0 
_1.ptx 520 : 1179648 12632160 0 73728 36864 0 0 0 0 
_1.ptx 521 : 1179648 10707680 0 0 0 0 0 0 0 
_1.ptx 522 : 1179648 6497504 0 0 0 0 0 0 0 
_1.ptx 523 : 1179648 12614752 0 73728 36864 0 0 0 0 
_1.ptx 524 : 1179648 10704224 0 0 0 0 0 0 0 
_1.ptx 525 : 1179648 6327360 0 0 0 0 0 0 0 
_1.ptx 526 : 1179648 12458016 0 73728 36864 0 0 0 0 
_1.ptx 527 : 1179648 10700448 0 0 0 0 0 0 0 
_1.ptx 528 : 1179648 6474560 0 0 0 0 0 0 0 
_1.ptx 529 : 1179648 12743424 0 73728 36864 0 0 0 0 
_1.ptx 530 : 1179648 10690528 0 0 0 0 0 0 0 
_1.ptx 531 : 1179648 6507680 0 0 0 0 0 0 0 
_1.ptx 532 : 1179648 12865056 0 73728 36864 0 0 0 0 
_1.ptx 533 : 1179648 10709120 0 0 0 0 0 0 0 
_1.ptx 534 : 1179648 6700448 0 0 0 0 0 0 0 
_1.ptx 535 : 1179648 12736512 0 73728 36864 0 0 0 0 
_1.ptx 536 : 1179648 10707648 0 0 0 0 0 0 0 
_1.ptx 537 : 1179648 6533280 0 0 0 0 0 0 0 
_1.ptx 538 : 1179648 12695904 0 73728 36864 0 0 0 0 
_1.ptx 539 : 1179648 10697504 0 0 0 0 0 0 0 
_1.ptx 540 : 1179648 6625184 0 0 0 0 0 0 0 
_1.ptx 541 : 1179648 12690432 0 73728 36864 0 0 0 0 
_1.ptx 542 : 1179648 10700864 0 0 0 0 0 0 0 
_1.ptx 543 : 1179648 6492480 0 0 0 0 0 0 0 
_1.ptx 544 : 1179648 12631680 0 73728 36864 0 0 0 0 
_1.ptx 545 : 1179648 10697536 0 0 0 0 0 0 0 
_1.ptx 546 : 1179648 6535968 0 0 0 0 0 0 0 
_1.ptx 547 : 1179648 12653792 0 73728 36864 0 0 0 0 
_1.ptx 548 : 1179648 10701440 0 0 0 0 0 0 0 
_1.ptx 549 : 1179648 6388896 0 0 0 0 0 0 0 
_1.ptx 550 : 1179648 12594080 0 73728 36864 0 0 0 0 
_1.ptx 551 : 1179648 10705888 0 0 0 0 0 0 0 
_1.ptx 553 : 1179648 13176288 0 0 0 0 0 0 0 
_1.ptx 554 : 1179648 8655520 3051456 0 0 73728 36864 0 0 
_1.ptx 556 : 1179648 7132832 0 0 0 0 0 0 0 
_1.ptx 557 : 1179648 6908288 0 0 0 0 0 0 0 
_1.ptx 558 : 1179648 12681152 0 73728 36864 0 0 0 0 
_1.ptx 559 : 1179648 10693696 0 0 0 0 0 0 0 
_1.ptx 560 : 1179648 6417504 0 0 0 0 0 0 0 
_1.ptx 561 : 1179648 12528544 0 73728 36864 0 0 0 0 
_1.ptx 562 : 1179648 10748288 0 0 0 0 0 0 0 
_1.ptx 563 : 1179648 5849536 0 0 0 0 0 0 0 
_1.ptx 564 : 1179648 12715168 0 73728 36864 0 0 0 0 
_1.ptx 565 : 1179648 10692032 0 0 0 0 0 0 0 
_1.ptx 566 : 1179648 6605344 0 0 0 0 0 0 0 
_1.ptx 567 : 1179648 12699744 0 73728 36864 0 0 0 0 
_1.ptx 568 : 1179648 10689248 0 0 0 0 0 0 0 
_1.ptx 569 : 1179648 6469376 0 0 0 0 0 0 0 
_1.ptx 570 : 1179648 12617888 0 73728 36864 0 0 0 0 
_1.ptx 571 : 1179648 10695072 0 0 0 0 0 0 0 
_1.ptx 572 : 1179648 6503744 0 0 0 0 0 0 0 
_1.ptx 573 : 1179648 12625088 0 73728 36864 0 0 0 0 
_1.ptx 574 : 1179648 10692160 0 0 0 0 0 0 0 
_1.ptx 575 : 1179648 6343808 0 0 0 0 0 0 0 
_1.ptx 576 : 1179648 12459648 0 73728 36864 0 0 0 0 
_1.ptx 577 : 1179648 10692544 0 0 0 0 0 0 0 
_1.ptx 578 : 1179648 6458080 0 0 0 0 0 0 0 
_1.ptx 579 : 1179648 12671808 0 73728 36864 0 0 0 0 
_1.ptx 580 : 1179648 10681952 0 0 0 0 0 0 0 
_1.ptx 581 : 1179648 6552736 0 0 0 0 0 0 0 
_1.ptx 582 : 1179648 12677568 0 73728 36864 0 0 0 0 
_1.ptx 583 : 1179648 10693408 0 0 0 0 0 0 0 
_1.ptx 584 : 1179648 6639328 0 0 0 0 0 0 0 
_1.ptx 585 : 1179648 12772224 0 73728 36864 0 0 0 0 
_1.ptx 586 : 1179648 10692640 0 0 0 0 0 0 0 
_1.ptx 587 : 1179648 6451648 0 0 0 0 0 0 0 
_1.ptx 588 : 1179648 12586944 0 73728 36864 0 0 0 0 
_1.ptx 589 : 1179648 10686048 0 0 0 0 0 0 0 
_1.ptx 590 : 1179648 6485824 0 0 0 0 0 0 0 
_1.ptx 591 : 1179648 12563744 0 73728 36864 0 0 0 0 
_1.ptx 592 : 1179648 10689664 0 0 0 0 0 0 0 
_1.ptx 593 : 1179648 6279296 0 0 0 0 0 0 0 
_1.ptx 594 : 1179648 13245632 0 73728 36864 0 0 0 0 
_1.ptx 595 : 1179648 10691008 0 0 0 0 0 0 0 
_1.ptx 596 : 1179648 6837184 0 0 0 0 0 0 0 
_1.ptx 597 : 1179648 12874688 0 73728 36864 0 0 0 0 
_1.ptx 598 : 1179648 10692192 0 0 0 0 0 0 0 
_1.ptx 599 : 1179648 6681312 0 0 0 0 0 0 0 
_1.ptx 600 : 1179648 12896384 0 73728 36864 0 0 0 0 
_1.ptx 601 : 1179648 10697856 0 0 0 0 0 0 0 
_1.ptx 602 : 1179648 6851712 0 0 0 0 0 0 0 
_1.ptx 603 : 1179648 12807904 0 73728 36864 0 0 0 0 
_1.ptx 604 : 1179648 10697984 0 0 0 0 0 0 0 
_1.ptx 605 : 1179648 6704448 0 0 0 0 0 0 0 
_1.ptx 606 : 1179648 12757024 0 73728 36864 0 0 0 0 
_1.ptx 607 : 1179648 10700000 0 0 0 0 0 0 0 
_1.ptx 609 : 1179648 13116960 0 0 0 0 0 0 0 
_1.ptx 610 : 1179648 8722880 3002944 0 0 73728 36864 0 0 
_1.ptx 612 : 1179648 7129952 0 0 0 0 0 0 0 
_1.ptx 613 : 1179648 7163904 0 0 0 0 0 0 0 
_1.ptx 614 : 1179648 12893696 0 73728 36864 0 0 0 0 
_1.ptx 615 : 1179648 10685984 0 0 0 0 0 0 0 
_1.ptx 616 : 1179648 6800128 0 0 0 0 0 0 0 
_1.ptx 617 : 1179648 12738240 0 73728 36864 0 0 0 0 
_1.ptx 618 : 1179648 10689952 0 0 0 0 0 0 0 
_1.ptx 619 : 1179648 6520448 0 0 0 0 0 0 0 
_1.ptx 620 : 1179648 12695712 0 73728 36864 0 0 0 0 
_1.ptx 621 : 1179648 10689728 0 0 0 0 0 0 0 
_1.ptx 622 : 1179648 6602304 0 0 0 0 0 0 0 
_1.ptx 623 : 1179648 12641504 0 73728 36864 0 0 0 0 
_1.ptx 624 : 1179648 10689536 0 0 0 0 0 0 0 
_1.ptx 625 : 1179648 6487040 0 0 0 0 0 0 0 
_1.ptx 626 : 1179648 12541824 0 73728 36864 0 0 0 0 
_1.ptx 627 : 1179648 10690240 0 0 0 0 0 0 0 
_1.ptx 628 : 1179648 6591456 0 0 0 0 0 0 0 
_1.ptx 629 : 1179648 12696448 0 73728 36864 0 0 0 0 
_1.ptx 630 : 1179648 10678528 0 0 0 0 0 0 0 
_1.ptx 631 : 1179648 6578080 0 0 0 0 0 0 0 
_1.ptx 632 : 1179648 12645952 0 73728 36864 0 0 0 0 
_1.ptx 633 : 1179648 10690496 0 0 0 0 0 0 0 
_1.ptx 634 : 1179648 6744448 0 0 0 0 0 0 0 
_1.ptx 635 : 1179648 12725344 0 73728 36864 0 0 0 0 
_1.ptx 636 : 1179648 10689344 0 0 0 0 0 0 0 
_1.ptx 637 : 1179648 6501472 0 0 0 0 0 0 0 
_1.ptx 638 : 1179648 12624032 0 73728 36864 0 0 0 0 
_1.ptx 639 : 1179648 10688096 0 0 0 0 0 0 0 
_1.ptx 640 : 1179648 6533760 0 0 0 0 0 0 0 
_1.ptx 641 : 1179648 12599200 0 73728 36864 0 0 0 0 
_1.ptx 642 : 1179648 10687040 0 0 0 0 0 0 0 
_1.ptx 643 : 1179648 6384928 0 0 0 0 0 0 0 
_1.ptx 644 : 1179648 13216192 0 73728 36864 0 0 0 0 
_1.ptx 645 : 1179648 10691264 0 0 0 0 0 0 0 
_1.ptx 646 : 1179648 6770016 0 0 0 0 0 0 0 
_1.ptx 647 : 1179648 12828128 0 73728 36864 0 0 0 0 
_1.ptx 648 : 1179648 10687552 0 0 0 0 0 0 0 
_1.ptx 649 : 1179648 6674464 0 0 0 0 0 0 0 
_1.ptx 650 : 1179648 12748480 0 73728 36864 0 0 0 0 
_1.ptx 651 : 1179648 10690080 0 0 0 0 0 0 0 
_1.ptx 652 : 1179648 6744416 0 0 0 0 0 0 0 
_1.ptx 653 : 1179648 12815264 0 73728 36864 0 0 0 0 
_1.ptx 654 : 1179648 10692640 0 0 0 0 0 0 0 
_1.ptx 655 : 1179648 6513696 0 0 0 0 0 0 0 
_1.ptx 656 : 1179648 12633760 0 73728 36864 0 0 0 0 
_1.ptx 657 : 1179648 10687488 0 0 0 0 0 0 0 
_1.ptx 658 : 1179648 6606112 0 0 0 0 0 0 0 
_1.ptx 659 : 1179648 12631712 0 73728 36864 0 0 0 0 
_1.ptx 660 : 1179648 10743904 0 0 0 0 0 0 0 
_1.ptx 661 : 1179648 5884736 0 0 0 0 0 0 0 
_1.ptx 662 : 1179648 12782720 0 73728 36864 0 0 0 0 
_1.ptx 663 : 1179648 10720288 0 0 0 0 0 0 0 
_1.ptx 665 : 1179648 13194400 0 0 0 0 0 0 0 
_1.ptx 666 : 1179648 8903872 3023488 0 0 73728 36864 0 0 
_1.ptx 668 : 1179648 7180640 0 0 0 0 0 0 0 
