kernel line : count latency dram_traffic smem_bk_conflicts smem_warp gmem_access_generated gmem_warp exposed_latency warp_divergence
_1.ptx 823 : 509868 3060640 0 0 0 0 0 0 1125 
_1.ptx 825 : 74702 598455 0 0 0 0 0 0 0 
_1.ptx 827 : 74702 596138 0 0 0 0 0 0 0 
_1.ptx 829 : 509868 5544791 0 0 0 0 0 0 0 
_1.ptx 830 : 509868 5719111 0 0 0 0 0 0 0 
_1.ptx 831 : 509868 3810233 0 0 0 0 0 0 0 
_1.ptx 832 : 509868 4413040 0 0 0 0 0 0 0 
_1.ptx 833 : 509868 2624809 0 0 0 0 0 0 0 
_1.ptx 834 : 127467 896577 0 0 0 0 0 0 0 
_1.ptx 835 : 127467 1094423 0 0 0 0 0 0 0 
_1.ptx 836 : 127467 1005697 0 0 0 0 0 0 0 
_1.ptx 837 : 127467 885355 0 0 0 0 0 0 0 
_1.ptx 838 : 127467 1087984 0 0 0 0 0 0 0 
_1.ptx 839 : 127467 1000701 0 0 0 0 0 0 0 
_1.ptx 840 : 127467 1086548 0 0 0 0 0 0 0 
_1.ptx 841 : 127467 885490 0 0 0 0 0 0 0 
_1.ptx 842 : 127467 1082363 0 0 0 0 0 0 0 
_1.ptx 843 : 127467 440148 0 0 0 0 0 0 631 
_1.ptx 845 : 62282 683900 0 0 0 0 0 0 0 
_1.ptx 847 : 62282 523220 0 0 0 0 0 0 0 
_1.ptx 848 : 62282 496180 0 0 0 0 0 0 0 
_1.ptx 849 : 62282 787974 0 0 0 0 0 0 0 
_1.ptx 850 : 62282 709010 0 0 0 0 0 0 0 
_1.ptx 851 : 62282 285713 0 0 0 2349 2349 0 0 
_1.ptx 852 : 62282 282449 0 0 0 2349 2349 0 0 
_1.ptx 853 : 62282 281488 0 0 0 2544 2349 0 0 
_1.ptx 854 : 62282 284914 0 0 0 2544 2349 0 0 
_1.ptx 855 : 62282 279115 0 0 0 2544 2349 0 0 
_1.ptx 856 : 62282 278352 0 0 0 2544 2349 0 0 
_1.ptx 857 : 62282 278971 0 0 0 2544 2349 0 0 
_1.ptx 859 : 62282 700200 0 0 0 0 0 0 0 
_1.ptx 860 : 62282 700194 0 0 0 0 0 0 0 
_1.ptx 861 : 62282 707285 0 0 0 0 0 0 0 
_1.ptx 862 : 62282 709091 0 0 0 0 0 0 0 
_1.ptx 863 : 62282 728154 0 0 0 0 0 0 0 
_1.ptx 864 : 62282 714691 0 0 0 0 0 0 0 
_1.ptx 865 : 62282 302890 0 0 0 2544 2349 0 0 
_1.ptx 866 : 62282 424801 0 0 0 0 0 0 0 
_1.ptx 867 : 62282 531078 0 0 0 0 0 0 0 
_1.ptx 868 : 62282 126512 0 0 0 0 0 0 305 
_1.ptx 870 : 43133 310751 0 0 0 0 0 0 0 
_1.ptx 871 : 43133 312196 0 0 0 0 0 0 0 
_1.ptx 872 : 43133 309003 0 0 0 0 0 0 0 
_1.ptx 873 : 43133 302863 0 0 0 0 0 0 0 
_1.ptx 875 : 19149 68434 0 0 0 0 0 0 0 
_1.ptx 876 : 19149 218661 0 0 0 0 0 0 0 
_1.ptx 877 : 19149 220543 0 0 0 0 0 0 0 
_1.ptx 878 : 19149 223733 0 0 0 0 0 0 0 
_1.ptx 879 : 19149 224689 0 0 0 0 0 0 0 
_1.ptx 880 : 19149 224049 0 0 0 0 0 0 0 
_1.ptx 881 : 19149 182666 0 0 0 0 0 0 0 
_1.ptx 882 : 19149 186890 0 0 0 0 0 0 0 
_1.ptx 883 : 19149 773038 0 0 0 0 0 0 0 
_1.ptx 884 : 19149 236287 0 0 0 0 0 0 0 
_1.ptx 885 : 19149 247058 0 0 0 0 0 0 0 
_1.ptx 886 : 19149 245514 0 0 0 0 0 0 0 
_1.ptx 888 : 62282 723734 0 0 0 0 0 0 0 
_1.ptx 889 : 62282 733794 0 0 0 0 0 0 0 
_1.ptx 890 : 62282 749243 0 0 0 0 0 0 0 
_1.ptx 891 : 62282 789808 0 0 0 0 0 0 0 
_1.ptx 892 : 62282 624139 0 0 0 0 0 0 0 
_1.ptx 893 : 62282 605599 0 0 0 0 0 0 0 
_1.ptx 894 : 62282 2686407 0 0 0 0 0 0 0 
_1.ptx 895 : 62282 719787 0 0 0 0 0 0 0 
_1.ptx 896 : 62282 721357 0 0 0 0 0 0 0 
_1.ptx 897 : 62282 728562 0 0 0 0 0 0 0 
_1.ptx 898 : 62282 721969 0 0 0 0 0 0 0 
_1.ptx 899 : 62282 610608 0 0 0 0 0 0 0 
_1.ptx 900 : 62282 604405 0 0 0 0 0 0 0 
_1.ptx 901 : 62282 436341 0 0 0 0 0 0 0 
_1.ptx 902 : 62282 537136 0 0 0 0 0 0 0 
_1.ptx 903 : 62282 430707 0 0 0 0 0 0 0 
_1.ptx 910 : 62282 483659 0 0 0 0 0 0 0 
_1.ptx 911 : 62282 487845 0 0 0 0 0 0 0 
_1.ptx 912 : 62282 492051 0 0 0 0 0 0 0 
_1.ptx 915 : 62282 439145 0 0 0 0 0 0 0 
_1.ptx 916 : 62282 718858 0 0 0 0 0 0 0 
_1.ptx 917 : 62282 494797 0 0 0 0 0 0 0 
_1.ptx 918 : 62282 1024309 0 0 0 0 0 0 0 
_1.ptx 919 : 62282 707540 0 0 0 0 0 0 0 
_1.ptx 920 : 62282 538870 33024 0 0 0 0 0 0 
_1.ptx 921 : 62282 413870 0 0 0 0 0 0 0 
_1.ptx 922 : 62282 706481 0 0 0 0 0 0 0 
_1.ptx 923 : 62282 931657 57696 0 0 0 0 0 0 
_1.ptx 924 : 62282 402168 0 0 0 0 0 0 0 
_1.ptx 925 : 62282 700950 0 0 0 0 0 0 0 
_1.ptx 926 : 62282 1047376 31776 0 0 0 0 0 0 
_1.ptx 927 : 62282 404696 0 0 0 0 0 0 0 
_1.ptx 928 : 62282 707704 0 0 0 0 0 0 0 
_1.ptx 929 : 62282 1070353 40384 0 0 0 0 0 0 
_1.ptx 931 : 62282 412094 0 0 0 0 0 0 0 
_1.ptx 932 : 62282 713170 0 0 0 0 0 0 0 
_1.ptx 933 : 62282 423295 0 0 0 0 0 0 0 
_1.ptx 934 : 62282 711716 0 0 0 0 0 0 0 
_1.ptx 935 : 62282 401116 0 0 0 0 0 0 0 
_1.ptx 936 : 62282 717975 0 0 0 0 0 0 0 
_1.ptx 937 : 62282 760201 0 0 0 0 0 0 0 
_1.ptx 938 : 62282 611778 0 0 0 0 0 0 0 
_1.ptx 939 : 62282 597815 0 0 0 0 0 0 0 
_1.ptx 940 : 62282 2774489 0 0 0 0 0 0 0 
_1.ptx 941 : 62282 753495 0 0 0 0 0 0 0 
_1.ptx 942 : 62282 770877 0 0 0 0 0 0 0 
_1.ptx 943 : 62282 768903 0 0 0 0 0 0 0 
_1.ptx 944 : 62282 758262 0 0 0 0 0 0 0 
_1.ptx 945 : 62282 597490 0 0 0 0 0 0 0 
_1.ptx 946 : 62282 595908 0 0 0 0 0 0 0 
_1.ptx 947 : 62282 439806 0 0 0 0 0 0 0 
_1.ptx 948 : 62282 541179 0 0 0 0 0 0 0 
_1.ptx 949 : 62282 37341 0 0 0 0 0 0 318 
_1.ptx 951 : 56815 444507 0 0 0 0 0 0 0 
_1.ptx 952 : 56815 355726 0 0 0 0 0 0 0 
_1.ptx 955 : 220903 1048507 0 0 0 8579 8579 0 0 
_1.ptx 956 : 220903 1092136 0 0 0 8579 8579 0 0 
_1.ptx 957 : 220903 1066206 0 0 0 8579 8579 0 0 
_1.ptx 958 : 220903 1051095 0 0 0 8579 8579 0 0 
_1.ptx 959 : 220903 1442988 0 0 0 0 0 0 0 
_1.ptx 960 : 220903 1866914 0 0 0 0 0 0 0 
_1.ptx 961 : 220903 1112262 0 0 0 0 0 0 0 
_1.ptx 963 : 56815 425103 0 0 0 0 0 0 0 
_1.ptx 964 : 56815 374765 0 0 0 0 0 0 0 
_1.ptx 965 : 56815 480892 0 0 0 0 0 0 0 
_1.ptx 966 : 56815 377927 0 0 0 0 0 0 0 
_1.ptx 971 : 56815 362141 0 0 0 0 0 0 0 
_1.ptx 972 : 56815 522804 0 0 0 0 0 0 0 
_1.ptx 973 : 56815 636136 0 0 0 0 0 0 0 
_1.ptx 974 : 56815 3497693 0 0 0 0 0 0 0 
_1.ptx 976 : 56815 356441 0 0 0 0 0 0 0 
_1.ptx 977 : 56815 356864 0 0 0 0 0 0 0 
_1.ptx 978 : 56815 477655 0 0 0 0 0 0 0 
_1.ptx 979 : 56815 525256 0 0 0 0 0 0 0 
_1.ptx 982 : 56815 425515 0 0 0 0 0 0 0 
_1.ptx 983 : 56815 369525 0 0 0 0 0 0 0 
_1.ptx 986 : 164088 753275 0 0 0 6402 6402 0 0 
_1.ptx 987 : 164088 596568 0 0 0 0 0 0 0 
_1.ptx 988 : 164088 1928182 0 0 0 0 0 0 0 
_1.ptx 989 : 164088 1215281 0 0 0 0 0 0 0 
_1.ptx 990 : 164088 1929920 0 0 0 0 0 0 0 
_1.ptx 991 : 164088 1242213 0 0 0 0 0 0 0 
_1.ptx 992 : 164088 1949226 0 0 0 0 0 0 0 
_1.ptx 993 : 164088 1265012 0 0 0 0 0 0 0 
_1.ptx 994 : 164088 1949825 0 0 0 0 0 0 0 
_1.ptx 995 : 164088 1994136 0 0 0 0 0 0 0 
_1.ptx 996 : 164088 2000312 0 0 0 0 0 0 0 
_1.ptx 997 : 164088 2016421 0 0 0 0 0 0 0 
_1.ptx 998 : 164088 2011677 0 0 0 0 0 0 0 
_1.ptx 999 : 164088 2014237 0 0 0 0 0 0 0 
_1.ptx 1000 : 164088 2032418 0 0 0 0 0 0 0 
_1.ptx 1001 : 164088 2022692 0 0 0 0 0 0 0 
_1.ptx 1002 : 164088 1700446 0 0 0 0 0 0 0 
_1.ptx 1003 : 164088 1694359 0 0 0 0 0 0 0 
_1.ptx 1004 : 164088 1991413 0 0 0 0 0 0 0 
_1.ptx 1005 : 164088 1664657 0 0 0 0 0 0 0 
_1.ptx 1006 : 164088 1651530 0 0 0 0 0 0 0 
_1.ptx 1007 : 164088 1970157 0 0 0 0 0 0 0 
_1.ptx 1008 : 164088 1508734 0 0 0 0 0 0 0 
_1.ptx 1009 : 164088 1389343 0 0 0 0 0 0 0 
_1.ptx 1010 : 164088 1181451 0 0 0 0 0 0 0 
_1.ptx 1011 : 164088 1466742 0 0 0 0 0 0 0 
_1.ptx 1012 : 164088 1362186 0 0 0 0 0 0 0 
_1.ptx 1013 : 164088 1463880 0 0 0 0 0 0 0 
_1.ptx 1014 : 164088 1206613 0 0 0 0 0 0 0 
_1.ptx 1015 : 164088 1459458 0 0 0 0 0 0 0 
_1.ptx 1016 : 164088 824522 0 0 0 0 0 0 965 
_1.ptx 1017 : 50431 366184 0 0 0 0 0 0 0 
_1.ptx 1018 : 50431 362085 0 0 0 0 0 0 0 
_1.ptx 1020 : 113657 1340908 0 0 0 0 0 0 0 
_1.ptx 1021 : 113657 1344658 0 0 0 0 0 0 0 
_1.ptx 1022 : 113657 1015480 0 0 0 0 0 0 0 
_1.ptx 1023 : 113657 44423 0 0 0 0 0 0 344 
_1.ptx 1024 : 107587 783399 0 0 0 0 0 0 0 
_1.ptx 1025 : 107587 784554 0 0 0 0 0 0 0 
_1.ptx 1028 : 6070 71107 0 0 0 0 0 0 0 
_1.ptx 1029 : 6070 125789 0 0 0 0 0 0 0 
_1.ptx 1030 : 6070 73105 0 0 0 0 0 0 0 
_1.ptx 1031 : 6070 74033 0 0 0 0 0 0 0 
_1.ptx 1032 : 6070 59465 0 0 0 0 0 0 0 
_1.ptx 1036 : 164088 1332965 0 0 0 0 0 0 0 
_1.ptx 1039 : 220903 1546272 0 0 0 0 0 0 0 
_1.ptx 1040 : 220903 1895117 0 0 0 0 0 0 0 
_1.ptx 1041 : 220903 1480806 0 0 0 0 0 0 370 
_1.ptx 1042 : 6068 74128 0 0 0 0 0 0 0 
_1.ptx 1043 : 6068 73957 0 0 0 0 0 0 0 
_1.ptx 1044 : 6068 74350 0 0 0 0 0 0 0 
_1.ptx 1045 : 6068 74033 0 0 0 0 0 0 0 
_1.ptx 1046 : 6068 72275 0 0 0 0 0 0 0 
_1.ptx 1047 : 6068 73506 0 0 0 0 0 0 0 
_1.ptx 1048 : 6068 73147 0 0 0 0 0 0 0 
_1.ptx 1049 : 6068 60133 0 0 0 0 0 0 0 
_1.ptx 1050 : 6068 60892 0 0 0 0 0 0 0 
_1.ptx 1051 : 6068 55492 0 0 0 0 0 0 0 
_1.ptx 1052 : 6068 46685 0 0 0 0 0 0 0 
_1.ptx 1057 : 220903 2381238 0 0 0 0 0 0 0 
_1.ptx 1058 : 220903 2464006 0 0 0 0 0 0 0 
_1.ptx 1059 : 220903 1681552 0 0 0 0 0 0 0 
_1.ptx 1060 : 220903 1931531 0 0 0 0 0 0 0 
_1.ptx 1061 : 220903 373011 0 0 0 0 0 0 0 
_1.ptx 1062 : 169119 1197673 0 0 0 0 0 0 0 
_1.ptx 1063 : 169119 1441684 0 0 0 0 0 0 0 
_1.ptx 1064 : 169119 1112120 0 0 0 0 0 0 295 
_1.ptx 1065 : 5031 35862 0 0 0 0 0 0 0 
_1.ptx 1067 : 51784 374221 0 0 0 0 0 0 0 
_1.ptx 1068 : 51784 459881 0 0 0 0 0 0 0 
_1.ptx 1071 : 56815 43935 0 0 0 0 0 0 318 
_1.ptx 1073 : 50745 601440 0 0 0 0 0 0 0 
_1.ptx 1074 : 50745 617563 0 0 0 0 0 0 0 
_1.ptx 1075 : 50745 622488 0 0 0 0 0 0 0 
_1.ptx 1076 : 50745 688169 0 0 0 0 0 0 0 
_1.ptx 1077 : 50745 510569 0 0 0 0 0 0 0 
_1.ptx 1078 : 50745 499413 0 0 0 0 0 0 0 
_1.ptx 1079 : 50745 1568710 0 0 0 0 0 0 0 
_1.ptx 1081 : 50745 382040 0 0 0 0 0 0 0 
_1.ptx 1082 : 50745 1084924 0 0 0 0 0 0 0 
_1.ptx 1083 : 50745 431591 0 0 0 0 0 0 0 
_1.ptx 1084 : 50745 750306 0 0 0 0 0 0 0 
_1.ptx 1085 : 50745 652181 0 0 0 0 0 0 0 
_1.ptx 1086 : 50745 604185 0 0 0 0 0 0 0 
_1.ptx 1087 : 50745 276613 0 0 0 0 0 0 0 
_1.ptx 1088 : 50745 367633 0 0 0 0 0 0 0 
_1.ptx 1089 : 50745 581909 0 0 0 0 0 0 0 
_1.ptx 1090 : 50745 594998 0 0 0 0 0 0 0 
_1.ptx 1091 : 50745 596986 0 0 0 0 0 0 0 
_1.ptx 1092 : 50745 381787 0 0 0 0 0 0 0 
_1.ptx 1093 : 50745 361185 0 0 0 0 0 0 0 
_1.ptx 1094 : 50745 589670 0 0 0 0 0 0 0 
_1.ptx 1095 : 50745 596042 0 0 0 0 0 0 0 
_1.ptx 1096 : 50745 597909 0 0 0 0 0 0 0 
_1.ptx 1097 : 50745 785983 128 0 0 0 0 0 0 
_1.ptx 1098 : 50745 356295 0 0 0 0 0 0 0 
_1.ptx 1099 : 50745 589184 0 0 0 0 0 0 0 
_1.ptx 1100 : 50745 489596 0 0 0 0 0 0 0 
_1.ptx 1101 : 50745 748241 0 0 0 0 0 0 0 
_1.ptx 1103 : 50745 592261 0 0 0 0 0 0 0 
_1.ptx 1104 : 50745 595302 0 0 0 0 0 0 0 
_1.ptx 1105 : 50745 592062 0 0 0 0 0 0 0 
_1.ptx 1106 : 50745 499244 0 0 0 0 0 0 0 
_1.ptx 1107 : 50745 604112 0 0 0 0 0 0 0 
_1.ptx 1108 : 50745 509332 0 0 0 0 0 0 0 
_1.ptx 1109 : 50745 410107 0 0 0 0 0 0 0 
_1.ptx 1110 : 50745 1116288 0 0 0 0 0 0 0 
_1.ptx 1111 : 50745 480548 0 0 0 0 0 0 0 
_1.ptx 1112 : 50745 1120228 0 0 0 0 0 0 0 
_1.ptx 1113 : 50745 468019 0 0 0 0 0 0 0 
_1.ptx 1114 : 50745 481247 0 0 0 0 0 0 0 
_1.ptx 1115 : 50745 383305 0 0 0 0 0 0 0 
_1.ptx 1121 : 50745 414614 0 0 0 0 0 0 0 
_1.ptx 1122 : 50745 365455 0 0 0 0 0 0 0 
_1.ptx 1123 : 50745 431709 0 0 0 0 0 0 0 
_1.ptx 1124 : 50745 0 0 0 0 0 0 0 0 
_1.ptx 1125 : 50745 325291 0 0 0 0 0 0 0 
_1.ptx 1133 : 50745 329109 0 0 0 0 0 0 0 
_1.ptx 1134 : 50745 426794 0 0 0 0 0 0 0 
_1.ptx 1135 : 50745 336291 0 0 0 0 0 0 0 
_1.ptx 1140 : 50745 330349 0 0 0 0 0 0 0 
_1.ptx 1141 : 50745 427893 0 0 0 0 0 0 0 
_1.ptx 1142 : 50745 334762 0 0 0 0 0 0 0 
_1.ptx 1157 : 50745 331283 0 0 0 0 0 0 0 
_1.ptx 1158 : 50745 431587 0 0 0 0 0 0 0 
_1.ptx 1159 : 50745 333344 0 0 0 0 0 0 0 
_1.ptx 1181 : 50745 332152 0 0 0 0 0 0 0 
_1.ptx 1182 : 50745 426878 0 0 0 0 0 0 0 
_1.ptx 1183 : 50745 328715 0 0 0 0 0 0 0 
_1.ptx 1196 : 50745 370972 0 0 0 0 0 0 0 
_1.ptx 1197 : 50745 378704 0 0 0 0 0 0 0 
_1.ptx 1198 : 50745 380735 0 0 0 0 0 0 0 
_1.ptx 1199 : 50745 387215 0 0 0 0 0 0 0 
_1.ptx 1200 : 50745 350906 0 0 0 0 0 0 0 
_1.ptx 1201 : 50745 431705 0 0 0 0 0 0 0 
_1.ptx 1202 : 50745 339427 0 0 0 0 0 0 0 
_1.ptx 1213 : 50745 419089 0 0 0 0 0 0 0 
_1.ptx 1216 : 50745 578842 0 0 0 0 0 0 0 
_1.ptx 1218 : 50745 441369 0 0 0 0 0 0 0 
_1.ptx 1219 : 50745 406506 0 0 0 0 0 0 0 
_1.ptx 1220 : 50745 399000 0 0 0 0 0 0 0 
_1.ptx 1221 : 50745 402398 0 0 0 0 0 0 0 
_1.ptx 1222 : 50745 363163 0 0 0 0 0 0 0 
_1.ptx 1223 : 50745 439416 0 0 0 0 0 0 0 
_1.ptx 1224 : 50745 208404 0 0 0 0 0 0 727 
_1.ptx 1226 : 21083 153482 0 0 0 0 0 0 0 
_1.ptx 1227 : 21083 253382 0 0 0 0 0 0 0 
_1.ptx 1229 : 21083 250381 0 0 0 0 0 0 0 
_1.ptx 1232 : 50745 395713 0 0 0 0 0 0 0 
_1.ptx 1233 : 50745 591464 0 0 0 0 0 0 0 
_1.ptx 1234 : 50745 327162 0 0 0 0 0 0 0 
_1.ptx 1235 : 50745 594672 0 0 0 0 0 0 0 
_1.ptx 1236 : 50745 634921 0 0 0 0 0 0 0 
_1.ptx 1237 : 50745 476143 0 0 0 0 0 0 0 
_1.ptx 1238 : 50745 2524558 0 0 0 0 0 0 0 
_1.ptx 1239 : 50745 400283 0 0 0 0 0 0 0 
_1.ptx 1240 : 50745 602923 0 0 0 0 0 0 0 
_1.ptx 1241 : 50745 400096 0 0 0 0 0 0 0 
_1.ptx 1242 : 50745 401334 0 0 0 0 0 0 0 
_1.ptx 1243 : 50745 402087 0 0 0 0 0 0 0 
_1.ptx 1244 : 50745 401837 0 0 0 0 0 0 0 
_1.ptx 1245 : 50745 403144 0 0 0 0 0 0 0 
_1.ptx 1246 : 50745 588697 0 0 0 0 0 0 0 
_1.ptx 1247 : 50745 588828 0 0 0 0 0 0 0 
_1.ptx 1248 : 50745 596853 0 0 0 0 0 0 0 
_1.ptx 1249 : 50745 478236 0 0 0 0 0 0 0 
_1.ptx 1250 : 50745 481475 0 0 0 0 0 0 0 
_1.ptx 1252 : 50745 619432 0 0 0 0 0 0 0 
_1.ptx 1253 : 50745 649094 0 0 0 0 0 0 0 
_1.ptx 1254 : 50745 475191 0 0 0 0 0 0 0 
_1.ptx 1255 : 50745 430206 0 0 0 0 0 0 0 
_1.ptx 1256 : 50745 500217 0 0 0 0 0 0 0 
_1.ptx 1257 : 50745 377598 0 0 0 0 0 0 0 
_1.ptx 1258 : 50745 508061 0 0 0 0 0 0 0 
_1.ptx 1259 : 50745 614231 0 0 0 0 0 0 0 
_1.ptx 1260 : 50745 627457 0 0 0 0 0 0 0 
_1.ptx 1261 : 50745 613793 0 0 0 0 0 0 0 
_1.ptx 1262 : 50745 597016 0 0 0 0 0 0 0 
_1.ptx 1263 : 50745 588344 0 0 0 0 0 0 0 
_1.ptx 1264 : 50745 584350 0 0 0 0 0 0 0 
_1.ptx 1265 : 50745 591520 0 0 0 0 0 0 0 
_1.ptx 1266 : 50745 579811 0 0 0 0 0 0 0 
_1.ptx 1267 : 50745 572337 0 0 0 0 0 0 0 
_1.ptx 1269 : 50745 578369 0 0 0 0 0 0 0 
_1.ptx 1271 : 50745 587812 0 0 0 0 0 0 0 
_1.ptx 1272 : 50745 619690 0 0 0 0 0 0 0 
_1.ptx 1274 : 50745 470615 0 0 0 0 0 0 0 
_1.ptx 1275 : 50745 428393 0 0 0 0 0 0 0 
_1.ptx 1276 : 50745 618843 0 0 0 0 0 0 0 
_1.ptx 1277 : 50745 633312 0 0 0 0 0 0 0 
_1.ptx 1279 : 50745 439028 0 0 0 0 0 0 0 
_1.ptx 1280 : 50745 625059 0 0 0 0 0 0 0 
_1.ptx 1281 : 50745 628071 0 0 0 0 0 0 0 
_1.ptx 1282 : 50745 612764 0 0 0 0 0 0 0 
_1.ptx 1283 : 50745 608686 0 0 0 0 0 0 0 
_1.ptx 1284 : 50745 593913 0 0 0 0 0 0 0 
_1.ptx 1286 : 50745 595021 0 0 0 0 0 0 0 
_1.ptx 1288 : 50745 382180 0 0 0 0 0 0 0 
_1.ptx 1289 : 50745 585234 0 0 0 0 0 0 0 
_1.ptx 1290 : 50745 606811 0 0 0 0 0 0 0 
_1.ptx 1291 : 50745 481949 0 0 0 0 0 0 0 
_1.ptx 1292 : 50745 631753 0 0 0 0 0 0 0 
_1.ptx 1293 : 50745 410863 0 0 0 0 0 0 0 
_1.ptx 1294 : 50745 501474 0 0 0 0 0 0 0 
_1.ptx 1295 : 50745 371256 0 0 0 0 0 0 0 
_1.ptx 1296 : 50745 490658 0 0 0 0 0 0 0 
_1.ptx 1297 : 50745 357194 0 0 0 0 0 0 0 
_1.ptx 1298 : 50745 492433 0 0 0 0 0 0 0 
_1.ptx 1299 : 50745 369318 0 0 0 0 0 0 0 
_1.ptx 1300 : 50745 492510 0 0 0 0 0 0 0 
_1.ptx 1301 : 50745 595896 0 0 0 0 0 0 0 
_1.ptx 1303 : 50745 412373 0 0 0 0 0 0 0 
_1.ptx 1304 : 50745 586759 0 0 0 0 0 0 0 
_1.ptx 1305 : 50745 582987 0 0 0 0 0 0 0 
_1.ptx 1307 : 50745 372599 0 0 0 0 0 0 0 
_1.ptx 1308 : 50745 380063 0 0 0 0 0 0 0 
_1.ptx 1309 : 50745 394614 0 0 0 0 0 0 0 
_1.ptx 1310 : 50745 351745 0 0 0 0 0 0 0 
_1.ptx 1311 : 50745 426595 0 0 0 0 0 0 0 
_1.ptx 1312 : 50745 335247 0 0 0 0 0 0 0 
_1.ptx 1321 : 50745 382484 0 0 0 0 0 0 0 
_1.ptx 1322 : 50745 334415 0 0 0 0 0 0 0 
_1.ptx 1323 : 50745 586919 0 0 0 0 0 0 0 
_1.ptx 1324 : 50745 420369 0 0 0 0 0 0 0 
_1.ptx 1325 : 50745 369492 0 0 0 0 0 0 0 
_1.ptx 1326 : 50745 362992 0 0 0 0 0 0 0 
_1.ptx 1327 : 50745 2692862 0 0 0 0 0 0 0 
_1.ptx 1328 : 50745 320775 0 0 0 0 0 0 0 
_1.ptx 1329 : 50745 331273 0 0 0 0 0 0 0 
_1.ptx 1330 : 50745 480763 0 0 0 0 0 0 0 
_1.ptx 1331 : 50745 487682 0 0 0 0 0 0 0 
_1.ptx 1332 : 50745 372195 0 0 0 0 0 0 0 
_1.ptx 1333 : 50745 648600 0 0 0 0 0 0 0 
_1.ptx 1334 : 50745 3626403 0 0 0 0 0 0 0 
_1.ptx 1335 : 50745 585707 0 0 0 0 0 0 0 
_1.ptx 1336 : 50745 327634 0 0 0 0 0 0 0 
_1.ptx 1337 : 50745 429915 0 0 0 0 0 0 0 
_1.ptx 1338 : 50745 471659 0 0 0 0 0 0 0 
_1.ptx 1339 : 50745 331228 0 0 0 0 0 0 0 
_1.ptx 1340 : 50745 423841 0 0 0 0 0 0 0 
_1.ptx 1341 : 50745 467190 0 0 0 0 0 0 0 
_1.ptx 1343 : 50745 377190 0 0 0 0 0 0 0 
_1.ptx 1344 : 50745 314215 0 0 0 0 0 0 0 
_1.ptx 1345 : 50745 422017 0 0 0 0 0 0 0 
_1.ptx 1346 : 50745 0 0 0 0 0 0 0 0 
_1.ptx 1348 : 50745 478966 0 0 0 0 0 0 0 
_1.ptx 1351 : 50745 404196 0 0 0 0 0 0 0 
_1.ptx 1352 : 50745 362118 0 0 0 0 0 0 0 
_1.ptx 1353 : 50745 413623 0 0 0 0 0 0 0 
_1.ptx 1354 : 50745 410342 0 0 0 0 0 0 0 
_1.ptx 1355 : 50745 381537 0 0 0 0 0 0 0 
_1.ptx 1356 : 50745 613148 0 0 0 0 0 0 0 
_1.ptx 1357 : 50745 608156 0 0 0 0 0 0 0 
_1.ptx 1358 : 50745 435711 0 0 0 0 0 0 0 
_1.ptx 1359 : 50745 373991 0 0 0 0 0 0 0 
_1.ptx 1360 : 50745 436912 0 0 0 0 0 0 0 
_1.ptx 1361 : 50745 395147 0 0 0 0 0 0 0 
_1.ptx 1362 : 50745 423986 0 0 0 0 0 0 0 
_1.ptx 1363 : 50745 314440 0 0 0 0 0 0 0 
_1.ptx 1364 : 50745 422957 0 0 0 0 0 0 0 
_1.ptx 1365 : 50745 330003 0 0 0 0 0 0 0 
_1.ptx 1372 : 50745 378435 0 0 0 0 0 0 0 
_1.ptx 1375 : 50745 334653 0 0 0 0 0 0 0 
_1.ptx 1376 : 50745 573962 0 0 0 0 0 0 0 
_1.ptx 1377 : 50745 571892 0 0 0 0 0 0 0 
_1.ptx 1378 : 50745 487477 0 0 0 0 0 0 0 
_1.ptx 1380 : 50745 568483 0 0 0 0 0 0 0 
_1.ptx 1381 : 50745 733746 0 0 0 0 0 0 0 
_1.ptx 1383 : 50745 570372 0 0 0 0 0 0 0 
_1.ptx 1384 : 50745 827933 0 0 0 0 0 0 0 
_1.ptx 1388 : 62282 705468 0 0 0 0 0 0 0 
_1.ptx 1389 : 62282 714284 0 0 0 0 0 0 0 
_1.ptx 1390 : 62282 727716 0 0 0 0 0 0 0 
_1.ptx 1391 : 62282 734285 0 0 0 0 0 0 0 
_1.ptx 1392 : 62282 737181 0 0 0 0 0 0 0 
_1.ptx 1393 : 62282 754307 0 0 0 0 0 0 0 
_1.ptx 1395 : 62282 741145 0 0 0 0 0 0 0 
_1.ptx 1396 : 62282 752714 0 0 0 0 0 0 0 
_1.ptx 1397 : 62282 754774 0 0 0 0 0 0 0 
_1.ptx 1398 : 62282 789111 0 0 0 0 0 0 0 
_1.ptx 1399 : 62282 635195 0 0 0 0 0 0 0 
_1.ptx 1400 : 62282 608780 0 0 0 0 0 0 0 
_1.ptx 1401 : 62282 2678687 0 0 0 0 0 0 0 
_1.ptx 1402 : 62282 732000 0 0 0 0 0 0 0 
_1.ptx 1403 : 62282 737903 0 0 0 0 0 0 0 
_1.ptx 1404 : 62282 739564 0 0 0 0 0 0 0 
_1.ptx 1405 : 62282 484234 0 0 0 0 0 0 0 
_1.ptx 1406 : 62282 474391 0 0 0 0 0 0 0 
_1.ptx 1408 : 62282 420197 0 0 0 0 0 0 0 
_1.ptx 1409 : 62282 594648 0 0 0 0 0 0 0 
_1.ptx 1410 : 62282 434774 0 0 0 0 0 0 0 
_1.ptx 1411 : 62282 597266 0 0 0 0 0 0 0 
_1.ptx 1412 : 62282 442941 0 0 0 0 0 0 0 
_1.ptx 1413 : 62282 617769 0 0 0 0 0 0 0 
_1.ptx 1416 : 127467 1423748 0 0 0 0 0 0 0 
_1.ptx 1417 : 127467 971433 0 0 0 0 0 0 0 
_1.ptx 1418 : 127467 1118098 0 0 0 0 0 0 0 
_1.ptx 1419 : 127467 6770 0 0 0 0 0 0 0 
_1.ptx 1420 : 126435 1084568 0 0 0 0 0 0 0 
_1.ptx 1421 : 126435 421406 0 0 0 0 0 0 550 
_1.ptx 1424 : 65536 716928 0 0 0 0 0 0 0 
_1.ptx 1425 : 65536 518944 0 0 0 0 0 0 0 
_1.ptx 1426 : 65536 420000 0 0 0 0 0 0 0 
_1.ptx 1427 : 65536 544992 0 0 0 0 0 0 0 
_1.ptx 604 : 65536 407712 0 0 0 0 0 0 0 
_1.ptx 1428 : 65536 360161 0 0 0 0 0 0 218 
_1.ptx 605 : 65536 429440 38656 0 0 0 0 0 0 
_1.ptx 1429 : 10434 79091 0 0 0 0 0 0 0 
_1.ptx 606 : 65536 402048 0 0 0 0 0 0 0 
_1.ptx 1430 : 10434 78144 0 0 0 0 0 0 0 
_1.ptx 607 : 65536 1026464 38912 0 0 0 0 0 0 
_1.ptx 1431 : 10434 121537 0 0 0 0 0 0 0 
_1.ptx 608 : 65536 403520 0 0 0 0 0 0 0 
_1.ptx 1432 : 10434 117938 0 0 0 0 0 0 0 
_1.ptx 609 : 65536 1549632 38784 0 0 0 0 0 0 
_1.ptx 1433 : 10434 79289 0 0 0 0 0 0 0 
_1.ptx 610 : 65536 405120 0 0 0 0 0 0 0 
_1.ptx 611 : 65536 1072032 38528 0 0 0 0 0 0 
_1.ptx 612 : 65536 401216 0 0 0 0 0 0 0 
_1.ptx 613 : 65536 1724064 54656 0 0 0 0 0 0 
_1.ptx 1437 : 15923 2332974 15872 0 0 0 0 0 0 
_1.ptx 614 : 65536 401344 0 0 0 0 0 0 0 
_1.ptx 1438 : 15923 2291603 8832 0 0 0 0 0 0 
_1.ptx 615 : 65536 2536064 52224 0 0 0 0 0 0 
_1.ptx 1439 : 15923 2628646 12416 0 0 0 0 0 0 
_1.ptx 616 : 65536 402016 0 0 0 0 0 0 0 
_1.ptx 1440 : 15923 2496224 256 0 0 0 0 0 0 
_1.ptx 617 : 65536 2408032 68992 0 0 0 0 0 0 
_1.ptx 1441 : 15923 2362022 128 0 0 0 0 0 0 
_1.ptx 618 : 65536 401792 0 0 0 0 0 0 0 
_1.ptx 1442 : 15923 2520711 128 0 0 0 0 0 0 
_1.ptx 619 : 65536 2745504 52096 0 0 0 0 0 0 
_1.ptx 1443 : 15923 2760086 15360 0 0 0 0 0 0 
_1.ptx 620 : 65536 402272 0 0 0 0 0 0 0 
_1.ptx 1444 : 15923 2597445 0 0 0 0 0 0 0 
_1.ptx 621 : 65536 2318080 63488 0 0 0 0 0 0 
_1.ptx 1445 : 15923 101596 0 0 0 0 0 0 0 
_1.ptx 622 : 65536 402304 0 0 0 0 0 0 0 
_1.ptx 1446 : 15923 147209 0 0 0 0 0 0 0 
_1.ptx 623 : 65536 2227168 62208 0 0 0 0 0 0 
_1.ptx 1447 : 15923 128185 128 0 0 0 0 0 0 
_1.ptx 624 : 65536 404352 0 0 0 0 0 0 0 
_1.ptx 1448 : 15923 102966 0 0 0 0 0 0 0 
_1.ptx 625 : 65536 2762848 56448 0 0 0 0 0 0 
_1.ptx 1449 : 15923 147817 0 0 0 0 0 0 0 
_1.ptx 626 : 65536 406016 0 0 0 0 0 0 0 
_1.ptx 1450 : 15923 127503 128 0 0 0 0 0 0 
_1.ptx 627 : 65536 1907008 66176 0 0 0 0 0 0 
_1.ptx 1451 : 15923 102162 0 0 0 0 0 0 0 
_1.ptx 628 : 65536 407584 0 0 0 0 0 0 0 
_1.ptx 1452 : 15923 148387 0 0 0 0 0 0 0 
_1.ptx 629 : 65536 2521696 64000 0 0 0 0 0 0 
_1.ptx 1453 : 15923 119265 256 0 0 0 0 0 0 
_1.ptx 630 : 65536 409056 0 0 0 0 0 0 0 
_1.ptx 1454 : 15923 103292 0 0 0 0 0 0 0 
_1.ptx 631 : 65536 2064864 63616 0 0 0 0 0 0 
_1.ptx 1455 : 15923 147574 0 0 0 0 0 0 0 
_1.ptx 632 : 65536 407840 0 0 0 0 0 0 0 
_1.ptx 1456 : 15923 115389 128 0 0 0 0 0 0 
_1.ptx 633 : 65536 2598432 70272 0 0 0 0 0 0 
_1.ptx 1457 : 15923 165463 0 0 0 0 0 0 0 
_1.ptx 634 : 65536 406272 0 0 0 0 0 0 0 
_1.ptx 1458 : 15923 168093 0 0 0 0 0 0 0 
_1.ptx 635 : 65536 2335776 60416 0 0 0 0 0 0 
_1.ptx 1459 : 15923 107591 0 0 0 0 0 0 0 
_1.ptx 636 : 65536 411552 0 0 0 0 0 0 0 
_1.ptx 1460 : 15923 132706 0 0 0 0 0 0 0 
_1.ptx 637 : 65536 2481056 68608 0 0 0 0 0 0 
_1.ptx 1461 : 15923 34984 0 0 0 0 0 0 386 
_1.ptx 638 : 65536 413792 0 0 0 0 0 0 0 
_1.ptx 639 : 65536 2497600 57088 0 0 0 0 0 0 
_1.ptx 640 : 65536 411776 0 0 0 0 0 0 0 
_1.ptx 1464 : 65536 14580480 18304 0 0 4096 2048 0 0 
_1.ptx 641 : 65536 2420992 68608 0 0 0 0 0 0 
_1.ptx 1465 : 65536 5768384 128 0 0 0 0 0 0 
_1.ptx 642 : 65536 413504 0 0 0 0 0 0 0 
_1.ptx 1466 : 65536 481920 0 0 0 0 0 0 0 
_1.ptx 643 : 65536 1952864 71680 0 0 0 0 0 0 
_1.ptx 1467 : 65536 422816 0 0 0 0 0 0 0 
_1.ptx 644 : 65536 417280 0 0 0 0 0 0 0 
_1.ptx 1468 : 65536 736256 0 0 0 0 0 0 0 
_1.ptx 645 : 65536 416704 0 0 0 0 0 0 0 
_1.ptx 1469 : 65536 486464 0 0 0 0 0 0 0 
_1.ptx 646 : 65536 546784 0 0 0 0 0 0 0 
_1.ptx 1470 : 65536 4693088 512 0 0 0 0 0 0 
_1.ptx 647 : 65536 420224 0 0 0 0 0 0 0 
_1.ptx 1471 : 65536 487424 0 0 0 0 0 0 0 
_1.ptx 648 : 65536 416640 0 0 0 0 0 0 0 
_1.ptx 1472 : 65536 426784 0 0 0 0 0 0 0 
_1.ptx 649 : 65536 547840 0 0 0 0 0 0 0 
_1.ptx 1473 : 65536 737152 0 0 0 0 0 0 0 
_1.ptx 650 : 65536 421472 0 0 0 0 0 0 0 
_1.ptx 1474 : 65536 489408 0 0 0 0 0 0 0 
_1.ptx 651 : 65536 738656 0 0 0 0 0 0 0 
_1.ptx 1475 : 65536 488512 0 0 0 0 0 0 0 
_1.ptx 652 : 65536 426880 0 0 0 0 0 0 0 
_1.ptx 1476 : 65536 543520 0 0 0 0 0 0 0 
_1.ptx 653 : 65536 736768 0 0 0 0 0 0 0 
_1.ptx 1477 : 65536 3535744 256 0 0 0 0 0 0 
_1.ptx 654 : 65536 3603264 128 0 0 0 0 0 0 
_1.ptx 1478 : 65536 485856 0 0 0 0 0 0 0 
_1.ptx 655 : 65536 3475776 0 0 0 0 0 0 0 
_1.ptx 1479 : 65536 423808 0 0 0 0 0 0 0 
_1.ptx 656 : 65536 547264 0 0 0 0 0 0 0 
_1.ptx 1480 : 65536 737280 0 0 0 0 0 0 0 
_1.ptx 657 : 65536 489504 0 0 0 0 0 0 0 
_1.ptx 1481 : 65536 489312 0 0 0 0 0 0 0 
_1.ptx 658 : 65536 544736 0 0 0 0 0 0 0 
_1.ptx 1482 : 65536 487264 0 0 0 0 0 0 0 
_1.ptx 659 : 65536 491840 0 0 0 0 0 0 0 
_1.ptx 1483 : 65536 4556992 128 0 0 0 0 0 0 
_1.ptx 660 : 65536 552096 0 0 0 0 0 0 0 
_1.ptx 1484 : 65536 487392 0 0 0 0 0 0 0 
_1.ptx 661 : 65536 432800 0 0 0 0 0 0 0 
_1.ptx 1485 : 65536 425696 0 0 0 0 0 0 0 
_1.ptx 662 : 65536 548064 0 0 0 0 0 0 0 
_1.ptx 1486 : 65536 740480 0 0 0 0 0 0 0 
_1.ptx 663 : 65536 0 0 0 0 0 0 0 0 
_1.ptx 1487 : 65536 488448 0 0 0 0 0 0 0 
_1.ptx 1488 : 65536 488288 0 0 0 0 0 0 0 
_1.ptx 665 : 65536 878112 0 0 0 0 0 0 0 
_1.ptx 1489 : 65536 543232 0 0 0 0 0 0 0 
_1.ptx 666 : 65536 415488 0 0 0 0 0 0 0 
_1.ptx 1490 : 65536 543904 0 0 0 0 0 0 0 
_1.ptx 667 : 65536 739648 0 0 0 0 0 0 0 
_1.ptx 1491 : 65536 736224 0 0 0 0 0 0 0 
_1.ptx 668 : 65536 497888 0 0 0 0 0 0 0 
_1.ptx 1492 : 65536 540384 0 0 0 4096 2048 0 0 
_1.ptx 669 : 65536 763488 0 0 0 0 0 0 0 
_1.ptx 670 : 65536 750592 0 0 0 0 0 0 0 
_1.ptx 671 : 65536 447136 0 0 0 0 0 0 0 
_1.ptx 1495 : 65536 412800 0 0 0 0 0 0 0 
_1.ptx 672 : 65536 1980512 186112 0 0 4096 2048 0 0 
_1.ptx 674 : 65536 1712928 128 0 0 0 0 0 0 
_1.ptx 675 : 65536 1446304 0 0 0 0 0 0 0 
_1.ptx 676 : 65536 461408 0 0 0 0 0 0 0 
_1.ptx 678 : 65536 271296 0 0 0 0 0 0 0 
_1.ptx 679 : 65536 289344 0 0 0 0 0 0 0 
_1.ptx 680 : 65536 746752 0 0 0 0 0 0 0 
_1.ptx 681 : 65536 1370432 0 0 0 0 0 0 0 
_1.ptx 682 : 65536 590496 0 0 0 0 0 0 0 
_1.ptx 683 : 65536 579616 0 0 0 0 0 0 0 
_1.ptx 684 : 65536 369120 0 0 0 0 0 0 0 
_1.ptx 685 : 65536 763232 0 0 0 0 0 0 0 
_1.ptx 686 : 65536 353696 0 0 0 0 0 0 0 
_1.ptx 687 : 65536 758400 0 0 0 0 0 0 0 
_1.ptx 688 : 65536 551904 0 0 0 0 0 0 0 
_1.ptx 689 : 65536 530400 0 0 0 0 0 0 0 
_1.ptx 690 : 65536 523200 0 0 0 0 0 0 0 
_1.ptx 691 : 65536 454848 0 0 0 0 0 0 0 
_1.ptx 692 : 65536 3363200 0 0 0 0 0 0 0 
_1.ptx 693 : 65536 431712 0 0 0 0 0 0 0 
_1.ptx 694 : 65536 751200 0 0 0 0 0 0 0 
_1.ptx 695 : 65536 770176 0 0 0 0 0 0 0 
_1.ptx 696 : 65536 504640 0 0 0 0 0 0 0 
_1.ptx 697 : 65536 767776 0 0 0 0 0 0 0 
_1.ptx 698 : 65536 754880 0 0 0 0 0 0 0 
_1.ptx 699 : 65536 325760 0 0 0 0 0 0 0 
_1.ptx 700 : 65536 755520 0 0 0 0 0 0 0 
_1.ptx 701 : 65536 260320 0 0 0 0 0 0 0 
_1.ptx 702 : 65536 742912 0 0 0 0 0 0 0 
_1.ptx 703 : 65536 314656 0 0 0 0 0 0 0 
_1.ptx 704 : 65536 746848 0 0 0 0 0 0 0 
_1.ptx 705 : 65536 347968 0 0 0 0 0 0 0 
_1.ptx 706 : 65536 743808 0 0 0 0 0 0 0 
_1.ptx 707 : 65536 254368 0 0 0 0 0 0 0 
_1.ptx 708 : 65536 745824 0 0 0 0 0 0 0 
_1.ptx 709 : 65536 243808 0 0 0 0 0 0 0 
_1.ptx 710 : 65536 751168 0 0 0 0 0 0 0 
_1.ptx 711 : 65536 794432 0 0 0 0 0 0 0 
_1.ptx 712 : 65536 810848 0 0 0 0 0 0 0 
_1.ptx 713 : 65536 816288 0 0 0 0 0 0 0 
_1.ptx 714 : 65536 821888 0 0 0 0 0 0 0 
_1.ptx 715 : 65536 834464 0 0 0 0 0 0 0 
_1.ptx 716 : 65536 837440 0 0 0 0 0 0 0 
_1.ptx 717 : 65536 815392 0 0 0 0 0 0 0 
_1.ptx 718 : 65536 811424 0 0 0 0 0 0 0 
_1.ptx 719 : 65536 795264 0 0 0 0 0 0 0 
_1.ptx 720 : 65536 797344 0 0 0 0 0 0 0 
_1.ptx 721 : 65536 793600 0 0 0 0 0 0 0 
_1.ptx 722 : 65536 800448 0 0 0 0 0 0 0 
_1.ptx 723 : 65536 835552 0 0 0 0 0 0 0 
_1.ptx 724 : 65536 654848 0 0 0 0 0 0 0 
_1.ptx 725 : 65536 630400 0 0 0 0 0 0 0 
_1.ptx 726 : 65536 2725248 0 0 0 0 0 0 0 
_1.ptx 727 : 65536 774752 0 0 0 0 0 0 0 
_1.ptx 728 : 65536 781216 0 0 0 0 0 0 0 
_1.ptx 729 : 65536 771264 0 0 0 0 0 0 0 
_1.ptx 731 : 65536 456544 0 0 0 0 0 0 0 
_1.ptx 733 : 65536 476800 0 0 0 0 0 0 0 
_1.ptx 734 : 65536 483360 0 0 0 0 0 0 0 
_1.ptx 735 : 65536 478080 0 0 0 0 0 0 0 
_1.ptx 736 : 65536 472992 0 0 0 0 0 0 0 
_1.ptx 738 : 127467 981781 0 0 0 0 0 0 0 
_1.ptx 739 : 127467 874949 0 0 0 0 0 0 0 
_1.ptx 740 : 127467 859594 0 0 0 0 0 0 0 
_1.ptx 744 : 509868 3378101 256 0 0 17236 17236 0 0 
_1.ptx 745 : 509868 3127844 0 0 0 17236 17236 0 0 
_1.ptx 746 : 509868 3917959 128 0 0 17236 17236 0 0 
_1.ptx 747 : 509868 3262178 0 0 0 17236 17236 0 0 
_1.ptx 748 : 509868 2718273 0 0 0 17236 17236 0 0 
_1.ptx 749 : 509868 3350076 0 0 0 0 0 0 0 
_1.ptx 750 : 509868 4389562 0 0 0 0 0 0 0 
_1.ptx 751 : 509868 2667994 0 0 0 0 0 0 0 
_1.ptx 753 : 127467 987385 0 0 0 0 0 0 0 
_1.ptx 754 : 127467 887974 0 0 0 0 0 0 0 
_1.ptx 755 : 127467 1080425 0 0 0 0 0 0 0 
_1.ptx 756 : 127467 878838 0 0 0 0 0 0 0 
_1.ptx 761 : 127467 1445994 0 0 0 0 0 0 0 
_1.ptx 762 : 127467 6793304 0 0 0 0 0 0 0 
_1.ptx 763 : 127467 837671 0 0 0 0 0 0 0 
_1.ptx 764 : 127467 843123 0 0 0 0 0 0 0 
_1.ptx 765 : 127467 1087863 0 0 0 0 0 0 0 
_1.ptx 766 : 127467 1216664 0 0 0 0 0 0 0 
_1.ptx 769 : 127467 1015883 0 0 0 0 0 0 0 
_1.ptx 770 : 127467 885092 0 0 0 0 0 0 0 
_1.ptx 773 : 382401 4511886 0 0 0 0 0 0 0 
_1.ptx 774 : 382401 1287815 0 0 0 0 0 0 0 
_1.ptx 775 : 382401 4602801 0 0 0 0 0 0 0 
_1.ptx 776 : 382401 4642187 0 0 0 0 0 0 0 
_1.ptx 777 : 382401 4602739 0 0 0 0 0 0 0 
_1.ptx 778 : 382401 4630790 0 0 0 0 0 0 0 
_1.ptx 779 : 382401 4601610 0 0 0 0 0 0 0 
_1.ptx 780 : 382401 4678727 0 0 0 0 0 0 0 
_1.ptx 781 : 382401 3831262 0 0 0 0 0 0 0 
_1.ptx 782 : 382401 3796176 0 0 0 0 0 0 0 
_1.ptx 783 : 382401 3803998 0 0 0 0 0 0 0 
_1.ptx 784 : 382401 3778192 0 0 0 0 0 0 0 
_1.ptx 785 : 382401 3415634 0 0 0 0 0 0 0 
_1.ptx 786 : 382401 3218974 0 0 0 0 0 0 0 
_1.ptx 787 : 382401 2829669 0 0 0 0 0 0 0 
_1.ptx 788 : 382401 3427857 0 0 0 0 0 0 0 
_1.ptx 789 : 382401 3179710 0 0 0 0 0 0 0 
_1.ptx 790 : 382401 3398585 0 0 0 0 0 0 0 
_1.ptx 791 : 382401 2776611 0 0 0 0 0 0 0 
_1.ptx 792 : 382401 3376198 0 0 0 0 0 0 0 
_1.ptx 793 : 382401 1987155 0 0 0 0 0 0 1523 
_1.ptx 794 : 105477 765363 0 0 0 0 0 0 0 
_1.ptx 795 : 105477 765122 0 0 0 0 0 0 0 
_1.ptx 797 : 276924 3257455 0 0 0 0 0 0 0 
_1.ptx 798 : 276924 3297943 0 0 0 0 0 0 0 
_1.ptx 799 : 276924 2489698 0 0 0 0 0 0 0 
_1.ptx 800 : 276924 142437 0 0 0 0 0 0 715 
_1.ptx 801 : 257599 1891989 0 0 0 0 0 0 0 
_1.ptx 802 : 257599 1883399 0 0 0 0 0 0 0 
_1.ptx 805 : 19325 226256 0 0 0 0 0 0 0 
_1.ptx 806 : 19325 388861 0 0 0 0 0 0 0 
_1.ptx 807 : 19325 230192 0 0 0 0 0 0 0 
_1.ptx 808 : 19325 232823 0 0 0 0 0 0 0 
_1.ptx 809 : 19325 186767 0 0 0 0 0 0 0 
_1.ptx 813 : 382401 3107552 0 0 0 0 0 0 0 
_1.ptx 815 : 509868 3567937 0 0 0 0 0 0 0 
_1.ptx 816 : 509868 4377809 0 0 0 0 0 0 0 
_1.ptx 817 : 509868 4071052 0 0 0 0 0 0 0 
_1.ptx 818 : 509868 4374191 0 0 0 0 0 0 0 
_1.ptx 819 : 509868 4090117 0 0 0 0 0 0 0 
_1.ptx 820 : 509868 4428370 0 0 0 0 0 0 0 
_1.ptx 821 : 509868 3654751 0 0 0 0 0 0 0 
_1.ptx 822 : 509868 4401932 0 0 0 0 0 0 0 
