kernel line : count latency dram_traffic smem_bk_conflicts smem_warp gmem_access_generated gmem_warp exposed_latency warp_divergence
_1.ptx 67 : 1179648 7235200 0 0 0 0 0 0 0 
_1.ptx 68 : 1179648 19455680 0 0 0 0 0 0 0 
_1.ptx 69 : 1179648 7379072 0 0 0 0 0 0 0 
_1.ptx 70 : 1179648 27777696 0 0 0 0 0 0 0 
_1.ptx 71 : 1179648 8587232 0 0 0 0 0 0 0 
_1.ptx 72 : 1179648 9060032 0 0 0 0 0 0 0 
_1.ptx 73 : 1179648 14728032 0 0 0 0 0 0 0 
_1.ptx 74 : 1179648 15305248 0 0 0 0 0 0 0 
_1.ptx 75 : 1179648 11061280 0 0 0 0 0 0 0 
_1.ptx 76 : 1179648 11490688 0 0 0 0 0 0 0 
_1.ptx 77 : 1179648 10970464 0 0 0 0 0 0 0 
_1.ptx 78 : 1179648 15893984 0 0 0 0 0 0 0 
_1.ptx 79 : 1179648 13940544 0 0 0 0 0 0 0 
_1.ptx 80 : 1179648 21577120 0 0 0 0 0 0 0 
_1.ptx 81 : 1179648 13195456 0 0 0 0 0 0 0 
_1.ptx 82 : 1179648 5755968 128 0 0 0 0 0 0 
_1.ptx 83 : 1179648 24468096 0 0 0 0 0 0 0 
_1.ptx 84 : 1179648 13109056 0 0 0 0 0 0 0 
_1.ptx 85 : 1179648 8610112 0 0 0 0 0 0 0 
_1.ptx 86 : 1179648 19299072 0 0 0 0 0 0 0 
_1.ptx 87 : 1179648 4159296 0 0 0 0 0 0 0 
_1.ptx 88 : 1179648 13086656 0 0 0 0 0 0 0 
_1.ptx 89 : 1179648 439930048 9334272 0 0 73728 36864 0 0 
_1.ptx 90 : 1179648 8096640 0 73728 36864 0 0 0 0 
_1.ptx 91 : 1179648 10971936 0 0 0 73728 36864 0 0 
_1.ptx 92 : 1179648 8072320 0 73728 36864 0 0 0 0 
_1.ptx 93 : 1179648 405127296 9417472 0 0 73728 36864 0 0 
_1.ptx 94 : 1179648 7991424 0 73728 36864 0 0 0 0 
_1.ptx 95 : 1179648 10216384 0 0 0 73728 36864 0 0 
_1.ptx 96 : 1179648 8083520 0 73728 36864 0 0 0 0 
_1.ptx 97 : 1179648 11927616 0 0 0 0 0 0 0 
_1.ptx 98 : 1179648 7179392 0 0 0 0 0 0 0 
_1.ptx 99 : 1179648 9529088 0 0 0 0 0 0 0 
_1.ptx 100 : 1179648 148512 0 0 0 0 0 0 0 
_1.ptx 102 : 1155072 121285888 19712 0 0 72192 36096 0 0 
_1.ptx 103 : 1155072 6992128 0 0 0 0 0 0 0 
_1.ptx 105 : 24576 148512 0 0 0 0 0 0 0 
_1.ptx 107 : 1179648 8436288 0 73728 36864 0 0 0 0 
_1.ptx 108 : 1179648 6767456 0 0 0 0 0 0 0 
_1.ptx 109 : 1179648 13121440 0 0 0 0 0 0 0 
_1.ptx 110 : 1179648 11939552 0 0 0 0 0 0 0 
_1.ptx 111 : 1179648 7198816 0 0 0 0 0 0 0 
_1.ptx 112 : 1179648 9546464 0 0 0 0 0 0 0 
_1.ptx 113 : 1179648 148512 0 0 0 0 0 0 0 
_1.ptx 115 : 1155072 111307648 102912 0 0 72192 36096 0 0 
_1.ptx 116 : 1155072 6982688 0 0 0 0 0 0 0 
_1.ptx 118 : 24576 148672 0 0 0 0 0 0 0 
_1.ptx 120 : 1179648 8413504 0 73728 36864 0 0 0 0 
_1.ptx 122 : 1179648 7141152 0 0 0 0 0 0 0 
_1.ptx 124 : 1179648 7151232 0 0 0 0 0 0 0 
_1.ptx 125 : 1179648 8343264 128 0 0 0 0 0 0 
_1.ptx 126 : 1179648 12920608 0 73728 36864 0 0 0 0 
_1.ptx 127 : 1179648 10688896 0 0 0 0 0 0 0 
_1.ptx 128 : 1179648 7734208 0 0 0 0 0 0 0 
_1.ptx 129 : 1179648 12835904 0 73728 36864 0 0 0 0 
_1.ptx 130 : 1179648 10693408 0 0 0 0 0 0 0 
_1.ptx 131 : 1179648 6763904 0 0 0 0 0 0 0 
_1.ptx 132 : 1179648 12810976 0 73728 36864 0 0 0 0 
_1.ptx 133 : 1179648 10692736 0 0 0 0 0 0 0 
_1.ptx 134 : 1179648 6708640 0 0 0 0 0 0 0 
_1.ptx 135 : 1179648 12810752 0 73728 36864 0 0 0 0 
_1.ptx 136 : 1179648 10686752 0 0 0 0 0 0 0 
_1.ptx 137 : 1179648 6741216 0 0 0 0 0 0 0 
_1.ptx 138 : 1179648 12788192 0 73728 36864 0 0 0 0 
_1.ptx 139 : 1179648 10688160 0 0 0 0 0 0 0 
_1.ptx 140 : 1179648 6765216 0 0 0 0 0 0 0 
_1.ptx 141 : 1179648 12979648 0 73728 36864 0 0 0 0 
_1.ptx 142 : 1179648 10686912 0 0 0 0 0 0 0 
_1.ptx 143 : 1179648 7070464 0 0 0 0 0 0 0 
_1.ptx 144 : 1179648 12941632 0 73728 36864 0 0 0 0 
_1.ptx 145 : 1179648 10685728 0 0 0 0 0 0 0 
_1.ptx 146 : 1179648 7091488 0 0 0 0 0 0 0 
_1.ptx 147 : 1179648 13023104 0 73728 36864 0 0 0 0 
_1.ptx 148 : 1179648 10684896 0 0 0 0 0 0 0 
_1.ptx 149 : 1179648 7124672 0 0 0 0 0 0 0 
_1.ptx 150 : 1179648 13029280 0 73728 36864 0 0 0 0 
_1.ptx 151 : 1179648 10682016 0 0 0 0 0 0 0 
_1.ptx 152 : 1179648 7202592 0 0 0 0 0 0 0 
_1.ptx 153 : 1179648 13020160 0 73728 36864 0 0 0 0 
_1.ptx 154 : 1179648 10684704 0 0 0 0 0 0 0 
_1.ptx 155 : 1179648 7230688 0 0 0 0 0 0 0 
_1.ptx 156 : 1179648 12920544 0 73728 36864 0 0 0 0 
_1.ptx 157 : 1179648 10690240 0 0 0 0 0 0 0 
_1.ptx 158 : 1179648 7200256 0 0 0 0 0 0 0 
_1.ptx 159 : 1179648 12882592 0 73728 36864 0 0 0 0 
_1.ptx 160 : 1179648 10685152 0 0 0 0 0 0 0 
_1.ptx 161 : 1179648 7150560 0 0 0 0 0 0 0 
_1.ptx 162 : 1179648 12914816 0 73728 36864 0 0 0 0 
_1.ptx 163 : 1179648 10689024 0 0 0 0 0 0 0 
_1.ptx 164 : 1179648 7088128 0 0 0 0 0 0 0 
_1.ptx 165 : 1179648 12954592 0 73728 36864 0 0 0 0 
_1.ptx 166 : 1179648 10682016 0 0 0 0 0 0 0 
_1.ptx 167 : 1179648 7094720 0 0 0 0 0 0 0 
_1.ptx 168 : 1179648 12902688 0 73728 36864 0 0 0 0 
_1.ptx 169 : 1179648 10689056 0 0 0 0 0 0 0 
_1.ptx 170 : 1179648 7130656 0 0 0 0 0 0 0 
_1.ptx 171 : 1179648 12861952 0 73728 36864 0 0 0 0 
_1.ptx 172 : 1179648 10690016 0 0 0 0 0 0 0 
_1.ptx 173 : 1179648 7083296 0 0 0 0 0 0 0 
_1.ptx 174 : 1179648 12852864 0 73728 36864 0 0 0 0 
_1.ptx 175 : 1179648 10702176 0 0 0 0 0 0 0 
_1.ptx 177 : 1179648 6947712 0 0 0 0 0 0 0 
_1.ptx 178 : 1179648 13127168 0 0 0 0 0 0 0 
_1.ptx 179 : 1179648 8772224 4718592 0 0 73728 36864 0 0 
_1.ptx 181 : 1179648 7111712 0 0 0 0 0 0 0 
_1.ptx 182 : 1179648 6881696 0 0 0 0 0 0 0 
_1.ptx 183 : 1179648 12944576 0 73728 36864 0 0 0 0 
_1.ptx 184 : 1179648 10685088 0 0 0 0 0 0 0 
_1.ptx 185 : 1179648 7024448 0 0 0 0 0 0 0 
_1.ptx 186 : 1179648 12811072 0 73728 36864 0 0 0 0 
_1.ptx 187 : 1179648 10683232 0 0 0 0 0 0 0 
_1.ptx 188 : 1179648 7036032 0 0 0 0 0 0 0 
_1.ptx 189 : 1179648 12803840 0 73728 36864 0 0 0 0 
_1.ptx 190 : 1179648 10682464 0 0 0 0 0 0 0 
_1.ptx 191 : 1179648 7076576 0 0 0 0 0 0 0 
_1.ptx 192 : 1179648 12790528 0 73728 36864 0 0 0 0 
_1.ptx 193 : 1179648 10686432 0 0 0 0 0 0 0 
_1.ptx 194 : 1179648 7148096 0 0 0 0 0 0 0 
_1.ptx 195 : 1179648 12786272 0 73728 36864 0 0 0 0 
_1.ptx 196 : 1179648 10687232 0 0 0 0 0 0 0 
_1.ptx 197 : 1179648 7180064 0 0 0 0 0 0 0 
_1.ptx 198 : 1179648 12793472 0 73728 36864 0 0 0 0 
_1.ptx 199 : 1179648 10686848 0 0 0 0 0 0 0 
_1.ptx 200 : 1179648 7196960 0 0 0 0 0 0 0 
_1.ptx 201 : 1179648 12798752 0 73728 36864 0 0 0 0 
_1.ptx 202 : 1179648 10683008 0 0 0 0 0 0 0 
_1.ptx 203 : 1179648 7201920 0 0 0 0 0 0 0 
_1.ptx 204 : 1179648 12837120 0 73728 36864 0 0 0 0 
_1.ptx 205 : 1179648 10679232 0 0 0 0 0 0 0 
_1.ptx 206 : 1179648 6765632 0 0 0 0 0 0 0 
_1.ptx 207 : 1179648 12949856 0 73728 36864 0 0 0 0 
_1.ptx 208 : 1179648 10675136 0 0 0 0 0 0 0 
_1.ptx 209 : 1179648 7322848 0 0 0 0 0 0 0 
_1.ptx 210 : 1179648 12689792 0 73728 36864 0 0 0 0 
_1.ptx 211 : 1179648 10677120 0 0 0 0 0 0 0 
_1.ptx 212 : 1179648 7278080 0 0 0 0 0 0 0 
_1.ptx 213 : 1179648 12685984 0 73728 36864 0 0 0 0 
_1.ptx 214 : 1179648 10678624 0 0 0 0 0 0 0 
_1.ptx 215 : 1179648 7259360 0 0 0 0 0 0 0 
_1.ptx 216 : 1179648 12749440 0 73728 36864 0 0 0 0 
_1.ptx 217 : 1179648 10680960 0 0 0 0 0 0 0 
_1.ptx 218 : 1179648 7264832 0 0 0 0 0 0 0 
_1.ptx 219 : 1179648 12817216 0 73728 36864 0 0 0 0 
_1.ptx 220 : 1179648 10680608 0 0 0 0 0 0 0 
_1.ptx 221 : 1179648 7286080 0 0 0 0 0 0 0 
_1.ptx 222 : 1179648 12750784 0 73728 36864 0 0 0 0 
_1.ptx 223 : 1179648 10678880 0 0 0 0 0 0 0 
_1.ptx 224 : 1179648 7356000 0 0 0 0 0 0 0 
_1.ptx 225 : 1179648 12689824 0 73728 36864 0 0 0 0 
_1.ptx 226 : 1179648 10685088 0 0 0 0 0 0 0 
_1.ptx 227 : 1179648 7370176 0 0 0 0 0 0 0 
_1.ptx 228 : 1179648 12654624 0 73728 36864 0 0 0 0 
_1.ptx 229 : 1179648 10681920 0 0 0 0 0 0 0 
_1.ptx 230 : 1179648 7344672 0 0 0 0 0 0 0 
_1.ptx 231 : 1179648 12716416 0 73728 36864 0 0 0 0 
_1.ptx 232 : 1179648 10686208 0 0 0 0 0 0 0 
_1.ptx 234 : 1179648 8760992 1600 0 0 73728 36864 0 0 
_1.ptx 236 : 1179648 7079680 0 0 0 0 0 0 0 
_1.ptx 237 : 1179648 6576736 0 0 0 0 0 0 0 
_1.ptx 238 : 1179648 13038080 0 73728 36864 0 0 0 0 
_1.ptx 239 : 1179648 10677088 0 0 0 0 0 0 0 
_1.ptx 240 : 1179648 7063456 0 0 0 0 0 0 0 
_1.ptx 241 : 1179648 12759360 0 73728 36864 0 0 0 0 
_1.ptx 242 : 1179648 10671264 0 0 0 0 0 0 0 
_1.ptx 243 : 1179648 7133184 0 0 0 0 0 0 0 
_1.ptx 244 : 1179648 12649248 0 73728 36864 0 0 0 0 
_1.ptx 245 : 1179648 10678304 0 0 0 0 0 0 0 
_1.ptx 246 : 1179648 7221664 0 0 0 0 0 0 0 
_1.ptx 247 : 1179648 12649088 0 73728 36864 0 0 0 0 
_1.ptx 248 : 1179648 10677120 0 0 0 0 0 0 0 
_1.ptx 249 : 1179648 7259456 0 0 0 0 0 0 0 
_1.ptx 250 : 1179648 12692960 0 73728 36864 0 0 0 0 
_1.ptx 251 : 1179648 10682528 0 0 0 0 0 0 0 
_1.ptx 252 : 1179648 7230144 0 0 0 0 0 0 0 
_1.ptx 253 : 1179648 12705088 0 73728 36864 0 0 0 0 
_1.ptx 254 : 1179648 10683200 0 0 0 0 0 0 0 
_1.ptx 255 : 1179648 7221984 0 0 0 0 0 0 0 
_1.ptx 256 : 1179648 12638080 0 73728 36864 0 0 0 0 
_1.ptx 257 : 1179648 10677312 0 0 0 0 0 0 0 
_1.ptx 258 : 1179648 7285888 0 0 0 0 0 0 0 
_1.ptx 259 : 1179648 12561472 0 73728 36864 0 0 0 0 
_1.ptx 260 : 1179648 10681216 0 0 0 0 0 0 0 
_1.ptx 261 : 1179648 7307136 0 0 0 0 0 0 0 
_1.ptx 262 : 1179648 12563712 0 73728 36864 0 0 0 0 
_1.ptx 263 : 1179648 10681984 0 0 0 0 0 0 0 
_1.ptx 264 : 1179648 7318272 0 0 0 0 0 0 0 
_1.ptx 265 : 1179648 12593280 0 73728 36864 0 0 0 0 
_1.ptx 266 : 1179648 10681600 0 0 0 0 0 0 0 
_1.ptx 267 : 1179648 7278368 0 0 0 0 0 0 0 
_1.ptx 268 : 1179648 12651360 0 73728 36864 0 0 0 0 
_1.ptx 269 : 1179648 10680352 0 0 0 0 0 0 0 
_1.ptx 270 : 1179648 7226592 0 0 0 0 0 0 0 
_1.ptx 271 : 1179648 12691392 0 73728 36864 0 0 0 0 
_1.ptx 272 : 1179648 10711488 0 0 0 0 0 0 0 
_1.ptx 273 : 1179648 6524896 0 0 0 0 0 0 0 
_1.ptx 274 : 1179648 12978752 0 73728 36864 0 0 0 0 
_1.ptx 275 : 1179648 10666784 0 0 0 0 0 0 0 
_1.ptx 276 : 1179648 7328448 0 0 0 0 0 0 0 
_1.ptx 277 : 1179648 12589920 0 73728 36864 0 0 0 0 
_1.ptx 278 : 1179648 10670496 0 0 0 0 0 0 0 
_1.ptx 279 : 1179648 7277056 0 0 0 0 0 0 0 
_1.ptx 280 : 1179648 12631424 0 73728 36864 0 0 0 0 
_1.ptx 281 : 1179648 10673184 0 0 0 0 0 0 0 
_1.ptx 282 : 1179648 7258624 0 0 0 0 0 0 0 
_1.ptx 283 : 1179648 12709856 0 73728 36864 0 0 0 0 
_1.ptx 284 : 1179648 10679360 0 0 0 0 0 0 0 
_1.ptx 285 : 1179648 7239200 0 0 0 0 0 0 0 
_1.ptx 286 : 1179648 12825472 0 73728 36864 0 0 0 0 
_1.ptx 287 : 1179648 10682880 0 0 0 0 0 0 0 
_1.ptx 289 : 1179648 8862112 4718592 0 0 73728 36864 0 0 
_1.ptx 291 : 1179648 7080320 0 0 0 0 0 0 0 
_1.ptx 292 : 1179648 6734816 0 0 0 0 0 0 0 
_1.ptx 293 : 1179648 13099712 0 73728 36864 0 0 0 0 
_1.ptx 294 : 1179648 10671680 0 0 0 0 0 0 0 
_1.ptx 295 : 1179648 7200960 0 0 0 0 0 0 0 
_1.ptx 296 : 1179648 12760512 0 73728 36864 0 0 0 0 
_1.ptx 297 : 1179648 10667584 0 0 0 0 0 0 0 
_1.ptx 298 : 1179648 7157088 0 0 0 0 0 0 0 
_1.ptx 299 : 1179648 12740448 0 73728 36864 0 0 0 0 
_1.ptx 300 : 1179648 10671392 0 0 0 0 0 0 0 
_1.ptx 301 : 1179648 7193408 0 0 0 0 0 0 0 
_1.ptx 302 : 1179648 12711136 0 73728 36864 0 0 0 0 
_1.ptx 303 : 1179648 10677088 0 0 0 0 0 0 0 
_1.ptx 304 : 1179648 7158048 0 0 0 0 0 0 0 
_1.ptx 305 : 1179648 12717568 0 73728 36864 0 0 0 0 
_1.ptx 306 : 1179648 10675072 0 0 0 0 0 0 0 
_1.ptx 307 : 1179648 7188416 0 0 0 0 0 0 0 
_1.ptx 308 : 1179648 12663936 0 73728 36864 0 0 0 0 
_1.ptx 309 : 1179648 10674656 0 0 0 0 0 0 0 
_1.ptx 310 : 1179648 7268544 0 0 0 0 0 0 0 
_1.ptx 311 : 1179648 12595136 0 73728 36864 0 0 0 0 
_1.ptx 312 : 1179648 10677696 0 0 0 0 0 0 0 
_1.ptx 313 : 1179648 7334304 0 0 0 0 0 0 0 
_1.ptx 314 : 1179648 12625440 0 73728 36864 0 0 0 0 
_1.ptx 315 : 1179648 10678592 0 0 0 0 0 0 0 
_1.ptx 316 : 1179648 7321856 0 0 0 0 0 0 0 
_1.ptx 317 : 1179648 12659968 0 73728 36864 0 0 0 0 
_1.ptx 318 : 1179648 10681344 0 0 0 0 0 0 0 
_1.ptx 319 : 1179648 7242752 0 0 0 0 0 0 0 
_1.ptx 320 : 1179648 12685120 0 73728 36864 0 0 0 0 
_1.ptx 321 : 1179648 10682912 0 0 0 0 0 0 0 
_1.ptx 322 : 1179648 7209312 0 0 0 0 0 0 0 
_1.ptx 323 : 1179648 12599424 0 73728 36864 0 0 0 0 
_1.ptx 324 : 1179648 10678048 0 0 0 0 0 0 0 
_1.ptx 325 : 1179648 7259264 0 0 0 0 0 0 0 
_1.ptx 326 : 1179648 12483328 0 73728 36864 0 0 0 0 
_1.ptx 327 : 1179648 10680768 0 0 0 0 0 0 0 
_1.ptx 328 : 1179648 7231520 0 0 0 0 0 0 0 
_1.ptx 329 : 1179648 12472896 0 73728 36864 0 0 0 0 
_1.ptx 330 : 1179648 10677184 0 0 0 0 0 0 0 
_1.ptx 331 : 1179648 7182880 0 0 0 0 0 0 0 
_1.ptx 332 : 1179648 12481344 0 73728 36864 0 0 0 0 
_1.ptx 333 : 1179648 10676928 0 0 0 0 0 0 0 
_1.ptx 334 : 1179648 6962144 0 0 0 0 0 0 0 
_1.ptx 335 : 1179648 12486944 0 73728 36864 0 0 0 0 
_1.ptx 336 : 1179648 10674688 0 0 0 0 0 0 0 
_1.ptx 337 : 1179648 6503552 0 0 0 0 0 0 0 
_1.ptx 338 : 1179648 13293824 0 73728 36864 0 0 0 0 
_1.ptx 339 : 1179648 10661952 0 0 0 0 0 0 0 
_1.ptx 340 : 1179648 6790848 0 0 0 0 0 0 0 
_1.ptx 341 : 1179648 12508608 0 73728 36864 0 0 0 0 
_1.ptx 342 : 1179648 10654464 0 0 0 0 0 0 0 
_1.ptx 344 : 1179648 8630336 12544 0 0 73728 36864 0 0 
_1.ptx 346 : 1179648 7078912 0 0 0 0 0 0 0 
_1.ptx 365 : 1179648 7372064 0 0 0 0 0 0 0 
_1.ptx 366 : 1179648 21735360 0 0 0 0 0 0 0 
_1.ptx 367 : 1179648 7522016 0 0 0 0 0 0 0 
_1.ptx 368 : 1179648 25498816 0 0 0 0 0 0 0 
_1.ptx 369 : 1179648 3578144 0 0 0 0 0 0 0 
_1.ptx 370 : 1179648 7863616 0 0 0 0 0 0 0 
_1.ptx 371 : 1179648 7764896 0 0 0 0 0 0 0 
_1.ptx 372 : 1179648 13398720 0 0 0 0 0 0 0 
_1.ptx 373 : 1179648 11939712 0 0 0 0 0 0 0 
_1.ptx 374 : 1179648 25598272 0 0 0 0 0 0 0 
_1.ptx 375 : 1179648 8800896 0 0 0 0 0 0 0 
_1.ptx 376 : 1179648 29971328 0 0 0 0 0 0 0 
_1.ptx 377 : 1179648 8334304 0 0 0 0 0 0 0 
_1.ptx 378 : 1179648 9313600 0 0 0 0 0 0 0 
_1.ptx 379 : 1179648 9272224 0 0 0 0 0 0 0 
_1.ptx 380 : 1179648 30406336 0 0 0 0 0 0 0 
_1.ptx 381 : 1179648 13152928 0 0 0 0 0 0 0 
_1.ptx 382 : 1179648 30456352 0 0 0 0 0 0 0 
_1.ptx 383 : 1179648 13197920 0 0 0 0 0 0 0 
_1.ptx 384 : 1179648 29748416 0 0 0 0 0 0 0 
_1.ptx 385 : 1179648 13221472 0 0 0 0 0 0 0 
_1.ptx 386 : 1179648 13159264 0 0 0 0 0 0 0 
_1.ptx 387 : 1179648 9058592 0 0 0 0 0 0 0 
_1.ptx 388 : 1179648 24757568 0 0 0 0 0 0 0 
_1.ptx 389 : 1179648 4990240 0 0 0 0 0 0 0 
_1.ptx 390 : 1179648 13231552 0 0 0 0 0 0 0 
_1.ptx 391 : 1179648 13276096 0 0 0 0 0 0 0 
_1.ptx 392 : 1179648 303737696 98304 0 0 73728 36864 0 0 
_1.ptx 393 : 1179648 26196352 0 73728 36864 0 0 0 0 
_1.ptx 394 : 1179648 12766528 0 0 0 0 0 0 0 
_1.ptx 395 : 1179648 8380320 0 0 0 0 0 0 0 
_1.ptx 396 : 1179648 12963008 0 0 0 0 0 0 0 
_1.ptx 397 : 1179648 13039808 0 0 0 0 0 0 0 
_1.ptx 398 : 1179648 398035456 4718592 0 0 73728 36864 0 0 
_1.ptx 399 : 1179648 29861664 0 73728 36864 0 0 0 0 
_1.ptx 400 : 1179648 12758240 0 0 0 0 0 0 0 
_1.ptx 401 : 1179648 8373472 0 0 0 0 0 0 0 
_1.ptx 402 : 1179648 12926208 0 0 0 0 0 0 0 
_1.ptx 403 : 1179648 13006688 0 0 0 0 0 0 0 
_1.ptx 404 : 1179648 398477376 4718592 0 0 73728 36864 0 0 
_1.ptx 405 : 1179648 31253248 0 73728 36864 0 0 0 0 
_1.ptx 406 : 1179648 12508032 0 0 0 0 0 0 0 
_1.ptx 407 : 1179648 8392800 0 0 0 0 0 0 0 
_1.ptx 408 : 1179648 12647296 0 0 0 0 0 0 0 
_1.ptx 409 : 1179648 13029120 0 0 0 0 0 0 0 
_1.ptx 410 : 1179648 412084256 4718592 0 0 73728 36864 0 0 
_1.ptx 411 : 1179648 28470560 0 73728 36864 0 0 0 0 
_1.ptx 412 : 1179648 7146848 0 0 0 0 0 0 0 
_1.ptx 413 : 1179648 9519680 0 0 0 0 0 0 0 
_1.ptx 414 : 1179648 148000 0 0 0 0 0 0 0 
_1.ptx 416 : 1155072 399304128 4620288 0 0 72192 36096 0 0 
_1.ptx 417 : 1155072 7003232 0 0 0 0 0 0 0 
_1.ptx 419 : 24576 148480 0 0 0 0 0 0 0 
_1.ptx 421 : 1179648 21024384 0 73728 36864 0 0 0 0 
_1.ptx 422 : 1179648 15041152 0 0 0 0 0 0 0 
_1.ptx 423 : 1179648 13070656 0 0 0 0 0 0 0 
_1.ptx 424 : 1179648 11957632 0 0 0 0 0 0 0 
_1.ptx 425 : 1179648 7364928 0 0 0 0 0 0 0 
_1.ptx 426 : 1179648 9616416 0 0 0 0 0 0 0 
_1.ptx 427 : 1179648 153440 0 0 0 0 0 0 0 
_1.ptx 429 : 1155072 13380640 0 0 0 0 0 0 0 
_1.ptx 430 : 1155072 8300288 0 0 0 0 0 0 0 
_1.ptx 431 : 1155072 14283456 0 0 0 0 0 0 0 
_1.ptx 432 : 1155072 12823616 0 0 0 0 0 0 0 
_1.ptx 433 : 1155072 388650272 4620288 0 0 72192 36096 0 0 
_1.ptx 434 : 1155072 7098016 0 0 0 0 0 0 0 
_1.ptx 436 : 24576 149664 0 0 0 0 0 0 0 
_1.ptx 438 : 1179648 13746336 0 73728 36864 0 0 0 0 
_1.ptx 440 : 1179648 7108800 0 0 0 0 0 0 0 
_1.ptx 442 : 1179648 7197152 0 0 0 0 0 0 0 
_1.ptx 443 : 1179648 6346528 0 0 0 0 0 0 0 
_1.ptx 444 : 1179648 12854784 0 73728 36864 0 0 0 0 
_1.ptx 445 : 1179648 10680320 0 0 0 0 0 0 0 
_1.ptx 446 : 1179648 6592992 0 0 0 0 0 0 0 
_1.ptx 447 : 1179648 12926720 0 73728 36864 0 0 0 0 
_1.ptx 448 : 1179648 10686144 0 0 0 0 0 0 0 
_1.ptx 449 : 1179648 6941856 0 0 0 0 0 0 0 
_1.ptx 450 : 1179648 13026656 0 73728 36864 0 0 0 0 
_1.ptx 451 : 1179648 10693696 0 0 0 0 0 0 0 
_1.ptx 452 : 1179648 6960832 0 0 0 0 0 0 0 
_1.ptx 453 : 1179648 13041632 0 73728 36864 0 0 0 0 
_1.ptx 454 : 1179648 10697248 0 0 0 0 0 0 0 
_1.ptx 455 : 1179648 7029792 0 0 0 0 0 0 0 
_1.ptx 456 : 1179648 13165664 0 73728 36864 0 0 0 0 
_1.ptx 457 : 1179648 10702848 0 0 0 0 0 0 0 
_1.ptx 458 : 1179648 7040320 0 0 0 0 0 0 0 
_1.ptx 459 : 1179648 13174144 0 73728 36864 0 0 0 0 
_1.ptx 460 : 1179648 10704640 0 0 0 0 0 0 0 
_1.ptx 461 : 1179648 6817440 0 0 0 0 0 0 0 
_1.ptx 462 : 1179648 13758496 0 73728 36864 0 0 0 0 
_1.ptx 463 : 1179648 10703200 0 0 0 0 0 0 0 
_1.ptx 464 : 1179648 7134656 0 0 0 0 0 0 0 
_1.ptx 465 : 1179648 13194496 0 73728 36864 0 0 0 0 
_1.ptx 466 : 1179648 10706624 0 0 0 0 0 0 0 
_1.ptx 467 : 1179648 7018464 0 0 0 0 0 0 0 
_1.ptx 468 : 1179648 13224768 0 73728 36864 0 0 0 0 
_1.ptx 469 : 1179648 10698976 0 0 0 0 0 0 0 
_1.ptx 470 : 1179648 7085664 0 0 0 0 0 0 0 
_1.ptx 471 : 1179648 13084640 0 73728 36864 0 0 0 0 
_1.ptx 472 : 1179648 10689664 0 0 0 0 0 0 0 
_1.ptx 473 : 1179648 7153760 0 0 0 0 0 0 0 
_1.ptx 474 : 1179648 12999552 0 73728 36864 0 0 0 0 
_1.ptx 475 : 1179648 10689568 0 0 0 0 0 0 0 
_1.ptx 476 : 1179648 7208448 0 0 0 0 0 0 0 
_1.ptx 477 : 1179648 13028896 0 73728 36864 0 0 0 0 
_1.ptx 478 : 1179648 10687872 0 0 0 0 0 0 0 
_1.ptx 479 : 1179648 7210240 0 0 0 0 0 0 0 
_1.ptx 480 : 1179648 13169184 0 73728 36864 0 0 0 0 
_1.ptx 481 : 1179648 10686144 0 0 0 0 0 0 0 
_1.ptx 482 : 1179648 7156064 0 0 0 0 0 0 0 
_1.ptx 483 : 1179648 13165984 0 73728 36864 0 0 0 0 
_1.ptx 484 : 1179648 10690816 0 0 0 0 0 0 0 
_1.ptx 485 : 1179648 7108832 0 0 0 0 0 0 0 
_1.ptx 486 : 1179648 13125984 0 73728 36864 0 0 0 0 
_1.ptx 487 : 1179648 10695072 0 0 0 0 0 0 0 
_1.ptx 488 : 1179648 7063872 0 0 0 0 0 0 0 
_1.ptx 489 : 1179648 12969824 0 73728 36864 0 0 0 0 
_1.ptx 490 : 1179648 10695136 0 0 0 0 0 0 0 
_1.ptx 491 : 1179648 7001504 0 0 0 0 0 0 0 
_1.ptx 492 : 1179648 12889952 0 73728 36864 0 0 0 0 
_1.ptx 493 : 1179648 10693920 0 0 0 0 0 0 0 
_1.ptx 495 : 1179648 5991840 0 0 0 0 0 0 0 
_1.ptx 496 : 1179648 13214752 0 0 0 0 0 0 0 
_1.ptx 497 : 1179648 13302176 0 0 0 0 0 0 0 
_1.ptx 498 : 1179648 12655104 3964928 0 0 73728 36864 0 0 
_1.ptx 500 : 1179648 7171904 0 0 0 0 0 0 0 
_1.ptx 501 : 1179648 8020928 0 0 0 0 0 0 0 
_1.ptx 502 : 1179648 13931392 0 73728 36864 0 0 0 0 
_1.ptx 503 : 1179648 10669888 0 0 0 0 0 0 0 
_1.ptx 504 : 1179648 7076864 0 0 0 0 0 0 0 
_1.ptx 505 : 1179648 13052256 0 73728 36864 0 0 0 0 
_1.ptx 506 : 1179648 10670752 0 0 0 0 0 0 0 
_1.ptx 507 : 1179648 6953632 0 0 0 0 0 0 0 
_1.ptx 508 : 1179648 13003616 0 73728 36864 0 0 0 0 
_1.ptx 509 : 1179648 10669824 0 0 0 0 0 0 0 
_1.ptx 510 : 1179648 6721216 0 0 0 0 0 0 0 
_1.ptx 511 : 1179648 13376672 0 73728 36864 0 0 0 0 
_1.ptx 512 : 1179648 10705312 0 0 0 0 0 0 0 
_1.ptx 513 : 1179648 6267744 0 0 0 0 0 0 0 
_1.ptx 514 : 1179648 13615392 0 73728 36864 0 0 0 0 
_1.ptx 515 : 1179648 10668384 0 0 0 0 0 0 0 
_1.ptx 516 : 1179648 7339488 0 0 0 0 0 0 0 
_1.ptx 517 : 1179648 13075552 0 73728 36864 0 0 0 0 
_1.ptx 518 : 1179648 10679008 0 0 0 0 0 0 0 
_1.ptx 519 : 1179648 7242880 0 0 0 0 0 0 0 
_1.ptx 520 : 1179648 13099584 0 73728 36864 0 0 0 0 
_1.ptx 521 : 1179648 10677440 0 0 0 0 0 0 0 
_1.ptx 522 : 1179648 7181248 0 0 0 0 0 0 0 
_1.ptx 523 : 1179648 13036768 0 73728 36864 0 0 0 0 
_1.ptx 524 : 1179648 10679200 0 0 0 0 0 0 0 
_1.ptx 525 : 1179648 7253376 0 0 0 0 0 0 0 
_1.ptx 526 : 1179648 13039136 0 73728 36864 0 0 0 0 
_1.ptx 527 : 1179648 10680512 0 0 0 0 0 0 0 
_1.ptx 528 : 1179648 6363712 0 0 0 0 0 0 0 
_1.ptx 529 : 1179648 13625088 0 73728 36864 0 0 0 0 
_1.ptx 530 : 1179648 10673184 0 0 0 0 0 0 0 
_1.ptx 531 : 1179648 7405408 0 0 0 0 0 0 0 
_1.ptx 532 : 1179648 12964480 0 73728 36864 0 0 0 0 
_1.ptx 533 : 1179648 10681344 0 0 0 0 0 0 0 
_1.ptx 534 : 1179648 7353536 0 0 0 0 0 0 0 
_1.ptx 535 : 1179648 12817312 0 73728 36864 0 0 0 0 
_1.ptx 536 : 1179648 10677376 0 0 0 0 0 0 0 
_1.ptx 537 : 1179648 7274496 0 0 0 0 0 0 0 
_1.ptx 538 : 1179648 13150880 0 73728 36864 0 0 0 0 
_1.ptx 539 : 1179648 10684320 0 0 0 0 0 0 0 
_1.ptx 540 : 1179648 7318112 0 0 0 0 0 0 0 
_1.ptx 541 : 1179648 13066688 0 73728 36864 0 0 0 0 
_1.ptx 542 : 1179648 10685440 0 0 0 0 0 0 0 
_1.ptx 543 : 1179648 7446912 0 0 0 0 0 0 0 
_1.ptx 544 : 1179648 13049600 0 73728 36864 0 0 0 0 
_1.ptx 545 : 1179648 10693120 0 0 0 0 0 0 0 
_1.ptx 546 : 1179648 7383232 0 0 0 0 0 0 0 
_1.ptx 547 : 1179648 12955680 0 73728 36864 0 0 0 0 
_1.ptx 548 : 1179648 10700832 0 0 0 0 0 0 0 
_1.ptx 549 : 1179648 7280288 0 0 0 0 0 0 0 
_1.ptx 550 : 1179648 13196992 0 73728 36864 0 0 0 0 
_1.ptx 551 : 1179648 10690464 0 0 0 0 0 0 0 
_1.ptx 553 : 1179648 13154464 0 0 0 0 0 0 0 
_1.ptx 554 : 1179648 11934240 4145472 0 0 73728 36864 0 0 
_1.ptx 556 : 1179648 7128320 0 0 0 0 0 0 0 
_1.ptx 557 : 1179648 7165024 0 0 0 0 0 0 0 
_1.ptx 558 : 1179648 14088992 0 73728 36864 0 0 0 0 
_1.ptx 559 : 1179648 10668096 0 0 0 0 0 0 0 
_1.ptx 560 : 1179648 7356576 0 0 0 0 0 0 0 
_1.ptx 561 : 1179648 13362016 0 73728 36864 0 0 0 0 
_1.ptx 562 : 1179648 10710720 0 0 0 0 0 0 0 
_1.ptx 563 : 1179648 6126784 0 0 0 0 0 0 0 
_1.ptx 564 : 1179648 13449152 0 73728 36864 0 0 0 0 
_1.ptx 565 : 1179648 10665024 0 0 0 0 0 0 0 
_1.ptx 566 : 1179648 7327904 0 0 0 0 0 0 0 
_1.ptx 567 : 1179648 12756000 0 73728 36864 0 0 0 0 
_1.ptx 568 : 1179648 10674464 0 0 0 0 0 0 0 
_1.ptx 569 : 1179648 7272480 0 0 0 0 0 0 0 
_1.ptx 570 : 1179648 12789600 0 73728 36864 0 0 0 0 
_1.ptx 571 : 1179648 10668672 0 0 0 0 0 0 0 
_1.ptx 572 : 1179648 7251520 0 0 0 0 0 0 0 
_1.ptx 573 : 1179648 12790016 0 73728 36864 0 0 0 0 
_1.ptx 574 : 1179648 10675968 0 0 0 0 0 0 0 
_1.ptx 575 : 1179648 7192672 0 0 0 0 0 0 0 
_1.ptx 576 : 1179648 12834752 0 73728 36864 0 0 0 0 
_1.ptx 577 : 1179648 10680064 0 0 0 0 0 0 0 
_1.ptx 578 : 1179648 6193440 0 0 0 0 0 0 0 
_1.ptx 579 : 1179648 13394976 0 73728 36864 0 0 0 0 
_1.ptx 580 : 1179648 10668256 0 0 0 0 0 0 0 
_1.ptx 581 : 1179648 7401696 0 0 0 0 0 0 0 
_1.ptx 582 : 1179648 12583968 0 73728 36864 0 0 0 0 
_1.ptx 583 : 1179648 10674944 0 0 0 0 0 0 0 
_1.ptx 584 : 1179648 7347424 0 0 0 0 0 0 0 
_1.ptx 585 : 1179648 12518624 0 73728 36864 0 0 0 0 
_1.ptx 586 : 1179648 10674272 0 0 0 0 0 0 0 
_1.ptx 587 : 1179648 7280896 0 0 0 0 0 0 0 
_1.ptx 588 : 1179648 12668064 0 73728 36864 0 0 0 0 
_1.ptx 589 : 1179648 10675936 0 0 0 0 0 0 0 
_1.ptx 590 : 1179648 7220256 0 0 0 0 0 0 0 
_1.ptx 591 : 1179648 12706272 0 73728 36864 0 0 0 0 
_1.ptx 592 : 1179648 10678368 0 0 0 0 0 0 0 
_1.ptx 593 : 1179648 6314656 0 0 0 0 0 0 0 
_1.ptx 594 : 1179648 13627456 0 73728 36864 0 0 0 0 
_1.ptx 595 : 1179648 10676768 0 0 0 0 0 0 0 
_1.ptx 596 : 1179648 7273280 0 0 0 0 0 0 0 
_1.ptx 597 : 1179648 12679360 0 73728 36864 0 0 0 0 
_1.ptx 598 : 1179648 10680192 0 0 0 0 0 0 0 
_1.ptx 599 : 1179648 7209664 0 0 0 0 0 0 0 
_1.ptx 600 : 1179648 12531008 0 73728 36864 0 0 0 0 
_1.ptx 601 : 1179648 10682688 0 0 0 0 0 0 0 
_1.ptx 602 : 1179648 7152032 0 0 0 0 0 0 0 
_1.ptx 603 : 1179648 12554528 0 73728 36864 0 0 0 0 
_1.ptx 604 : 1179648 10681056 0 0 0 0 0 0 0 
_1.ptx 605 : 1179648 7055328 0 0 0 0 0 0 0 
_1.ptx 606 : 1179648 12950784 0 73728 36864 0 0 0 0 
_1.ptx 607 : 1179648 10692640 0 0 0 0 0 0 0 
_1.ptx 609 : 1179648 13057952 0 0 0 0 0 0 0 
_1.ptx 610 : 1179648 12040640 4098752 0 0 73728 36864 0 0 
_1.ptx 612 : 1179648 7118368 0 0 0 0 0 0 0 
_1.ptx 613 : 1179648 7098144 0 0 0 0 0 0 0 
_1.ptx 614 : 1179648 13928736 0 73728 36864 0 0 0 0 
_1.ptx 615 : 1179648 10675360 0 0 0 0 0 0 0 
_1.ptx 616 : 1179648 7724768 0 0 0 0 0 0 0 
_1.ptx 617 : 1179648 12932608 0 73728 36864 0 0 0 0 
_1.ptx 618 : 1179648 10665984 0 0 0 0 0 0 0 
_1.ptx 619 : 1179648 7171488 0 0 0 0 0 0 0 
_1.ptx 620 : 1179648 12649856 0 73728 36864 0 0 0 0 
_1.ptx 621 : 1179648 10674720 0 0 0 0 0 0 0 
_1.ptx 622 : 1179648 7182752 0 0 0 0 0 0 0 
_1.ptx 623 : 1179648 12667392 0 73728 36864 0 0 0 0 
_1.ptx 624 : 1179648 10677760 0 0 0 0 0 0 0 
_1.ptx 625 : 1179648 7228800 0 0 0 0 0 0 0 
_1.ptx 626 : 1179648 12830912 0 73728 36864 0 0 0 0 
_1.ptx 627 : 1179648 10687040 0 0 0 0 0 0 0 
_1.ptx 628 : 1179648 6204096 0 0 0 0 0 0 0 
_1.ptx 629 : 1179648 13415584 0 73728 36864 0 0 0 0 
_1.ptx 630 : 1179648 10671264 0 0 0 0 0 0 0 
_1.ptx 631 : 1179648 7359744 0 0 0 0 0 0 0 
_1.ptx 632 : 1179648 12629632 0 73728 36864 0 0 0 0 
_1.ptx 633 : 1179648 10680352 0 0 0 0 0 0 0 
_1.ptx 634 : 1179648 7312608 0 0 0 0 0 0 0 
_1.ptx 635 : 1179648 12497920 0 73728 36864 0 0 0 0 
_1.ptx 636 : 1179648 10675072 0 0 0 0 0 0 0 
_1.ptx 637 : 1179648 7287136 0 0 0 0 0 0 0 
_1.ptx 638 : 1179648 12582848 0 73728 36864 0 0 0 0 
_1.ptx 639 : 1179648 10672192 0 0 0 0 0 0 0 
_1.ptx 640 : 1179648 7263616 0 0 0 0 0 0 0 
_1.ptx 641 : 1179648 12707648 0 73728 36864 0 0 0 0 
_1.ptx 642 : 1179648 10682816 0 0 0 0 0 0 0 
_1.ptx 643 : 1179648 6330432 0 0 0 0 0 0 0 
_1.ptx 644 : 1179648 13680064 0 73728 36864 0 0 0 0 
_1.ptx 645 : 1179648 10677536 0 0 0 0 0 0 0 
_1.ptx 646 : 1179648 7242176 0 0 0 0 0 0 0 
_1.ptx 647 : 1179648 12672064 0 73728 36864 0 0 0 0 
_1.ptx 648 : 1179648 10682176 0 0 0 0 0 0 0 
_1.ptx 649 : 1179648 7279040 0 0 0 0 0 0 0 
_1.ptx 650 : 1179648 12405344 0 73728 36864 0 0 0 0 
_1.ptx 651 : 1179648 10681728 0 0 0 0 0 0 0 
_1.ptx 652 : 1179648 7262400 0 0 0 0 0 0 0 
_1.ptx 653 : 1179648 12417824 0 73728 36864 0 0 0 0 
_1.ptx 654 : 1179648 10683136 0 0 0 0 0 0 0 
_1.ptx 655 : 1179648 7190016 0 0 0 0 0 0 0 
_1.ptx 656 : 1179648 12748416 0 73728 36864 0 0 0 0 
_1.ptx 657 : 1179648 10679520 0 0 0 0 0 0 0 
_1.ptx 658 : 1179648 6539680 0 0 0 0 0 0 0 
_1.ptx 659 : 1179648 13171904 0 73728 36864 0 0 0 0 
_1.ptx 660 : 1179648 10716704 0 0 0 0 0 0 0 
_1.ptx 661 : 1179648 5973984 0 0 0 0 0 0 0 
_1.ptx 662 : 1179648 13307680 0 73728 36864 0 0 0 0 
_1.ptx 663 : 1179648 10698144 0 0 0 0 0 0 0 
_1.ptx 665 : 1179648 13161536 0 0 0 0 0 0 0 
_1.ptx 666 : 1179648 14958528 4102080 0 0 73728 36864 0 0 
_1.ptx 668 : 1179648 7152384 0 0 0 0 0 0 0 
