kernel line : count latency dram_traffic smem_bk_conflicts smem_warp gmem_access_generated gmem_warp exposed_latency warp_divergence
_1.ptx 65 : 28392 172714 0 0 0 0 0 0 0 
_1.ptx 66 : 28392 290481 0 0 0 0 0 0 0 
_1.ptx 67 : 28392 597781 128 0 0 0 0 0 0 
_1.ptx 68 : 28392 200525 0 0 0 0 0 0 0 
_1.ptx 69 : 28392 290866 0 0 0 0 0 0 0 
_1.ptx 70 : 28392 313084 0 0 0 0 0 0 0 
_1.ptx 71 : 28392 807725 640 0 0 1008 1008 0 0 
_1.ptx 72 : 28392 171343 0 0 0 0 0 0 0 
_1.ptx 73 : 28392 291888 0 0 0 0 0 0 0 
_1.ptx 74 : 28392 171576 0 0 0 0 0 0 0 
_1.ptx 75 : 28392 296794 0 0 0 0 0 0 0 
_1.ptx 76 : 28392 172046 0 0 0 0 0 0 0 
_1.ptx 77 : 28392 298728 0 0 0 0 0 0 0 
_1.ptx 78 : 28392 200785 0 0 0 0 0 0 0 
_1.ptx 79 : 28392 287552 0 0 0 0 0 0 0 
_1.ptx 80 : 28392 313892 0 0 0 0 0 0 0 
_1.ptx 81 : 28392 177294 0 0 0 0 0 0 0 
_1.ptx 82 : 28392 205194 0 0 0 0 0 0 0 
_1.ptx 83 : 28392 102819 0 0 0 0 0 0 0 
_1.ptx 87 : 709800 3672722 128 0 0 0 0 0 0 
_1.ptx 88 : 709800 7840313 0 0 0 0 0 0 0 
_1.ptx 89 : 709800 7833764 0 0 0 0 0 0 0 
_1.ptx 90 : 709800 5020142 0 0 0 0 0 0 0 
_1.ptx 91 : 709800 7214200 0 0 0 0 0 0 0 
_1.ptx 92 : 709800 7841375 0 0 0 0 0 0 0 
_1.ptx 93 : 709800 21085863 94208 0 0 115134 25200 0 0 
_1.ptx 94 : 709800 6086198 0 0 0 25200 25200 0 0 
_1.ptx 95 : 709800 6420005 0 0 0 0 0 0 0 
_1.ptx 96 : 709800 7152098 0 0 0 0 0 0 0 
_1.ptx 97 : 709800 7174755 0 0 0 0 0 0 0 
_1.ptx 98 : 709800 7196951 0 0 0 0 0 0 0 
_1.ptx 99 : 709800 5722833 0 0 0 0 0 0 0 
_1.ptx 100 : 709800 4149834 0 0 0 0 0 0 0 
_1.ptx 102 : 28392 202129 0 0 0 0 0 0 0 
_1.ptx 103 : 28392 179955 0 0 0 0 0 0 0 
_1.ptx 104 : 28392 426963 0 0 0 0 0 0 0 
_1.ptx 105 : 28392 202359 0 0 0 0 0 0 0 
_1.ptx 106 : 28392 202379 0 0 0 0 0 0 0 
_1.ptx 107 : 28392 224390 0 0 0 0 0 0 0 
_1.ptx 108 : 28392 176492 0 0 0 0 0 0 0 
_1.ptx 109 : 28392 228397 0 0 0 0 0 0 0 
_1.ptx 110 : 28392 111731 0 0 0 0 0 0 862 
_1.ptx 112 : 9895 109650 0 0 0 0 0 0 0 
_1.ptx 113 : 9895 60129 0 0 0 0 0 0 0 
_1.ptx 114 : 9895 109177 0 0 0 0 0 0 0 
_1.ptx 115 : 9895 70185 0 0 0 0 0 0 0 
_1.ptx 116 : 9895 60298 0 0 0 0 0 0 0 
_1.ptx 117 : 9895 60081 0 0 0 0 0 0 0 
_1.ptx 118 : 9895 89845 0 0 0 0 0 0 0 
_1.ptx 119 : 9895 89966 0 0 0 0 0 0 0 
_1.ptx 120 : 9895 60480 0 0 0 0 0 0 0 
_1.ptx 121 : 9895 109173 0 0 0 0 0 0 0 
_1.ptx 123 : 9895 148157 0 0 0 0 0 0 0 
_1.ptx 124 : 9895 153672 0 0 0 0 0 0 0 
_1.ptx 125 : 9895 109351 0 0 0 0 0 0 0 
_1.ptx 127 : 9895 59844 0 0 0 0 0 0 0 
_1.ptx 128 : 9895 60117 0 0 0 0 0 0 0 
_1.ptx 129 : 9895 60688 0 0 0 0 0 0 0 
_1.ptx 130 : 9895 60143 0 0 0 0 0 0 0 
_1.ptx 131 : 9895 109225 0 0 0 0 0 0 0 
_1.ptx 132 : 9895 456558 0 0 0 0 0 0 0 
_1.ptx 133 : 9895 109784 0 0 0 0 0 0 0 
_1.ptx 134 : 9895 60509 0 0 0 0 0 0 0 
_1.ptx 135 : 9895 79999 0 0 0 0 0 0 0 
_1.ptx 136 : 9895 89669 0 0 0 0 0 0 0 
_1.ptx 137 : 9895 69986 0 0 0 0 0 0 0 
_1.ptx 138 : 9895 70156 0 0 0 0 0 0 0 
_1.ptx 139 : 9895 69789 0 0 0 0 0 0 0 
_1.ptx 140 : 9895 79878 0 0 0 0 0 0 0 
_1.ptx 141 : 9895 70159 0 0 0 0 0 0 0 
_1.ptx 142 : 9895 60315 0 0 0 0 0 0 0 
_1.ptx 145 : 18497 205340 0 0 0 0 0 0 0 
_1.ptx 146 : 18497 111702 0 0 0 0 0 0 0 
_1.ptx 147 : 18497 112406 0 0 0 0 0 0 0 
_1.ptx 148 : 18497 167273 0 0 0 0 0 0 0 
_1.ptx 149 : 18497 113003 0 0 0 0 0 0 0 
_1.ptx 150 : 18497 167726 0 0 0 0 0 0 0 
_1.ptx 151 : 18497 112963 0 0 0 0 0 0 0 
_1.ptx 152 : 18497 167731 0 0 0 0 0 0 0 
_1.ptx 153 : 18497 203905 0 0 0 0 0 0 0 
_1.ptx 154 : 18497 169594 0 0 0 0 0 0 0 
_1.ptx 156 : 18497 220472 0 0 0 0 0 0 0 
_1.ptx 157 : 18497 115482 0 0 0 0 0 0 0 
_1.ptx 158 : 18497 149135 0 0 0 0 0 0 0 
_1.ptx 159 : 18497 167315 0 0 0 0 0 0 0 
_1.ptx 162 : 28392 202518 0 0 0 0 0 0 0 
_1.ptx 163 : 28392 179327 0 0 0 0 0 0 0 
_1.ptx 164 : 28392 427040 0 0 0 0 0 0 0 
_1.ptx 165 : 28392 201082 0 0 0 0 0 0 0 
_1.ptx 166 : 28392 99779 0 0 0 0 0 0 0 
_1.ptx 167 : 28392 288937 0 0 0 0 0 0 0 
_1.ptx 168 : 28392 293261 0 0 0 0 0 0 0 
_1.ptx 169 : 28392 313669 0 0 0 0 0 0 0 
_1.ptx 170 : 28392 313430 0 0 0 0 0 0 0 
_1.ptx 171 : 28392 290652 0 0 0 0 0 0 0 
_1.ptx 172 : 28392 313349 0 0 0 0 0 0 0 
_1.ptx 173 : 28392 201000 0 0 0 0 0 0 0 
_1.ptx 174 : 28392 291312 0 0 0 0 0 0 0 
_1.ptx 175 : 28392 313846 0 0 0 0 0 0 0 
_1.ptx 176 : 28392 180425 86304 0 0 1860 1008 0 0 
_1.ptx 178 : 28392 172020 0 0 0 0 0 0 0 
_1.ptx 196 : 35000 212875 0 0 0 0 0 0 0 
_1.ptx 197 : 35000 362975 0 0 0 0 0 0 0 
_1.ptx 198 : 35000 117275 0 0 0 0 0 0 0 
_1.ptx 199 : 35000 247400 0 0 0 0 0 0 0 
_1.ptx 200 : 35000 361825 0 0 0 0 0 0 0 
_1.ptx 201 : 35000 386225 0 0 0 0 0 0 0 
_1.ptx 202 : 35000 5232650 6400 0 0 1400 1400 0 0 
_1.ptx 203 : 35000 211550 0 0 0 0 0 0 0 
_1.ptx 204 : 35000 358400 0 0 0 0 0 0 0 
_1.ptx 205 : 35000 211300 0 0 0 0 0 0 0 
_1.ptx 206 : 35000 360950 0 0 0 0 0 0 0 
_1.ptx 207 : 35000 211350 0 0 0 0 0 0 0 
_1.ptx 208 : 35000 361350 0 0 0 0 0 0 0 
_1.ptx 209 : 35000 386900 0 0 0 0 0 0 0 
_1.ptx 210 : 35000 251775 0 0 0 0 0 0 0 
_1.ptx 211 : 35000 359550 0 0 0 0 0 0 0 
_1.ptx 212 : 35000 223325 0 0 0 0 0 0 0 
_1.ptx 213 : 35000 258150 0 0 0 0 0 0 0 
_1.ptx 214 : 35000 115800 0 0 0 0 0 0 0 
_1.ptx 218 : 875000 5003500 128 0 0 0 0 0 0 
_1.ptx 219 : 875000 9709750 0 0 0 0 0 0 0 
_1.ptx 220 : 875000 9682125 0 0 0 0 0 0 0 
_1.ptx 221 : 875000 6204725 0 0 0 0 0 0 0 
_1.ptx 222 : 875000 8888350 0 0 0 0 0 0 0 
_1.ptx 223 : 875000 9668850 0 0 0 0 0 0 0 
_1.ptx 224 : 875000 13487650 0 0 0 157500 35000 0 0 
_1.ptx 225 : 875000 9811725 0 0 0 35000 35000 0 0 
_1.ptx 226 : 875000 7893225 0 0 0 0 0 0 0 
_1.ptx 228 : 875000 13416575 7936 0 0 35000 35000 0 0 
_1.ptx 229 : 875000 15966450 0 0 0 157500 35000 0 0 
_1.ptx 230 : 875000 7898900 0 0 0 0 0 0 0 
_1.ptx 232 : 875000 6673750 0 0 0 35000 35000 0 0 
_1.ptx 233 : 875000 15992900 0 0 0 157400 35000 0 0 
_1.ptx 234 : 875000 7904775 0 0 0 0 0 0 0 
_1.ptx 236 : 875000 14630425 8832 0 0 35000 35000 0 0 
_1.ptx 237 : 875000 16624725 0 0 0 157500 35000 0 0 
_1.ptx 238 : 875000 7905900 0 0 0 0 0 0 0 
_1.ptx 240 : 875000 6481450 0 0 0 35000 35000 0 0 
_1.ptx 241 : 875000 16511375 0 0 0 157550 35000 0 0 
_1.ptx 242 : 875000 7903600 0 0 0 0 0 0 0 
_1.ptx 244 : 875000 13523875 8064 0 0 35000 35000 0 0 
_1.ptx 245 : 875000 18957050 0 0 0 157550 35000 0 0 
_1.ptx 246 : 875000 8036350 0 0 0 0 0 0 0 
_1.ptx 247 : 875000 8935050 0 0 0 0 0 0 0 
_1.ptx 248 : 875000 8874450 0 0 0 0 0 0 0 
_1.ptx 249 : 875000 8886975 0 0 0 0 0 0 0 
_1.ptx 250 : 875000 7067275 0 0 0 0 0 0 0 
_1.ptx 251 : 875000 5092125 0 0 0 0 0 0 0 
_1.ptx 253 : 35000 250475 0 0 0 0 0 0 0 
_1.ptx 254 : 35000 214400 0 0 0 0 0 0 0 
_1.ptx 255 : 35000 528050 0 0 0 0 0 0 0 
_1.ptx 256 : 35000 250025 0 0 0 0 0 0 0 
_1.ptx 257 : 35000 253175 0 0 0 0 0 0 0 
_1.ptx 258 : 35000 252550 0 0 0 0 0 0 0 
_1.ptx 259 : 35000 218600 0 0 0 0 0 0 0 
_1.ptx 260 : 35000 284025 0 0 0 0 0 0 0 
_1.ptx 261 : 35000 82195 0 0 0 0 0 0 1378 
_1.ptx 263 : 21487 239787 0 0 0 0 0 0 0 
_1.ptx 264 : 21487 130135 0 0 0 0 0 0 0 
_1.ptx 265 : 21487 237761 0 0 0 0 0 0 0 
_1.ptx 266 : 21487 152756 0 0 0 0 0 0 0 
_1.ptx 267 : 21487 131177 0 0 0 0 0 0 0 
_1.ptx 268 : 21487 131193 0 0 0 0 0 0 0 
_1.ptx 269 : 21487 195274 0 0 0 0 0 0 0 
_1.ptx 270 : 21487 194972 0 0 0 0 0 0 0 
_1.ptx 271 : 21487 131584 0 0 0 0 0 0 0 
_1.ptx 272 : 21487 237497 0 0 0 0 0 0 0 
_1.ptx 274 : 21487 330581 0 0 0 0 0 0 0 
_1.ptx 275 : 21487 354796 0 0 0 0 0 0 0 
_1.ptx 276 : 21487 238091 0 0 0 0 0 0 0 
_1.ptx 278 : 21487 130032 0 0 0 0 0 0 0 
_1.ptx 279 : 21487 130945 0 0 0 0 0 0 0 
_1.ptx 280 : 21487 131529 0 0 0 0 0 0 0 
_1.ptx 281 : 21487 130927 0 0 0 0 0 0 0 
_1.ptx 282 : 21487 238038 0 0 0 0 0 0 0 
_1.ptx 283 : 21487 1008959 0 0 0 0 0 0 0 
_1.ptx 284 : 21487 239230 0 0 0 0 0 0 0 
_1.ptx 285 : 21487 132264 0 0 0 0 0 0 0 
_1.ptx 286 : 21487 173942 0 0 0 0 0 0 0 
_1.ptx 287 : 21487 195327 0 0 0 0 0 0 0 
_1.ptx 288 : 21487 152825 0 0 0 0 0 0 0 
_1.ptx 289 : 21487 152931 0 0 0 0 0 0 0 
_1.ptx 290 : 21487 152510 0 0 0 0 0 0 0 
_1.ptx 291 : 21487 173517 0 0 0 0 0 0 0 
_1.ptx 292 : 21487 153496 0 0 0 0 0 0 0 
_1.ptx 293 : 21487 131689 0 0 0 0 0 0 0 
_1.ptx 296 : 13513 151266 0 0 0 0 0 0 0 
_1.ptx 297 : 13513 82245 0 0 0 0 0 0 0 
_1.ptx 298 : 13513 83476 0 0 0 0 0 0 0 
_1.ptx 299 : 13513 122819 0 0 0 0 0 0 0 
_1.ptx 300 : 13513 82782 0 0 0 0 0 0 0 
_1.ptx 301 : 13513 122505 0 0 0 0 0 0 0 
_1.ptx 302 : 13513 82910 0 0 0 0 0 0 0 
_1.ptx 303 : 13513 122639 0 0 0 0 0 0 0 
_1.ptx 304 : 13513 149858 0 0 0 0 0 0 0 
_1.ptx 305 : 13513 124004 0 0 0 0 0 0 0 
_1.ptx 307 : 13513 163061 0 0 0 0 0 0 0 
_1.ptx 308 : 13513 84672 0 0 0 0 0 0 0 
_1.ptx 309 : 13513 109230 0 0 0 0 0 0 0 
_1.ptx 310 : 13513 122725 0 0 0 0 0 0 0 
_1.ptx 313 : 35000 249800 0 0 0 0 0 0 0 
_1.ptx 314 : 35000 220400 0 0 0 0 0 0 0 
_1.ptx 315 : 35000 526775 0 0 0 0 0 0 0 
_1.ptx 316 : 35000 248775 0 0 0 0 0 0 0 
_1.ptx 317 : 35000 113150 0 0 0 0 0 0 0 
_1.ptx 318 : 35000 365950 0 0 0 0 0 0 0 
_1.ptx 319 : 35000 382600 0 0 0 0 0 0 0 
_1.ptx 320 : 35000 387200 0 0 0 0 0 0 0 
_1.ptx 321 : 35000 386850 0 0 0 0 0 0 0 
_1.ptx 322 : 35000 365375 0 0 0 0 0 0 0 
_1.ptx 323 : 35000 386825 0 0 0 0 0 0 0 
_1.ptx 324 : 35000 248125 0 0 0 0 0 0 0 
_1.ptx 325 : 35000 364475 0 0 0 0 0 0 0 
_1.ptx 326 : 35000 386725 0 0 0 0 0 0 0 
_1.ptx 327 : 35000 211300 137024 0 0 2450 1400 0 0 
_1.ptx 329 : 35000 211925 0 0 0 0 0 0 0 
