kernel line : count latency dram_traffic smem_bk_conflicts smem_warp gmem_access_generated gmem_warp exposed_latency warp_divergence
_1.ptx 79 : 473344 4710944 128 0 0 0 0 0 0 
_1.ptx 80 : 473344 7610464 0 0 0 0 0 0 0 
_1.ptx 81 : 473344 3654624 0 0 0 0 0 0 0 
_1.ptx 82 : 473344 5852000 0 0 0 0 0 0 0 
_1.ptx 83 : 473344 3880384 0 0 0 0 0 0 0 
_1.ptx 84 : 473344 7044704 0 0 0 0 0 0 0 
_1.ptx 85 : 473344 1546240 0 0 0 0 0 0 0 
_1.ptx 86 : 473344 5893920 0 0 0 0 0 0 0 
_1.ptx 87 : 473344 3975232 0 0 0 0 0 0 0 
_1.ptx 88 : 473344 5999872 0 0 0 0 0 0 0 
_1.ptx 89 : 473344 4040160 0 0 0 0 0 0 0 
_1.ptx 90 : 473344 4574624 0 0 0 0 0 0 0 
_1.ptx 91 : 473344 9312 0 0 0 0 0 0 0 
_1.ptx 92 : 471968 1573760 0 0 0 0 0 0 0 
_1.ptx 93 : 471968 5538208 0 0 0 0 0 0 0 
_1.ptx 94 : 471968 4512000 0 0 0 0 0 0 0 
_1.ptx 95 : 471968 530496 0 0 0 0 0 0 0 
_1.ptx 96 : 401792 3375392 0 0 0 0 0 0 0 
_1.ptx 97 : 401792 5765152 0 0 0 0 0 0 0 
_1.ptx 98 : 401792 1336640 0 0 0 0 0 0 0 
_1.ptx 99 : 401792 4992704 0 0 0 0 0 0 0 
_1.ptx 100 : 401792 3326112 0 0 0 0 0 0 0 
_1.ptx 101 : 401792 5062464 0 0 0 0 0 0 0 
_1.ptx 102 : 401792 3373792 0 0 0 0 0 0 0 
_1.ptx 103 : 401792 3857440 0 0 0 0 0 0 0 
_1.ptx 104 : 401792 9544 0 0 0 0 0 0 292 
_1.ptx 105 : 400624 1430812 0 0 0 0 0 0 0 
_1.ptx 106 : 400624 4649080 0 0 0 0 0 0 0 
_1.ptx 107 : 400624 3800568 0 0 0 0 0 0 0 
_1.ptx 108 : 400624 474964 0 0 0 0 0 0 292 
_1.ptx 110 : 341056 2738044 0 0 0 0 0 0 0 
_1.ptx 111 : 341056 2754684 0 0 0 0 0 0 0 
_1.ptx 112 : 341056 3043268 0 0 0 0 0 0 0 
_1.ptx 113 : 341056 3007004 0 0 0 0 0 0 0 
_1.ptx 114 : 341056 4514616 0 0 0 0 0 0 0 
_1.ptx 115 : 341056 4137976 0 0 0 0 0 0 0 
_1.ptx 116 : 341056 4603860 0 0 0 0 0 0 0 
_1.ptx 117 : 341056 4970244 0 0 0 0 0 0 0 
_1.ptx 118 : 341056 4093600 0 0 0 0 0 0 0 
_1.ptx 119 : 341056 2899740 0 0 0 0 0 0 0 
_1.ptx 120 : 341056 4419876 0 0 0 0 0 0 0 
_1.ptx 121 : 341056 1743232 0 0 0 0 0 0 0 
_1.ptx 122 : 341056 4075232 0 0 0 0 0 0 0 
_1.ptx 123 : 341056 92916100 1048576 0 0 30368 10804 0 0 
_1.ptx 124 : 341056 4012324 0 0 0 0 0 0 0 
_1.ptx 125 : 341056 3161208 0 10804 10804 0 0 0 0 
_1.ptx 127 : 341056 2287520 0 0 0 0 0 0 0 
_1.ptx 128 : 341056 4034288 0 0 0 0 0 0 0 
_1.ptx 129 : 341056 90641060 1048576 0 0 30368 10804 0 0 
_1.ptx 130 : 341056 4021208 0 0 0 0 0 0 0 
_1.ptx 131 : 341056 2583336 0 10804 10804 0 0 0 0 
_1.ptx 134 : 473344 3635456 0 0 0 0 0 0 0 
_1.ptx 135 : 473344 3673632 0 0 0 0 0 0 0 
_1.ptx 137 : 473344 3724384 0 0 0 0 0 0 0 
_1.ptx 138 : 473344 3704480 0 0 0 0 0 0 0 
_1.ptx 139 : 473344 4473536 0 0 0 0 0 0 0 
_1.ptx 140 : 473344 0 0 0 0 0 0 0 0 
_1.ptx 141 : 473344 3764736 0 0 0 0 0 0 0 
_1.ptx 142 : 473344 7977952 0 0 0 0 0 0 0 
_1.ptx 143 : 473344 1695328 0 0 0 0 0 0 0 
_1.ptx 144 : 473344 5838592 0 0 0 0 0 0 0 
_1.ptx 145 : 473344 3855328 0 0 0 0 0 0 0 
_1.ptx 146 : 473344 4558464 0 0 0 0 0 0 0 
_1.ptx 147 : 473344 4375136 0 0 0 0 0 0 0 
_1.ptx 148 : 473344 3878656 0 0 0 0 0 0 0 
_1.ptx 149 : 473344 4842112 0 0 0 0 0 0 0 
_1.ptx 150 : 473344 1610848 0 0 0 0 0 0 0 
_1.ptx 151 : 473344 5632800 0 0 0 0 0 0 0 
_1.ptx 152 : 473344 5735776 0 0 0 0 0 0 0 
_1.ptx 153 : 473344 6094656 0 0 0 0 0 0 0 
_1.ptx 154 : 473344 4773184 0 0 0 0 0 0 0 
_1.ptx 155 : 473344 5856096 0 0 0 0 0 0 0 
_1.ptx 156 : 473344 4135008 0 0 0 0 0 0 0 
_1.ptx 157 : 473344 4988256 0 0 0 0 0 0 0 
_1.ptx 158 : 473344 3968224 0 0 0 0 0 0 0 
_1.ptx 159 : 473344 4600352 0 0 0 0 0 0 0 
_1.ptx 160 : 473344 4394752 0 0 0 0 0 0 0 
_1.ptx 161 : 473344 3920064 0 0 0 0 0 0 0 
_1.ptx 162 : 473344 4864672 0 0 0 0 0 0 0 
_1.ptx 163 : 473344 1538560 0 0 0 0 0 0 0 
_1.ptx 164 : 473344 5561376 0 0 0 0 0 0 0 
_1.ptx 165 : 473344 5659872 0 0 0 0 0 0 0 
_1.ptx 166 : 473344 6020448 0 0 0 0 0 0 0 
_1.ptx 167 : 473344 4655360 0 0 0 0 0 0 0 
_1.ptx 168 : 473344 5686112 0 0 0 0 0 0 0 
_1.ptx 169 : 473344 4027136 0 0 0 0 0 0 0 
_1.ptx 170 : 473344 4800608 0 0 0 0 0 0 0 
_1.ptx 171 : 473344 1511424 0 0 0 0 0 0 0 
_1.ptx 172 : 473344 1526400 0 0 0 0 0 0 0 
_1.ptx 173 : 473344 29459328 0 0 0 0 0 0 0 
_1.ptx 174 : 473344 1547392 0 0 0 0 0 0 0 
_1.ptx 175 : 473344 18227808 0 0 0 0 0 0 0 
_1.ptx 176 : 473344 1550656 0 0 0 0 0 0 0 
_1.ptx 177 : 473344 21677376 0 0 0 0 0 0 0 
_1.ptx 178 : 473344 5412768 0 0 0 0 0 0 0 
_1.ptx 179 : 473344 10016864 0 0 0 0 0 0 0 
_1.ptx 180 : 473344 5612096 0 0 0 0 0 0 0 
_1.ptx 181 : 473344 10083296 0 0 0 0 0 0 0 
_1.ptx 182 : 473344 1597312 0 0 0 0 0 0 0 
_1.ptx 183 : 473344 21160416 0 0 0 0 0 0 0 
_1.ptx 184 : 473344 3726048 0 0 0 0 0 0 0 
_1.ptx 185 : 473344 5496256 0 0 0 0 0 0 0 
_1.ptx 186 : 473344 10012672 0 0 0 0 0 0 0 
_1.ptx 187 : 473344 5629792 0 0 0 0 0 0 0 
_1.ptx 188 : 473344 10128736 0 0 0 0 0 0 0 
_1.ptx 189 : 473344 4371584 0 0 0 0 0 0 0 
_1.ptx 190 : 473344 5710432 0 0 0 0 0 0 0 
_1.ptx 191 : 473344 4080096 0 0 0 0 0 0 0 
_1.ptx 192 : 473344 4107872 0 0 0 0 0 0 0 
_1.ptx 193 : 473344 4424704 0 0 0 0 0 0 0 
_1.ptx 197 : 473344 4010080 0 0 0 0 0 0 0 
_1.ptx 198 : 473344 5639936 0 0 0 0 0 0 0 
_1.ptx 199 : 473344 4383648 0 0 0 0 0 0 0 
_1.ptx 200 : 473344 232132 0 0 0 0 0 0 14792 
_1.ptx 201 : 443760 3526110 0 0 0 0 0 0 0 
_1.ptx 202 : 443760 5377290 0 0 0 0 0 0 0 
_1.ptx 203 : 443760 4085880 0 0 0 0 0 0 0 
_1.ptx 204 : 443760 231090 0 0 0 0 0 0 14792 
_1.ptx 205 : 414176 3826760 0 0 0 0 0 0 0 
_1.ptx 206 : 414176 205058 0 0 0 0 0 0 1849 
_1.ptx 207 : 388290 3573962 0 0 0 0 0 0 0 
_1.ptx 208 : 388290 196154 0 0 0 0 0 0 1849 
_1.ptx 209 : 362404 3355576 0 0 0 0 0 0 0 
_1.ptx 210 : 362404 4372 0 0 0 0 0 0 344 
_1.ptx 211 : 361802 3345841 0 0 0 0 0 0 0 
_1.ptx 212 : 361802 429981 0 0 0 0 0 0 344 
_1.ptx 213 : 308224 2841058 0 0 0 0 0 0 0 
_1.ptx 214 : 308224 3534 0 0 0 0 0 0 0 
_1.ptx 215 : 307712 2838182 0 0 0 0 0 0 0 
_1.ptx 216 : 307712 350156 0 0 0 0 0 0 0 
_1.ptx 218 : 262144 2066850 0 0 0 0 0 0 0 
_1.ptx 220 : 262144 2288316 0 0 0 0 0 0 0 
_1.ptx 221 : 262144 2276278 0 0 0 0 0 0 0 
_1.ptx 222 : 262144 3437032 0 0 0 0 0 0 0 
_1.ptx 223 : 262144 3168269 0 0 0 0 0 0 0 
_1.ptx 224 : 262144 3113556 0 0 0 0 0 0 0 
_1.ptx 225 : 262144 3177047 0 0 0 0 0 0 0 
_1.ptx 226 : 262144 2244993 0 10804 10804 0 0 0 0 
_1.ptx 227 : 262144 2305082 0 0 0 0 0 0 0 
_1.ptx 228 : 262144 4325413 0 0 0 0 0 0 0 
_1.ptx 229 : 262144 2880114 0 0 0 0 0 0 0 
_1.ptx 230 : 262144 2927483 0 0 0 0 0 0 0 
_1.ptx 231 : 262144 3315297 0 0 0 0 0 0 0 
_1.ptx 232 : 262144 3226872 0 0 0 0 0 0 0 
_1.ptx 233 : 262144 2339148 0 0 0 0 0 0 0 
_1.ptx 234 : 262144 3259632 0 0 0 0 0 0 0 
_1.ptx 235 : 262144 2249970 0 10804 10804 0 0 0 0 
_1.ptx 236 : 262144 2306471 0 0 0 0 0 0 0 
_1.ptx 237 : 262144 2337966 0 0 0 0 0 0 0 
_1.ptx 238 : 262144 2423427 0 0 0 0 0 0 0 
_1.ptx 239 : 262144 3099110 0 0 0 0 0 0 0 
_1.ptx 240 : 262144 3224460 0 0 0 0 0 0 0 
_1.ptx 241 : 262144 3068084 0 0 0 0 0 0 0 
_1.ptx 242 : 262144 3235619 0 0 0 0 0 0 0 
_1.ptx 243 : 262144 2218214 0 10804 10804 0 0 0 0 
_1.ptx 244 : 262144 2343749 0 0 0 0 0 0 0 
_1.ptx 245 : 262144 3037562 0 0 0 0 0 0 0 
_1.ptx 246 : 262144 3293199 0 0 0 0 0 0 0 
_1.ptx 247 : 262144 3060907 0 0 0 0 0 0 0 
_1.ptx 248 : 262144 3328751 0 0 0 0 0 0 0 
_1.ptx 249 : 262144 2235053 0 10804 10804 0 0 0 0 
_1.ptx 250 : 262144 3379616 0 0 0 0 0 0 0 
_1.ptx 251 : 262144 2626273 0 0 0 0 0 0 0 
_1.ptx 252 : 262144 4606043 0 0 0 0 0 0 0 
_1.ptx 253 : 262144 4864891 0 0 0 0 0 0 0 
_1.ptx 254 : 262144 3243905 0 0 0 0 0 0 0 
_1.ptx 255 : 262144 3439200 0 0 0 0 0 0 0 
_1.ptx 256 : 262144 3683405 0 0 0 0 0 0 0 
_1.ptx 257 : 262144 3193716 0 0 0 0 0 0 0 
_1.ptx 258 : 262144 3515087 0 0 0 0 0 0 0 
_1.ptx 259 : 262144 2241601 0 10804 10804 0 0 0 0 
_1.ptx 260 : 262144 2655936 0 0 0 0 0 0 0 
_1.ptx 261 : 262144 3573180 0 0 0 0 0 0 0 
_1.ptx 262 : 262144 3230341 0 0 0 0 0 0 0 
_1.ptx 263 : 262144 3533938 0 0 0 0 0 0 0 
_1.ptx 264 : 262144 2233897 0 10804 10804 0 0 0 0 
_1.ptx 265 : 262144 3573389 0 0 0 0 0 0 0 
_1.ptx 266 : 262144 2855604 0 0 0 0 0 0 0 
_1.ptx 267 : 262144 4820869 0 0 0 0 0 0 0 
_1.ptx 268 : 262144 5017447 0 0 0 0 0 0 0 
_1.ptx 269 : 262144 4865557 0 0 0 0 0 0 0 
_1.ptx 270 : 262144 4985389 0 0 0 0 0 0 0 
_1.ptx 271 : 262144 2958712 0 0 0 0 0 0 0 
_1.ptx 272 : 262144 3748710 0 0 0 0 0 0 0 
_1.ptx 273 : 262144 1427126 0 10804 10804 0 0 0 0 
_1.ptx 277 : 473344 4320672 0 0 0 0 0 0 0 
_1.ptx 279 : 473344 4253152 0 0 0 0 0 0 0 
_1.ptx 280 : 473344 3543104 0 0 0 0 0 0 0 
_1.ptx 311 : 473344 3446624 0 0 0 0 0 0 0 
_1.ptx 312 : 473344 4210112 0 0 0 0 0 0 0 
_1.ptx 315 : 473344 1562329 0 0 0 0 0 0 10804 
_1.ptx 317 : 262144 1942731 0 0 0 0 0 0 0 
_1.ptx 318 : 262144 2152676 0 0 0 0 0 0 0 
_1.ptx 319 : 262144 2173871 0 0 0 0 0 0 0 
_1.ptx 320 : 262144 3210361 0 0 0 0 0 0 0 
_1.ptx 321 : 262144 3071078 0 0 0 0 0 0 0 
_1.ptx 322 : 262144 3343761 0 0 0 0 0 0 0 
_1.ptx 323 : 262144 3053224 0 0 0 0 0 0 0 
_1.ptx 324 : 262144 2319864 0 10804 10804 0 0 0 0 
_1.ptx 325 : 262144 913451 0 0 0 0 0 0 0 
_1.ptx 326 : 262144 1830337 0 0 0 0 0 0 0 
_1.ptx 327 : 262144 3794201 0 0 0 0 0 0 0 
_1.ptx 328 : 262144 875000 0 0 0 0 0 0 0 
_1.ptx 329 : 262144 3117268 0 0 0 0 0 0 0 
_1.ptx 330 : 262144 3126840 0 0 0 0 0 0 0 
_1.ptx 331 : 262144 900603 0 0 0 0 0 0 0 
_1.ptx 332 : 262144 4324713 0 0 0 0 0 0 0 
_1.ptx 333 : 262144 3128463 0 0 0 0 0 0 0 
_1.ptx 334 : 262144 2212118 0 0 0 0 0 0 0 
_1.ptx 335 : 262144 4286622 0 0 0 0 0 0 0 
_1.ptx 336 : 262144 3125040 0 0 0 0 0 0 0 
_1.ptx 337 : 262144 2281316 958592 0 0 26624 10804 0 0 
_1.ptx 340 : 473344 3492544 0 0 0 0 0 0 0 
