kernel line : count latency dram_traffic smem_bk_conflicts smem_warp gmem_access_generated gmem_warp exposed_latency warp_divergence
_1.ptx 823 : 509868 2644204 0 0 0 0 0 0 1125 
_1.ptx 825 : 74702 531079 0 0 0 0 0 0 0 
_1.ptx 827 : 74702 536793 0 0 0 0 0 0 0 
_1.ptx 829 : 509868 5178681 0 0 0 0 0 0 0 
_1.ptx 830 : 509868 5226191 0 0 0 0 0 0 0 
_1.ptx 831 : 509868 3321066 0 0 0 0 0 0 0 
_1.ptx 832 : 509868 4159888 0 0 0 0 0 0 0 
_1.ptx 833 : 509868 2305025 0 0 0 0 0 0 0 
_1.ptx 834 : 127467 778885 0 0 0 0 0 0 0 
_1.ptx 835 : 127467 1033411 0 0 0 0 0 0 0 
_1.ptx 836 : 127467 910474 0 0 0 0 0 0 0 
_1.ptx 837 : 127467 769128 0 0 0 0 0 0 0 
_1.ptx 838 : 127467 1030883 0 0 0 0 0 0 0 
_1.ptx 839 : 127467 911658 0 0 0 0 0 0 0 
_1.ptx 840 : 127467 1034150 0 0 0 0 0 0 0 
_1.ptx 841 : 127467 774518 0 0 0 0 0 0 0 
_1.ptx 842 : 127467 1026569 0 0 0 0 0 0 0 
_1.ptx 843 : 127467 391575 0 0 0 0 0 0 631 
_1.ptx 845 : 62282 639909 0 0 0 0 0 0 0 
_1.ptx 847 : 62282 450245 0 0 0 0 0 0 0 
_1.ptx 848 : 62282 437174 0 0 0 0 0 0 0 
_1.ptx 849 : 62282 667041 0 0 0 0 0 0 0 
_1.ptx 850 : 62282 685893 0 0 0 0 0 0 0 
_1.ptx 851 : 62282 263476 0 0 0 2349 2349 0 0 
_1.ptx 852 : 62282 263426 0 0 0 2349 2349 0 0 
_1.ptx 853 : 62282 266833 0 0 0 2544 2349 0 0 
_1.ptx 854 : 62282 274040 0 0 0 2544 2349 0 0 
_1.ptx 855 : 62282 277011 0 0 0 2544 2349 0 0 
_1.ptx 856 : 62282 282964 0 0 0 2544 2349 0 0 
_1.ptx 857 : 62282 281760 0 0 0 2544 2349 0 0 
_1.ptx 859 : 62282 687402 0 0 0 0 0 0 0 
_1.ptx 860 : 62282 686651 0 0 0 0 0 0 0 
_1.ptx 861 : 62282 686899 0 0 0 0 0 0 0 
_1.ptx 862 : 62282 686412 0 0 0 0 0 0 0 
_1.ptx 863 : 62282 689376 0 0 0 0 0 0 0 
_1.ptx 864 : 62282 687181 0 0 0 0 0 0 0 
_1.ptx 865 : 62282 282165 0 0 0 2544 2349 0 0 
_1.ptx 866 : 62282 388569 0 0 0 0 0 0 0 
_1.ptx 867 : 62282 502409 0 0 0 0 0 0 0 
_1.ptx 868 : 62282 115186 0 0 0 0 0 0 305 
_1.ptx 870 : 43133 259759 0 0 0 0 0 0 0 
_1.ptx 871 : 43133 259599 0 0 0 0 0 0 0 
_1.ptx 872 : 43133 260024 0 0 0 0 0 0 0 
_1.ptx 873 : 43133 259519 0 0 0 0 0 0 0 
_1.ptx 875 : 19149 62973 0 0 0 0 0 0 0 
_1.ptx 876 : 19149 211471 0 0 0 0 0 0 0 
_1.ptx 877 : 19149 211983 0 0 0 0 0 0 0 
_1.ptx 878 : 19149 213191 0 0 0 0 0 0 0 
_1.ptx 879 : 19149 211854 0 0 0 0 0 0 0 
_1.ptx 880 : 19149 215704 0 0 0 0 0 0 0 
_1.ptx 881 : 19149 173131 0 0 0 0 0 0 0 
_1.ptx 882 : 19149 173029 0 0 0 0 0 0 0 
_1.ptx 883 : 19149 383358 0 0 0 0 0 0 0 
_1.ptx 884 : 19149 211474 0 0 0 0 0 0 0 
_1.ptx 885 : 19149 211443 0 0 0 0 0 0 0 
_1.ptx 886 : 19149 211554 0 0 0 0 0 0 0 
_1.ptx 888 : 62282 696278 0 0 0 0 0 0 0 
_1.ptx 889 : 62282 692390 0 0 0 0 0 0 0 
_1.ptx 890 : 62282 691934 0 0 0 0 0 0 0 
_1.ptx 891 : 62282 699674 0 0 0 0 0 0 0 
_1.ptx 892 : 62282 564736 0 0 0 0 0 0 0 
_1.ptx 893 : 62282 563620 0 0 0 0 0 0 0 
_1.ptx 894 : 62282 1165777 0 0 0 0 0 0 0 
_1.ptx 895 : 62282 691422 0 0 0 0 0 0 0 
_1.ptx 896 : 62282 688133 0 0 0 0 0 0 0 
_1.ptx 897 : 62282 690625 0 0 0 0 0 0 0 
_1.ptx 898 : 62282 685900 0 0 0 0 0 0 0 
_1.ptx 899 : 62282 561372 0 0 0 0 0 0 0 
_1.ptx 900 : 62282 568664 0 0 0 0 0 0 0 
_1.ptx 901 : 62282 375018 0 0 0 0 0 0 0 
_1.ptx 902 : 62282 500526 0 0 0 0 0 0 0 
_1.ptx 903 : 62282 374673 0 0 0 0 0 0 0 
_1.ptx 910 : 62282 437985 0 0 0 0 0 0 0 
_1.ptx 911 : 62282 442511 0 0 0 0 0 0 0 
_1.ptx 912 : 62282 446186 0 0 0 0 0 0 0 
_1.ptx 915 : 62282 396166 0 0 0 0 0 0 0 
_1.ptx 916 : 62282 689361 0 0 0 0 0 0 0 
_1.ptx 917 : 62282 442524 0 0 0 0 0 0 0 
_1.ptx 918 : 62282 689576 0 0 0 0 0 0 0 
_1.ptx 919 : 62282 685718 0 0 0 0 0 0 0 
_1.ptx 920 : 62282 316578 1952 0 0 0 0 0 0 
_1.ptx 921 : 62282 374074 0 0 0 0 0 0 0 
_1.ptx 922 : 62282 685961 0 0 0 0 0 0 0 
_1.ptx 923 : 62282 313773 1216 0 0 0 0 0 0 
_1.ptx 924 : 62282 374029 0 0 0 0 0 0 0 
_1.ptx 925 : 62282 685770 0 0 0 0 0 0 0 
_1.ptx 926 : 62282 324531 1664 0 0 0 0 0 0 
_1.ptx 927 : 62282 374152 0 0 0 0 0 0 0 
_1.ptx 928 : 62282 686091 0 0 0 0 0 0 0 
_1.ptx 929 : 62282 312975 2272 0 0 0 0 0 0 
_1.ptx 931 : 62282 374013 0 0 0 0 0 0 0 
_1.ptx 932 : 62282 686592 0 0 0 0 0 0 0 
_1.ptx 933 : 62282 375278 0 0 0 0 0 0 0 
_1.ptx 934 : 62282 686455 0 0 0 0 0 0 0 
_1.ptx 935 : 62282 374389 0 0 0 0 0 0 0 
_1.ptx 936 : 62282 687919 0 0 0 0 0 0 0 
_1.ptx 937 : 62282 690272 0 0 0 0 0 0 0 
_1.ptx 938 : 62282 561266 0 0 0 0 0 0 0 
_1.ptx 939 : 62282 563461 0 0 0 0 0 0 0 
_1.ptx 940 : 62282 1322556 0 0 0 0 0 0 0 
_1.ptx 941 : 62282 694239 0 0 0 0 0 0 0 
_1.ptx 942 : 62282 697293 0 0 0 0 0 0 0 
_1.ptx 943 : 62282 702576 0 0 0 0 0 0 0 
_1.ptx 944 : 62282 689590 0 0 0 0 0 0 0 
_1.ptx 945 : 62282 569372 0 0 0 0 0 0 0 
_1.ptx 946 : 62282 565807 0 0 0 0 0 0 0 
_1.ptx 947 : 62282 377728 0 0 0 0 0 0 0 
_1.ptx 948 : 62282 504164 0 0 0 0 0 0 0 
_1.ptx 949 : 62282 33032 0 0 0 0 0 0 318 
_1.ptx 951 : 56815 401340 0 0 0 0 0 0 0 
_1.ptx 952 : 56815 341968 0 0 0 0 0 0 0 
_1.ptx 955 : 220903 891976 0 0 0 8579 8579 0 0 
_1.ptx 956 : 220903 893114 0 0 0 8579 8579 0 0 
_1.ptx 957 : 220903 892337 0 0 0 8579 8579 0 0 
_1.ptx 958 : 220903 892655 0 0 0 8579 8579 0 0 
_1.ptx 959 : 220903 1327253 0 0 0 0 0 0 0 
_1.ptx 960 : 220903 1772690 0 0 0 0 0 0 0 
_1.ptx 961 : 220903 986668 0 0 0 0 0 0 0 
_1.ptx 963 : 56815 407100 0 0 0 0 0 0 0 
_1.ptx 964 : 56815 345664 0 0 0 0 0 0 0 
_1.ptx 965 : 56815 459444 0 0 0 0 0 0 0 
_1.ptx 966 : 56815 341396 0 0 0 0 0 0 0 
_1.ptx 971 : 56815 341097 0 0 0 0 0 0 0 
_1.ptx 972 : 56815 514520 0 0 0 0 0 0 0 
_1.ptx 973 : 56815 625532 0 0 0 0 0 0 0 
_1.ptx 974 : 56815 2799774 0 0 0 0 0 0 0 
_1.ptx 976 : 56815 341389 0 0 0 0 0 0 0 
_1.ptx 977 : 56815 341718 0 0 0 0 0 0 0 
_1.ptx 978 : 56815 469497 0 0 0 0 0 0 0 
_1.ptx 979 : 56815 512926 0 0 0 0 0 0 0 
_1.ptx 982 : 56815 400276 0 0 0 0 0 0 0 
_1.ptx 983 : 56815 343165 0 0 0 0 0 0 0 
_1.ptx 986 : 164088 686781 0 0 0 6402 6402 0 0 
_1.ptx 987 : 164088 640700 0 0 0 0 0 0 0 
_1.ptx 988 : 164088 1812870 0 0 0 0 0 0 0 
_1.ptx 989 : 164088 989879 0 0 0 0 0 0 0 
_1.ptx 990 : 164088 1814679 0 0 0 0 0 0 0 
_1.ptx 991 : 164088 994212 0 0 0 0 0 0 0 
_1.ptx 992 : 164088 1822722 0 0 0 0 0 0 0 
_1.ptx 993 : 164088 992371 0 0 0 0 0 0 0 
_1.ptx 994 : 164088 1819079 0 0 0 0 0 0 0 
_1.ptx 995 : 164088 1813556 0 0 0 0 0 0 0 
_1.ptx 996 : 164088 1836543 0 0 0 0 0 0 0 
_1.ptx 997 : 164088 1825491 0 0 0 0 0 0 0 
_1.ptx 998 : 164088 1822489 0 0 0 0 0 0 0 
_1.ptx 999 : 164088 1828932 0 0 0 0 0 0 0 
_1.ptx 1000 : 164088 1830465 0 0 0 0 0 0 0 
_1.ptx 1001 : 164088 1885428 0 0 0 0 0 0 0 
_1.ptx 1002 : 164088 1508540 0 0 0 0 0 0 0 
_1.ptx 1003 : 164088 1498322 0 0 0 0 0 0 0 
_1.ptx 1004 : 164088 1825667 0 0 0 0 0 0 0 
_1.ptx 1005 : 164088 1485276 0 0 0 0 0 0 0 
_1.ptx 1006 : 164088 1490863 0 0 0 0 0 0 0 
_1.ptx 1007 : 164088 1842164 0 0 0 0 0 0 0 
_1.ptx 1008 : 164088 1337877 0 0 0 0 0 0 0 
_1.ptx 1009 : 164088 1159702 0 0 0 0 0 0 0 
_1.ptx 1010 : 164088 988727 0 0 0 0 0 0 0 
_1.ptx 1011 : 164088 1317165 0 0 0 0 0 0 0 
_1.ptx 1012 : 164088 1166523 0 0 0 0 0 0 0 
_1.ptx 1013 : 164088 1332209 0 0 0 0 0 0 0 
_1.ptx 1014 : 164088 1002922 0 0 0 0 0 0 0 
_1.ptx 1015 : 164088 1319244 0 0 0 0 0 0 0 
_1.ptx 1016 : 164088 686279 0 0 0 0 0 0 965 
_1.ptx 1017 : 50431 305124 0 0 0 0 0 0 0 
_1.ptx 1018 : 50431 305887 0 0 0 0 0 0 0 
_1.ptx 1020 : 113657 1259842 0 0 0 0 0 0 0 
_1.ptx 1021 : 113657 1252521 0 0 0 0 0 0 0 
_1.ptx 1022 : 113657 914679 0 0 0 0 0 0 0 
_1.ptx 1023 : 113657 36556 0 0 0 0 0 0 344 
_1.ptx 1024 : 107587 647499 0 0 0 0 0 0 0 
_1.ptx 1025 : 107587 649815 0 0 0 0 0 0 0 
_1.ptx 1028 : 6070 66855 0 0 0 0 0 0 0 
_1.ptx 1029 : 6070 108266 0 0 0 0 0 0 0 
_1.ptx 1030 : 6070 67413 0 0 0 0 0 0 0 
_1.ptx 1031 : 6070 68293 0 0 0 0 0 0 0 
_1.ptx 1032 : 6070 55038 0 0 0 0 0 0 0 
_1.ptx 1036 : 164088 1179747 0 0 0 0 0 0 0 
_1.ptx 1039 : 220903 1347586 0 0 0 0 0 0 0 
_1.ptx 1040 : 220903 1782133 0 0 0 0 0 0 0 
_1.ptx 1041 : 220903 1299742 0 0 0 0 0 0 370 
_1.ptx 1042 : 6068 67242 0 0 0 0 0 0 0 
_1.ptx 1043 : 6068 67610 0 0 0 0 0 0 0 
_1.ptx 1044 : 6068 67843 0 0 0 0 0 0 0 
_1.ptx 1045 : 6068 67110 0 0 0 0 0 0 0 
_1.ptx 1046 : 6068 67338 0 0 0 0 0 0 0 
_1.ptx 1047 : 6068 67472 0 0 0 0 0 0 0 
_1.ptx 1048 : 6068 68317 0 0 0 0 0 0 0 
_1.ptx 1049 : 6068 56764 0 0 0 0 0 0 0 
_1.ptx 1050 : 6068 55276 0 0 0 0 0 0 0 
_1.ptx 1051 : 6068 49041 0 0 0 0 0 0 0 
_1.ptx 1052 : 6068 37474 0 0 0 0 0 0 0 
_1.ptx 1057 : 220903 2226950 0 0 0 0 0 0 0 
_1.ptx 1058 : 220903 2232080 0 0 0 0 0 0 0 
_1.ptx 1059 : 220903 1451490 0 0 0 0 0 0 0 
_1.ptx 1060 : 220903 1773505 0 0 0 0 0 0 0 
_1.ptx 1061 : 220903 314173 0 0 0 0 0 0 0 
_1.ptx 1062 : 169119 1024100 0 0 0 0 0 0 0 
_1.ptx 1063 : 169119 1357269 0 0 0 0 0 0 0 
_1.ptx 1064 : 169119 986156 0 0 0 0 0 0 295 
_1.ptx 1065 : 5031 30255 0 0 0 0 0 0 0 
_1.ptx 1067 : 51784 312553 0 0 0 0 0 0 0 
_1.ptx 1068 : 51784 416750 0 0 0 0 0 0 0 
_1.ptx 1071 : 56815 36639 0 0 0 0 0 0 318 
_1.ptx 1073 : 50745 559832 0 0 0 0 0 0 0 
_1.ptx 1074 : 50745 563770 0 0 0 0 0 0 0 
_1.ptx 1075 : 50745 561321 0 0 0 0 0 0 0 
_1.ptx 1076 : 50745 579919 0 0 0 0 0 0 0 
_1.ptx 1077 : 50745 460651 0 0 0 0 0 0 0 
_1.ptx 1078 : 50745 460013 0 0 0 0 0 0 0 
_1.ptx 1079 : 50745 1055105 0 0 0 0 0 0 0 
_1.ptx 1081 : 50745 304707 0 0 0 0 0 0 0 
_1.ptx 1082 : 50745 1020398 0 0 0 0 0 0 0 
_1.ptx 1083 : 50745 326589 0 0 0 0 0 0 0 
_1.ptx 1084 : 50745 561075 0 0 0 0 0 0 0 
_1.ptx 1085 : 50745 561478 0 0 0 0 0 0 0 
_1.ptx 1086 : 50745 558830 0 0 0 0 0 0 0 
_1.ptx 1087 : 50745 257148 0 0 0 0 0 0 0 
_1.ptx 1088 : 50745 304819 0 0 0 0 0 0 0 
_1.ptx 1089 : 50745 558785 0 0 0 0 0 0 0 
_1.ptx 1090 : 50745 558810 0 0 0 0 0 0 0 
_1.ptx 1091 : 50745 558598 0 0 0 0 0 0 0 
_1.ptx 1092 : 50745 261294 0 0 0 0 0 0 0 
_1.ptx 1093 : 50745 304688 0 0 0 0 0 0 0 
_1.ptx 1094 : 50745 558722 0 0 0 0 0 0 0 
_1.ptx 1095 : 50745 558633 0 0 0 0 0 0 0 
_1.ptx 1096 : 50745 559939 0 0 0 0 0 0 0 
_1.ptx 1097 : 50745 259465 0 0 0 0 0 0 0 
_1.ptx 1098 : 50745 304610 0 0 0 0 0 0 0 
_1.ptx 1099 : 50745 558819 0 0 0 0 0 0 0 
_1.ptx 1100 : 50745 458190 0 0 0 0 0 0 0 
_1.ptx 1101 : 50745 259987 0 0 0 0 0 0 0 
_1.ptx 1103 : 50745 559278 0 0 0 0 0 0 0 
_1.ptx 1104 : 50745 559571 0 0 0 0 0 0 0 
_1.ptx 1105 : 50745 558831 0 0 0 0 0 0 0 
_1.ptx 1106 : 50745 464311 0 0 0 0 0 0 0 
_1.ptx 1107 : 50745 570065 0 0 0 0 0 0 0 
_1.ptx 1108 : 50745 461291 0 0 0 0 0 0 0 
_1.ptx 1109 : 50745 305986 0 0 0 0 0 0 0 
_1.ptx 1110 : 50745 1020547 0 0 0 0 0 0 0 
_1.ptx 1111 : 50745 319699 0 0 0 0 0 0 0 
_1.ptx 1112 : 50745 1016939 0 0 0 0 0 0 0 
_1.ptx 1113 : 50745 316260 0 0 0 0 0 0 0 
_1.ptx 1114 : 50745 407605 0 0 0 0 0 0 0 
_1.ptx 1115 : 50745 305068 0 0 0 0 0 0 0 
_1.ptx 1121 : 50745 367142 0 0 0 0 0 0 0 
_1.ptx 1122 : 50745 306784 0 0 0 0 0 0 0 
_1.ptx 1123 : 50745 411353 0 0 0 0 0 0 0 
_1.ptx 1124 : 50745 0 0 0 0 0 0 0 0 
_1.ptx 1125 : 50745 304709 0 0 0 0 0 0 0 
_1.ptx 1133 : 50745 304542 0 0 0 0 0 0 0 
_1.ptx 1134 : 50745 406410 0 0 0 0 0 0 0 
_1.ptx 1135 : 50745 304725 0 0 0 0 0 0 0 
_1.ptx 1140 : 50745 304591 0 0 0 0 0 0 0 
_1.ptx 1141 : 50745 406487 0 0 0 0 0 0 0 
_1.ptx 1142 : 50745 304803 0 0 0 0 0 0 0 
_1.ptx 1157 : 50745 304652 0 0 0 0 0 0 0 
_1.ptx 1158 : 50745 408158 0 0 0 0 0 0 0 
_1.ptx 1159 : 50745 304773 0 0 0 0 0 0 0 
_1.ptx 1181 : 50745 304778 0 0 0 0 0 0 0 
_1.ptx 1182 : 50745 406369 0 0 0 0 0 0 0 
_1.ptx 1183 : 50745 304756 0 0 0 0 0 0 0 
_1.ptx 1196 : 50745 355865 0 0 0 0 0 0 0 
_1.ptx 1197 : 50745 355648 0 0 0 0 0 0 0 
_1.ptx 1198 : 50745 356233 0 0 0 0 0 0 0 
_1.ptx 1199 : 50745 355723 0 0 0 0 0 0 0 
_1.ptx 1200 : 50745 305533 0 0 0 0 0 0 0 
_1.ptx 1201 : 50745 408673 0 0 0 0 0 0 0 
_1.ptx 1202 : 50745 304985 0 0 0 0 0 0 0 
_1.ptx 1213 : 50745 356529 0 0 0 0 0 0 0 
_1.ptx 1216 : 50745 508344 0 0 0 0 0 0 0 
_1.ptx 1218 : 50745 359227 0 0 0 0 0 0 0 
_1.ptx 1219 : 50745 356040 0 0 0 0 0 0 0 
_1.ptx 1220 : 50745 356033 0 0 0 0 0 0 0 
_1.ptx 1221 : 50745 356413 0 0 0 0 0 0 0 
_1.ptx 1222 : 50745 305265 0 0 0 0 0 0 0 
_1.ptx 1223 : 50745 409512 0 0 0 0 0 0 0 
_1.ptx 1224 : 50745 178140 0 0 0 0 0 0 727 
_1.ptx 1226 : 21083 126794 0 0 0 0 0 0 0 
_1.ptx 1227 : 21083 233989 0 0 0 0 0 0 0 
_1.ptx 1229 : 21083 212677 0 0 0 0 0 0 0 
_1.ptx 1232 : 50745 335871 0 0 0 0 0 0 0 
_1.ptx 1233 : 50745 558850 0 0 0 0 0 0 0 
_1.ptx 1234 : 50745 304932 0 0 0 0 0 0 0 
_1.ptx 1235 : 50745 568539 0 0 0 0 0 0 0 
_1.ptx 1236 : 50745 571791 0 0 0 0 0 0 0 
_1.ptx 1237 : 50745 435841 0 0 0 0 0 0 0 
_1.ptx 1238 : 50745 1082971 0 0 0 0 0 0 0 
_1.ptx 1239 : 50745 363259 0 0 0 0 0 0 0 
_1.ptx 1240 : 50745 568039 0 0 0 0 0 0 0 
_1.ptx 1241 : 50745 356156 0 0 0 0 0 0 0 
_1.ptx 1242 : 50745 362406 0 0 0 0 0 0 0 
_1.ptx 1243 : 50745 358466 0 0 0 0 0 0 0 
_1.ptx 1244 : 50745 358727 0 0 0 0 0 0 0 
_1.ptx 1245 : 50745 360348 0 0 0 0 0 0 0 
_1.ptx 1246 : 50745 558851 0 0 0 0 0 0 0 
_1.ptx 1247 : 50745 559766 0 0 0 0 0 0 0 
_1.ptx 1248 : 50745 578568 0 0 0 0 0 0 0 
_1.ptx 1249 : 50745 457458 0 0 0 0 0 0 0 
_1.ptx 1250 : 50745 456977 0 0 0 0 0 0 0 
_1.ptx 1252 : 50745 559419 0 0 0 0 0 0 0 
_1.ptx 1253 : 50745 570824 0 0 0 0 0 0 0 
_1.ptx 1254 : 50745 318593 0 0 0 0 0 0 0 
_1.ptx 1255 : 50745 325758 0 0 0 0 0 0 0 
_1.ptx 1256 : 50745 462933 0 0 0 0 0 0 0 
_1.ptx 1257 : 50745 305465 0 0 0 0 0 0 0 
_1.ptx 1258 : 50745 460289 0 0 0 0 0 0 0 
_1.ptx 1259 : 50745 565874 0 0 0 0 0 0 0 
_1.ptx 1260 : 50745 562964 0 0 0 0 0 0 0 
_1.ptx 1261 : 50745 559086 0 0 0 0 0 0 0 
_1.ptx 1262 : 50745 559112 0 0 0 0 0 0 0 
_1.ptx 1263 : 50745 559241 0 0 0 0 0 0 0 
_1.ptx 1264 : 50745 559036 0 0 0 0 0 0 0 
_1.ptx 1265 : 50745 559562 0 0 0 0 0 0 0 
_1.ptx 1266 : 50745 559560 0 0 0 0 0 0 0 
_1.ptx 1267 : 50745 558586 0 0 0 0 0 0 0 
_1.ptx 1269 : 50745 558421 0 0 0 0 0 0 0 
_1.ptx 1271 : 50745 558678 0 0 0 0 0 0 0 
_1.ptx 1272 : 50745 562152 0 0 0 0 0 0 0 
_1.ptx 1274 : 50745 372257 0 0 0 0 0 0 0 
_1.ptx 1275 : 50745 341761 0 0 0 0 0 0 0 
_1.ptx 1276 : 50745 560153 0 0 0 0 0 0 0 
_1.ptx 1277 : 50745 560666 0 0 0 0 0 0 0 
_1.ptx 1279 : 50745 305620 0 0 0 0 0 0 0 
_1.ptx 1280 : 50745 559715 0 0 0 0 0 0 0 
_1.ptx 1281 : 50745 565368 0 0 0 0 0 0 0 
_1.ptx 1282 : 50745 558696 0 0 0 0 0 0 0 
_1.ptx 1283 : 50745 558439 0 0 0 0 0 0 0 
_1.ptx 1284 : 50745 558643 0 0 0 0 0 0 0 
_1.ptx 1286 : 50745 559677 0 0 0 0 0 0 0 
_1.ptx 1288 : 50745 304938 0 0 0 0 0 0 0 
_1.ptx 1289 : 50745 559500 0 0 0 0 0 0 0 
_1.ptx 1290 : 50745 560850 0 0 0 0 0 0 0 
_1.ptx 1291 : 50745 391574 0 0 0 0 0 0 0 
_1.ptx 1292 : 50745 571341 0 0 0 0 0 0 0 
_1.ptx 1293 : 50745 390770 0 0 0 0 0 0 0 
_1.ptx 1294 : 50745 460557 0 0 0 0 0 0 0 
_1.ptx 1295 : 50745 305820 0 0 0 0 0 0 0 
_1.ptx 1296 : 50745 458935 0 0 0 0 0 0 0 
_1.ptx 1297 : 50745 305072 0 0 0 0 0 0 0 
_1.ptx 1298 : 50745 460224 0 0 0 0 0 0 0 
_1.ptx 1299 : 50745 305216 0 0 0 0 0 0 0 
_1.ptx 1300 : 50745 458466 0 0 0 0 0 0 0 
_1.ptx 1301 : 50745 558548 0 0 0 0 0 0 0 
_1.ptx 1303 : 50745 360152 0 0 0 0 0 0 0 
_1.ptx 1304 : 50745 558470 0 0 0 0 0 0 0 
_1.ptx 1305 : 50745 558673 0 0 0 0 0 0 0 
_1.ptx 1307 : 50745 356712 0 0 0 0 0 0 0 
_1.ptx 1308 : 50745 357469 0 0 0 0 0 0 0 
_1.ptx 1309 : 50745 364723 0 0 0 0 0 0 0 
_1.ptx 1310 : 50745 331477 0 0 0 0 0 0 0 
_1.ptx 1311 : 50745 409100 0 0 0 0 0 0 0 
_1.ptx 1312 : 50745 304643 0 0 0 0 0 0 0 
_1.ptx 1321 : 50745 357416 0 0 0 0 0 0 0 
_1.ptx 1322 : 50745 306046 0 0 0 0 0 0 0 
_1.ptx 1323 : 50745 565080 0 0 0 0 0 0 0 
_1.ptx 1324 : 50745 357445 0 0 0 0 0 0 0 
_1.ptx 1325 : 50745 307618 0 0 0 0 0 0 0 
_1.ptx 1326 : 50745 305918 0 0 0 0 0 0 0 
_1.ptx 1327 : 50745 1142025 0 0 0 0 0 0 0 
_1.ptx 1328 : 50745 304697 0 0 0 0 0 0 0 
_1.ptx 1329 : 50745 304737 0 0 0 0 0 0 0 
_1.ptx 1330 : 50745 460122 0 0 0 0 0 0 0 
_1.ptx 1331 : 50745 465130 0 0 0 0 0 0 0 
_1.ptx 1332 : 50745 307991 0 0 0 0 0 0 0 
_1.ptx 1333 : 50745 559722 0 0 0 0 0 0 0 
_1.ptx 1334 : 50745 1137205 0 0 0 0 0 0 0 
_1.ptx 1335 : 50745 578912 0 0 0 0 0 0 0 
_1.ptx 1336 : 50745 305596 0 0 0 0 0 0 0 
_1.ptx 1337 : 50745 411531 0 0 0 0 0 0 0 
_1.ptx 1338 : 50745 458698 0 0 0 0 0 0 0 
_1.ptx 1339 : 50745 313524 0 0 0 0 0 0 0 
_1.ptx 1340 : 50745 415926 0 0 0 0 0 0 0 
_1.ptx 1341 : 50745 457818 0 0 0 0 0 0 0 
_1.ptx 1343 : 50745 364257 0 0 0 0 0 0 0 
_1.ptx 1344 : 50745 304697 0 0 0 0 0 0 0 
_1.ptx 1345 : 50745 406273 0 0 0 0 0 0 0 
_1.ptx 1346 : 50745 0 0 0 0 0 0 0 0 
_1.ptx 1348 : 50745 457250 0 0 0 0 0 0 0 
_1.ptx 1351 : 50745 359324 0 0 0 0 0 0 0 
_1.ptx 1352 : 50745 309036 0 0 0 0 0 0 0 
_1.ptx 1353 : 50745 367213 0 0 0 0 0 0 0 
_1.ptx 1354 : 50745 364000 0 0 0 0 0 0 0 
_1.ptx 1355 : 50745 346450 0 0 0 0 0 0 0 
_1.ptx 1356 : 50745 567539 0 0 0 0 0 0 0 
_1.ptx 1357 : 50745 561074 0 0 0 0 0 0 0 
_1.ptx 1358 : 50745 356733 0 0 0 0 0 0 0 
_1.ptx 1359 : 50745 305164 0 0 0 0 0 0 0 
_1.ptx 1360 : 50745 406934 0 0 0 0 0 0 0 
_1.ptx 1361 : 50745 356396 0 0 0 0 0 0 0 
_1.ptx 1362 : 50745 413993 0 0 0 0 0 0 0 
_1.ptx 1363 : 50745 304791 0 0 0 0 0 0 0 
_1.ptx 1364 : 50745 407343 0 0 0 0 0 0 0 
_1.ptx 1365 : 50745 305023 0 0 0 0 0 0 0 
_1.ptx 1372 : 50745 358630 0 0 0 0 0 0 0 
_1.ptx 1375 : 50745 308385 0 0 0 0 0 0 0 
_1.ptx 1376 : 50745 558941 0 0 0 0 0 0 0 
_1.ptx 1377 : 50745 558603 0 0 0 0 0 0 0 
_1.ptx 1378 : 50745 263452 0 0 0 0 0 0 0 
_1.ptx 1380 : 50745 558500 0 0 0 0 0 0 0 
_1.ptx 1381 : 50745 275397 0 0 0 0 0 0 0 
_1.ptx 1383 : 50745 561287 0 0 0 0 0 0 0 
_1.ptx 1384 : 50745 293700 0 0 0 0 0 0 0 
_1.ptx 1388 : 62282 690745 0 0 0 0 0 0 0 
_1.ptx 1389 : 62282 685942 0 0 0 0 0 0 0 
_1.ptx 1390 : 62282 686261 0 0 0 0 0 0 0 
_1.ptx 1391 : 62282 689509 0 0 0 0 0 0 0 
_1.ptx 1392 : 62282 686626 0 0 0 0 0 0 0 
_1.ptx 1393 : 62282 690010 0 0 0 0 0 0 0 
_1.ptx 1395 : 62282 690092 0 0 0 0 0 0 0 
_1.ptx 1396 : 62282 699842 0 0 0 0 0 0 0 
_1.ptx 1397 : 62282 690604 0 0 0 0 0 0 0 
_1.ptx 1398 : 62282 703692 0 0 0 0 0 0 0 
_1.ptx 1399 : 62282 568285 0 0 0 0 0 0 0 
_1.ptx 1400 : 62282 563518 0 0 0 0 0 0 0 
_1.ptx 1401 : 62282 1337492 0 0 0 0 0 0 0 
_1.ptx 1402 : 62282 694035 0 0 0 0 0 0 0 
_1.ptx 1403 : 62282 698077 0 0 0 0 0 0 0 
_1.ptx 1404 : 62282 696973 0 0 0 0 0 0 0 
_1.ptx 1405 : 62282 451481 0 0 0 0 0 0 0 
_1.ptx 1406 : 62282 444540 0 0 0 0 0 0 0 
_1.ptx 1408 : 62282 383463 0 0 0 0 0 0 0 
_1.ptx 1409 : 62282 564034 0 0 0 0 0 0 0 
_1.ptx 1410 : 62282 375338 0 0 0 0 0 0 0 
_1.ptx 1411 : 62282 562723 0 0 0 0 0 0 0 
_1.ptx 1412 : 62282 375368 0 0 0 0 0 0 0 
_1.ptx 1413 : 62282 579799 0 0 0 0 0 0 0 
_1.ptx 1416 : 127467 1336122 0 0 0 0 0 0 0 
_1.ptx 1417 : 127467 855499 0 0 0 0 0 0 0 
_1.ptx 1418 : 127467 1029669 0 0 0 0 0 0 0 
_1.ptx 1419 : 127467 6192 0 0 0 0 0 0 0 
_1.ptx 1420 : 126435 1020478 0 0 0 0 0 0 0 
_1.ptx 1421 : 126435 372230 0 0 0 0 0 0 550 
_1.ptx 1424 : 65536 662560 0 0 0 0 0 0 0 
_1.ptx 1425 : 65536 460096 0 0 0 0 0 0 0 
_1.ptx 1426 : 65536 393472 0 0 0 0 0 0 0 
_1.ptx 1427 : 65536 525120 0 0 0 0 0 0 0 
_1.ptx 604 : 65536 397984 0 0 0 0 0 0 0 
_1.ptx 1428 : 65536 331054 0 0 0 0 0 0 218 
_1.ptx 605 : 65536 278528 42112 0 0 0 0 0 0 
_1.ptx 1429 : 10434 73787 0 0 0 0 0 0 0 
_1.ptx 606 : 65536 398976 0 0 0 0 0 0 0 
_1.ptx 1430 : 10434 73649 0 0 0 0 0 0 0 
_1.ptx 607 : 65536 277760 41856 0 0 0 0 0 0 
_1.ptx 1431 : 10434 109214 0 0 0 0 0 0 0 
_1.ptx 608 : 65536 393568 0 0 0 0 0 0 0 
_1.ptx 1432 : 10434 115375 0 0 0 0 0 0 0 
_1.ptx 609 : 65536 277440 40832 0 0 0 0 0 0 
_1.ptx 1433 : 10434 74170 0 0 0 0 0 0 0 
_1.ptx 610 : 65536 393536 0 0 0 0 0 0 0 
_1.ptx 611 : 65536 270272 39168 0 0 0 0 0 0 
_1.ptx 612 : 65536 393728 0 0 0 0 0 0 0 
_1.ptx 613 : 65536 281536 52864 0 0 0 0 0 0 
_1.ptx 1437 : 15923 1800297 0 0 0 0 0 0 0 
_1.ptx 614 : 65536 393344 0 0 0 0 0 0 0 
_1.ptx 1438 : 15923 1957004 0 0 0 0 0 0 0 
_1.ptx 615 : 65536 307744 58368 0 0 0 0 0 0 
_1.ptx 1439 : 15923 2125179 0 0 0 0 0 0 0 
_1.ptx 616 : 65536 393632 0 0 0 0 0 0 0 
_1.ptx 1440 : 15923 2226300 0 0 0 0 0 0 0 
_1.ptx 617 : 65536 351200 58880 0 0 0 0 0 0 
_1.ptx 1441 : 15923 2118826 0 0 0 0 0 0 0 
_1.ptx 618 : 65536 393728 0 0 0 0 0 0 0 
_1.ptx 1442 : 15923 2361860 0 0 0 0 0 0 0 
_1.ptx 619 : 65536 445344 55808 0 0 0 0 0 0 
_1.ptx 1443 : 15923 2215324 0 0 0 0 0 0 0 
_1.ptx 620 : 65536 393536 0 0 0 0 0 0 0 
_1.ptx 1444 : 15923 2385200 0 0 0 0 0 0 0 
_1.ptx 621 : 65536 590784 53760 0 0 0 0 0 0 
_1.ptx 1445 : 15923 95802 0 0 0 0 0 0 0 
_1.ptx 622 : 65536 393376 0 0 0 0 0 0 0 
_1.ptx 1446 : 15923 143698 0 0 0 0 0 0 0 
_1.ptx 623 : 65536 742848 56576 0 0 0 0 0 0 
_1.ptx 1447 : 15923 103059 0 0 0 0 0 0 0 
_1.ptx 624 : 65536 393312 0 0 0 0 0 0 0 
_1.ptx 1448 : 15923 95638 0 0 0 0 0 0 0 
_1.ptx 625 : 65536 868448 57984 0 0 0 0 0 0 
_1.ptx 1449 : 15923 143673 0 0 0 0 0 0 0 
_1.ptx 626 : 65536 393664 0 0 0 0 0 0 0 
_1.ptx 1450 : 15923 99884 0 0 0 0 0 0 0 
_1.ptx 627 : 65536 316800 59904 0 0 0 0 0 0 
_1.ptx 1451 : 15923 95876 0 0 0 0 0 0 0 
_1.ptx 628 : 65536 393440 0 0 0 0 0 0 0 
_1.ptx 1452 : 15923 143715 0 0 0 0 0 0 0 
_1.ptx 629 : 65536 338240 61824 0 0 0 0 0 0 
_1.ptx 1453 : 15923 98737 0 0 0 0 0 0 0 
_1.ptx 630 : 65536 393632 0 0 0 0 0 0 0 
_1.ptx 1454 : 15923 95777 0 0 0 0 0 0 0 
_1.ptx 631 : 65536 381120 58624 0 0 0 0 0 0 
_1.ptx 1455 : 15923 143682 0 0 0 0 0 0 0 
_1.ptx 632 : 65536 393568 0 0 0 0 0 0 0 
_1.ptx 1456 : 15923 98476 0 0 0 0 0 0 0 
_1.ptx 633 : 65536 490816 65280 0 0 0 0 0 0 
_1.ptx 1457 : 15923 159678 0 0 0 0 0 0 0 
_1.ptx 634 : 65536 393664 0 0 0 0 0 0 0 
_1.ptx 1458 : 15923 159840 0 0 0 0 0 0 0 
_1.ptx 635 : 65536 855392 61568 0 0 0 0 0 0 
_1.ptx 1459 : 15923 96106 0 0 0 0 0 0 0 
_1.ptx 636 : 65536 393536 0 0 0 0 0 0 0 
_1.ptx 1460 : 15923 128136 0 0 0 0 0 0 0 
_1.ptx 637 : 65536 1183776 61312 0 0 0 0 0 0 
_1.ptx 1461 : 15923 33031 0 0 0 0 0 0 386 
_1.ptx 638 : 65536 393728 0 0 0 0 0 0 0 
_1.ptx 639 : 65536 1299616 60672 0 0 0 0 0 0 
_1.ptx 640 : 65536 393440 0 0 0 0 0 0 0 
_1.ptx 1464 : 65536 11518272 2176 0 0 4096 2048 0 0 
_1.ptx 641 : 65536 1388096 68096 0 0 0 0 0 0 
_1.ptx 1465 : 65536 4432672 0 0 0 0 0 0 0 
_1.ptx 642 : 65536 393408 0 0 0 0 0 0 0 
_1.ptx 1466 : 65536 466656 0 0 0 0 0 0 0 
_1.ptx 643 : 65536 366208 70528 0 0 0 0 0 0 
_1.ptx 1467 : 65536 397088 0 0 0 0 0 0 0 
_1.ptx 644 : 65536 393760 0 0 0 0 0 0 0 
_1.ptx 1468 : 65536 723872 0 0 0 0 0 0 0 
_1.ptx 645 : 65536 394304 0 0 0 0 0 0 0 
_1.ptx 1469 : 65536 461920 0 0 0 0 0 0 0 
_1.ptx 646 : 65536 535904 0 0 0 0 0 0 0 
_1.ptx 1470 : 65536 4175424 128 0 0 0 0 0 0 
_1.ptx 647 : 65536 394592 0 0 0 0 0 0 0 
_1.ptx 1471 : 65536 464768 0 0 0 0 0 0 0 
_1.ptx 648 : 65536 407360 0 0 0 0 0 0 0 
_1.ptx 1472 : 65536 395264 0 0 0 0 0 0 0 
_1.ptx 649 : 65536 533504 0 0 0 0 0 0 0 
_1.ptx 1473 : 65536 722368 0 0 0 0 0 0 0 
_1.ptx 650 : 65536 404352 0 0 0 0 0 0 0 
_1.ptx 1474 : 65536 460704 0 0 0 0 0 0 0 
_1.ptx 651 : 65536 724064 0 0 0 0 0 0 0 
_1.ptx 1475 : 65536 463968 0 0 0 0 0 0 0 
_1.ptx 652 : 65536 395392 0 0 0 0 0 0 0 
_1.ptx 1476 : 65536 528192 0 0 0 0 0 0 0 
_1.ptx 653 : 65536 721888 0 0 0 0 0 0 0 
_1.ptx 1477 : 65536 3469376 0 0 0 0 0 0 0 
_1.ptx 654 : 65536 1103872 128 0 0 0 0 0 0 
_1.ptx 1478 : 65536 462016 0 0 0 0 0 0 0 
_1.ptx 655 : 65536 1098752 0 0 0 0 0 0 0 
_1.ptx 1479 : 65536 395872 0 0 0 0 0 0 0 
_1.ptx 656 : 65536 529216 0 0 0 0 0 0 0 
_1.ptx 1480 : 65536 722336 0 0 0 0 0 0 0 
_1.ptx 657 : 65536 461248 0 0 0 0 0 0 0 
_1.ptx 1481 : 65536 461664 0 0 0 0 0 0 0 
_1.ptx 658 : 65536 525120 0 0 0 0 0 0 0 
_1.ptx 1482 : 65536 461984 0 0 0 0 0 0 0 
_1.ptx 659 : 65536 459936 0 0 0 0 0 0 0 
_1.ptx 1483 : 65536 3522272 128 0 0 0 0 0 0 
_1.ptx 660 : 65536 525120 0 0 0 0 0 0 0 
_1.ptx 1484 : 65536 463200 0 0 0 0 0 0 0 
_1.ptx 661 : 65536 393920 0 0 0 0 0 0 0 
_1.ptx 1485 : 65536 398080 0 0 0 0 0 0 0 
_1.ptx 662 : 65536 526368 0 0 0 0 0 0 0 
_1.ptx 1486 : 65536 723808 0 0 0 0 0 0 0 
_1.ptx 663 : 65536 0 0 0 0 0 0 0 0 
_1.ptx 1487 : 65536 462400 0 0 0 0 0 0 0 
_1.ptx 1488 : 65536 462592 0 0 0 0 0 0 0 
_1.ptx 665 : 65536 737184 0 0 0 0 0 0 0 
_1.ptx 1489 : 65536 526592 0 0 0 0 0 0 0 
_1.ptx 666 : 65536 199328 0 0 0 0 0 0 0 
_1.ptx 1490 : 65536 525664 0 0 0 0 0 0 0 
_1.ptx 667 : 65536 721472 0 0 0 0 0 0 0 
_1.ptx 1491 : 65536 722176 0 0 0 0 0 0 0 
_1.ptx 668 : 65536 463040 0 0 0 0 0 0 0 
_1.ptx 1492 : 65536 409568 0 0 0 4096 2048 0 0 
_1.ptx 669 : 65536 662048 0 0 0 0 0 0 0 
_1.ptx 670 : 65536 723648 0 0 0 0 0 0 0 
_1.ptx 671 : 65536 394560 0 0 0 0 0 0 0 
_1.ptx 1495 : 65536 393664 0 0 0 0 0 0 0 
_1.ptx 672 : 65536 434880 140480 0 0 4096 2048 0 0 
_1.ptx 674 : 65536 904608 128 0 0 0 0 0 0 
_1.ptx 675 : 65536 934848 0 0 0 0 0 0 0 
_1.ptx 676 : 65536 277984 0 0 0 0 0 0 0 
_1.ptx 678 : 65536 229216 0 0 0 0 0 0 0 
_1.ptx 679 : 65536 257920 0 0 0 0 0 0 0 
_1.ptx 680 : 65536 726976 0 0 0 0 0 0 0 
_1.ptx 681 : 65536 1319232 0 0 0 0 0 0 0 
_1.ptx 682 : 65536 494816 0 0 0 0 0 0 0 
_1.ptx 683 : 65536 493632 0 0 0 0 0 0 0 
_1.ptx 684 : 65536 203328 0 0 0 0 0 0 0 
_1.ptx 685 : 65536 729600 0 0 0 0 0 0 0 
_1.ptx 686 : 65536 202720 0 0 0 0 0 0 0 
_1.ptx 687 : 65536 729280 0 0 0 0 0 0 0 
_1.ptx 688 : 65536 466432 0 0 0 0 0 0 0 
_1.ptx 689 : 65536 466912 0 0 0 0 0 0 0 
_1.ptx 690 : 65536 465344 0 0 0 0 0 0 0 
_1.ptx 691 : 65536 402816 0 0 0 0 0 0 0 
_1.ptx 692 : 65536 3062592 0 0 0 0 0 0 0 
_1.ptx 693 : 65536 393536 0 0 0 0 0 0 0 
_1.ptx 694 : 65536 722112 0 0 0 0 0 0 0 
_1.ptx 695 : 65536 723200 0 0 0 0 0 0 0 
_1.ptx 696 : 65536 393472 0 0 0 0 0 0 0 
_1.ptx 697 : 65536 722400 0 0 0 0 0 0 0 
_1.ptx 698 : 65536 721856 0 0 0 0 0 0 0 
_1.ptx 699 : 65536 198432 0 0 0 0 0 0 0 
_1.ptx 700 : 65536 724064 0 0 0 0 0 0 0 
_1.ptx 701 : 65536 197568 0 0 0 0 0 0 0 
_1.ptx 702 : 65536 722976 0 0 0 0 0 0 0 
_1.ptx 703 : 65536 197088 0 0 0 0 0 0 0 
_1.ptx 704 : 65536 724704 0 0 0 0 0 0 0 
_1.ptx 705 : 65536 197440 0 0 0 0 0 0 0 
_1.ptx 706 : 65536 722816 0 0 0 0 0 0 0 
_1.ptx 707 : 65536 197184 0 0 0 0 0 0 0 
_1.ptx 708 : 65536 724256 0 0 0 0 0 0 0 
_1.ptx 709 : 65536 197760 0 0 0 0 0 0 0 
_1.ptx 710 : 65536 724672 0 0 0 0 0 0 0 
_1.ptx 711 : 65536 728032 0 0 0 0 0 0 0 
_1.ptx 712 : 65536 742560 0 0 0 0 0 0 0 
_1.ptx 713 : 65536 728256 0 0 0 0 0 0 0 
_1.ptx 714 : 65536 734240 0 0 0 0 0 0 0 
_1.ptx 715 : 65536 745312 0 0 0 0 0 0 0 
_1.ptx 716 : 65536 756800 0 0 0 0 0 0 0 
_1.ptx 717 : 65536 757440 0 0 0 0 0 0 0 
_1.ptx 718 : 65536 735840 0 0 0 0 0 0 0 
_1.ptx 719 : 65536 734528 0 0 0 0 0 0 0 
_1.ptx 720 : 65536 733824 0 0 0 0 0 0 0 
_1.ptx 721 : 65536 732320 0 0 0 0 0 0 0 
_1.ptx 722 : 65536 728608 0 0 0 0 0 0 0 
_1.ptx 723 : 65536 729536 0 0 0 0 0 0 0 
_1.ptx 724 : 65536 596000 0 0 0 0 0 0 0 
_1.ptx 725 : 65536 592928 0 0 0 0 0 0 0 
_1.ptx 726 : 65536 1365920 0 0 0 0 0 0 0 
_1.ptx 727 : 65536 726496 0 0 0 0 0 0 0 
_1.ptx 728 : 65536 729920 0 0 0 0 0 0 0 
_1.ptx 729 : 65536 729280 0 0 0 0 0 0 0 
_1.ptx 731 : 65536 394880 0 0 0 0 0 0 0 
_1.ptx 733 : 65536 453504 0 0 0 0 0 0 0 
_1.ptx 734 : 65536 466496 0 0 0 0 0 0 0 
_1.ptx 735 : 65536 476704 0 0 0 0 0 0 0 
_1.ptx 736 : 65536 456160 0 0 0 0 0 0 0 
_1.ptx 738 : 127467 931998 0 0 0 0 0 0 0 
_1.ptx 739 : 127467 792477 0 0 0 0 0 0 0 
_1.ptx 740 : 127467 794852 0 0 0 0 0 0 0 
_1.ptx 744 : 509868 2683164 128 0 0 17236 17236 0 0 
_1.ptx 745 : 509868 2688892 0 0 0 17236 17236 0 0 
_1.ptx 746 : 509868 3235112 384 0 0 17236 17236 0 0 
_1.ptx 747 : 509868 2717850 0 0 0 17236 17236 0 0 
_1.ptx 748 : 509868 2677446 0 0 0 17236 17236 0 0 
_1.ptx 749 : 509868 3065091 0 0 0 0 0 0 0 
_1.ptx 750 : 509868 4105132 0 0 0 0 0 0 0 
_1.ptx 751 : 509868 2321757 0 0 0 0 0 0 0 
_1.ptx 753 : 127467 907691 0 0 0 0 0 0 0 
_1.ptx 754 : 127467 767817 0 0 0 0 0 0 0 
_1.ptx 755 : 127467 1035409 0 0 0 0 0 0 0 
_1.ptx 756 : 127467 765855 0 0 0 0 0 0 0 
_1.ptx 761 : 127467 1408810 0 0 0 0 0 0 0 
_1.ptx 762 : 127467 6102090 0 0 0 0 0 0 0 
_1.ptx 763 : 127467 766009 0 0 0 0 0 0 0 
_1.ptx 764 : 127467 765610 0 0 0 0 0 0 0 
_1.ptx 765 : 127467 1020870 0 0 0 0 0 0 0 
_1.ptx 766 : 127467 1150165 0 0 0 0 0 0 0 
_1.ptx 769 : 127467 915381 0 0 0 0 0 0 0 
_1.ptx 770 : 127467 789370 0 0 0 0 0 0 0 
_1.ptx 773 : 382401 4239504 0 0 0 0 0 0 0 
_1.ptx 774 : 382401 1155232 0 0 0 0 0 0 0 
_1.ptx 775 : 382401 4279153 0 0 0 0 0 0 0 
_1.ptx 776 : 382401 4268477 0 0 0 0 0 0 0 
_1.ptx 777 : 382401 4244424 0 0 0 0 0 0 0 
_1.ptx 778 : 382401 4288663 0 0 0 0 0 0 0 
_1.ptx 779 : 382401 4253946 0 0 0 0 0 0 0 
_1.ptx 780 : 382401 4263953 0 0 0 0 0 0 0 
_1.ptx 781 : 382401 3558804 0 0 0 0 0 0 0 
_1.ptx 782 : 382401 3592062 0 0 0 0 0 0 0 
_1.ptx 783 : 382401 3476934 0 0 0 0 0 0 0 
_1.ptx 784 : 382401 3490243 0 0 0 0 0 0 0 
_1.ptx 785 : 382401 3111658 0 0 0 0 0 0 0 
_1.ptx 786 : 382401 2704485 0 0 0 0 0 0 0 
_1.ptx 787 : 382401 2308771 0 0 0 0 0 0 0 
_1.ptx 788 : 382401 3073978 0 0 0 0 0 0 0 
_1.ptx 789 : 382401 2725503 0 0 0 0 0 0 0 
_1.ptx 790 : 382401 3110521 0 0 0 0 0 0 0 
_1.ptx 791 : 382401 2325408 0 0 0 0 0 0 0 
_1.ptx 792 : 382401 3081615 0 0 0 0 0 0 0 
_1.ptx 793 : 382401 1675089 0 0 0 0 0 0 1523 
_1.ptx 794 : 105477 639385 0 0 0 0 0 0 0 
_1.ptx 795 : 105477 635438 0 0 0 0 0 0 0 
_1.ptx 797 : 276924 3076862 0 0 0 0 0 0 0 
_1.ptx 798 : 276924 3055284 0 0 0 0 0 0 0 
_1.ptx 799 : 276924 2225590 0 0 0 0 0 0 0 
_1.ptx 800 : 276924 116296 0 0 0 0 0 0 715 
_1.ptx 801 : 257599 1550246 0 0 0 0 0 0 0 
_1.ptx 802 : 257599 1552530 0 0 0 0 0 0 0 
_1.ptx 805 : 19325 213225 0 0 0 0 0 0 0 
_1.ptx 806 : 19325 317374 0 0 0 0 0 0 0 
_1.ptx 807 : 19325 213908 0 0 0 0 0 0 0 
_1.ptx 808 : 19325 218147 0 0 0 0 0 0 0 
_1.ptx 809 : 19325 175056 0 0 0 0 0 0 0 
_1.ptx 813 : 382401 2735348 0 0 0 0 0 0 0 
_1.ptx 815 : 509868 3103201 0 0 0 0 0 0 0 
_1.ptx 816 : 509868 4094932 0 0 0 0 0 0 0 
_1.ptx 817 : 509868 3623995 0 0 0 0 0 0 0 
_1.ptx 818 : 509868 4111378 0 0 0 0 0 0 0 
_1.ptx 819 : 509868 3632292 0 0 0 0 0 0 0 
_1.ptx 820 : 509868 4121751 0 0 0 0 0 0 0 
_1.ptx 821 : 509868 3074357 0 0 0 0 0 0 0 
_1.ptx 822 : 509868 4119642 0 0 0 0 0 0 0 
