kernel line : count latency dram_traffic smem_bk_conflicts smem_warp gmem_access_generated gmem_warp exposed_latency warp_divergence
_1.ptx 1227 : 1737183 13908226 0 0 0 0 0 0 0 
_1.ptx 1228 : 1737183 0 0 0 0 0 0 0 0 
_1.ptx 1230 : 1737183 10423098 0 0 0 0 0 0 0 
_1.ptx 1231 : 1737183 13907777 0 0 0 0 0 0 0 
_1.ptx 1232 : 1737183 0 0 0 0 0 0 0 0 
_1.ptx 1233 : 1737183 5254955 0 0 0 0 0 0 0 
_1.ptx 1234 : 1737183 19118679 0 0 0 0 0 0 0 
_1.ptx 1235 : 1737183 7073058 0 0 0 117803 117803 0 0 
_1.ptx 1236 : 1737183 13905653 0 0 0 0 0 0 0 
_1.ptx 1237 : 1737183 0 0 0 0 0 0 0 0 
_1.ptx 1239 : 1737183 5255331 0 0 0 0 0 0 0 
_1.ptx 1240 : 1737183 12173921 0 0 0 0 0 0 0 
_1.ptx 1241 : 1737183 17411113 0 0 0 0 0 0 0 
_1.ptx 1242 : 1737183 19117210 0 0 0 0 0 0 0 
_1.ptx 1243 : 1737183 7054636 0 0 0 117803 117803 0 0 
_1.ptx 1244 : 1737183 10423098 0 0 0 0 0 0 0 
_1.ptx 1264 : 1737183 19119451 0 0 0 0 0 0 0 
_1.ptx 1265 : 1737183 5254650 0 0 0 0 0 0 0 
_1.ptx 1266 : 1737183 17425740 0 0 0 0 0 0 0 
_1.ptx 1267 : 1737183 13904176 0 0 0 0 0 0 0 
_1.ptx 1268 : 1737183 12183098 0 0 0 0 0 0 0 
_1.ptx 1269 : 1737183 12170937 0 0 0 0 0 0 0 
_1.ptx 1270 : 1737183 13918933 0 0 0 0 0 0 0 
_1.ptx 1271 : 1737183 12177350 0 0 0 0 0 0 0 
_1.ptx 1272 : 1737183 13907844 0 0 0 0 0 0 0 
_1.ptx 1273 : 1737183 10423098 0 0 0 0 0 0 0 
_1.ptx 1274 : 1737183 13906667 0 0 0 0 0 0 0 
_1.ptx 1275 : 1737183 0 0 0 0 0 0 0 0 
_1.ptx 1277 : 1737183 5249895 0 0 0 0 0 0 0 
_1.ptx 1278 : 1737183 12172508 0 0 0 0 0 0 0 
_1.ptx 1279 : 1737183 17400958 0 0 0 0 0 0 0 
_1.ptx 1280 : 1737183 19124029 0 0 0 0 0 0 0 
_1.ptx 1281 : 1737183 316062555 10851456 0 0 339151 117803 0 0 
_1.ptx 1282 : 1737183 10423098 0 0 0 0 0 0 0 
_1.ptx 1307 : 1737183 12171738 0 0 0 0 0 0 0 
_1.ptx 1309 : 1737183 12185892 0 0 0 0 0 0 0 
_1.ptx 1310 : 1737183 17407075 0 0 0 0 0 0 0 
_1.ptx 1311 : 1737183 19124630 0 0 0 0 0 0 0 
_1.ptx 1312 : 1737183 347463177 4603392 0 0 520928 117803 0 0 
_1.ptx 1313 : 1737183 13903756 0 0 0 0 0 0 0 
_1.ptx 1314 : 1737183 10423098 0 0 0 0 0 0 0 
_1.ptx 1332 : 1737183 17196259 0 0 0 520928 117803 0 0 
_1.ptx 1334 : 1737183 13937773 0 0 0 0 0 0 0 
_1.ptx 1335 : 1737183 0 0 0 0 0 0 0 0 
_1.ptx 1337 : 1737183 12163701 0 0 0 0 0 0 0 
_1.ptx 1339 : 1737183 12178347 0 0 0 0 0 0 0 
_1.ptx 1342 : 2712798 27152593 0 0 0 0 0 0 0 
_1.ptx 1343 : 2712798 21717180 0 0 0 0 0 0 0 
_1.ptx 1344 : 2712798 9854600 0 0 0 0 0 0 93884 
_1.ptx 1345 : 1070376 6422288 0 0 0 0 0 0 0 
_1.ptx 1350 : 1070376 3243672 0 0 0 0 0 0 0 
_1.ptx 1351 : 1070376 11780472 0 0 0 0 0 0 0 
_1.ptx 1352 : 1070376 5410664 4281504 0 0 33450 33450 0 0 
_1.ptx 1353 : 1070376 7497976 0 0 0 0 0 0 0 
_1.ptx 1354 : 1070376 10718576 0 0 0 0 0 0 0 
_1.ptx 1355 : 1070376 3256184 0 0 0 0 0 0 0 
_1.ptx 1356 : 1070376 11777592 0 0 0 0 0 0 0 
_1.ptx 1357 : 1070376 298275200 4281600 0 0 33450 33450 0 0 
_1.ptx 1358 : 1070376 8568544 0 0 0 0 0 0 0 
_1.ptx 1359 : 1070376 0 0 0 0 0 0 0 0 
_1.ptx 1360 : 1070376 8566464 0 0 0 0 0 0 0 
_1.ptx 1361 : 1070376 0 0 0 0 0 0 0 0 
_1.ptx 1363 : 1070376 167401240 0 0 0 66899 33450 0 0 
_1.ptx 1364 : 1070376 7500920 0 0 0 0 0 0 0 
_1.ptx 1365 : 1070376 8569920 0 0 0 0 0 0 0 
_1.ptx 1366 : 1070376 0 0 0 0 0 0 0 0 
_1.ptx 1368 : 1070376 3242200 0 0 0 0 0 0 0 
_1.ptx 1369 : 1070376 11780856 0 0 0 0 0 0 0 
_1.ptx 1370 : 1070376 5405544 4281504 0 0 33450 33450 0 0 
_1.ptx 1372 : 1070376 3271128 0 0 0 0 0 0 0 
_1.ptx 1373 : 1070376 11780696 0 0 0 0 0 0 0 
_1.ptx 1374 : 1070376 5404968 4281504 0 0 33450 33450 0 0 
_1.ptx 1379 : 1070592 6423552 0 0 0 0 0 0 0 
_1.ptx 973 : 1071104 6426624 0 0 0 0 0 0 0 
_1.ptx 974 : 1071104 6426624 0 0 0 0 0 0 0 
_1.ptx 975 : 1071104 11872864 0 0 0 0 0 0 0 
_1.ptx 976 : 1071104 6426624 0 0 0 0 0 0 0 
_1.ptx 977 : 1071104 11782144 0 0 0 0 0 0 0 
_1.ptx 978 : 1071104 3459168 128 0 0 0 0 0 0 
_1.ptx 979 : 1071104 8568832 0 0 0 0 0 0 0 
_1.ptx 980 : 1071104 4368 0 0 0 0 0 0 1 
_1.ptx 982 : 1070376 7492632 0 0 0 0 0 0 0 
_1.ptx 983 : 1070376 10704304 0 0 0 0 0 0 0 
_1.ptx 984 : 1070376 6422256 0 0 0 0 0 0 0 
_1.ptx 985 : 1070376 3211128 0 0 0 0 0 0 0 
_1.ptx 986 : 1070376 11774136 0 0 0 0 0 0 0 
_1.ptx 987 : 1070376 6288208 4281504 0 0 33450 33450 0 0 
_1.ptx 989 : 1070376 3313368 0 0 0 0 0 0 0 
_1.ptx 990 : 1070376 11774136 0 0 0 0 0 0 0 
_1.ptx 991 : 1070376 5366696 4281504 0 0 33450 33450 0 0 
_1.ptx 1400 : 1070592 3244576 0 0 0 0 0 0 0 
_1.ptx 1401 : 1070592 3254272 0 0 0 0 0 0 0 
_1.ptx 1402 : 1070592 8569440 0 0 0 0 0 0 0 
_1.ptx 1403 : 1070592 6423552 0 0 0 0 0 0 0 
_1.ptx 994 : 1071104 6426624 0 0 0 0 0 0 0 
_1.ptx 1404 : 1070592 6423968 0 0 0 0 0 0 0 
_1.ptx 1405 : 1070592 11784448 0 0 0 0 0 0 0 
_1.ptx 1406 : 1070592 6423552 0 0 0 0 0 0 0 
_1.ptx 1407 : 1070592 11812128 0 0 0 0 0 0 0 
_1.ptx 1408 : 1070592 9637984 0 0 0 0 0 0 0 
_1.ptx 1409 : 1070592 8572896 0 0 0 0 0 0 0 
_1.ptx 1410 : 1070592 1296 0 0 0 0 0 0 1 
_1.ptx 1412 : 1070376 7499512 0 0 0 0 0 0 0 
_1.ptx 1414 : 1070376 7495960 0 0 0 0 0 0 0 
_1.ptx 1415 : 1070376 10723632 0 0 0 0 0 0 0 
_1.ptx 1416 : 1070376 3232248 0 0 0 0 0 0 0 
_1.ptx 1417 : 1070376 11786232 0 0 0 0 0 0 0 
_1.ptx 1418 : 1070376 183473064 602880 0 0 33450 33450 0 0 
_1.ptx 1419 : 1070376 8565312 0 0 0 0 0 0 0 
_1.ptx 1420 : 1070376 6422256 0 0 0 0 0 0 0 
_1.ptx 1015 : 1070592 13783648 0 0 0 0 0 0 0 
_1.ptx 1016 : 1070592 21548352 128 0 0 0 0 0 0 
_1.ptx 1017 : 1070592 8571040 0 0 0 0 0 0 0 
_1.ptx 1018 : 1070592 6423552 0 0 0 0 0 0 0 
_1.ptx 1019 : 1070592 6430912 0 0 0 0 0 0 0 
_1.ptx 1020 : 1070592 11811136 0 0 0 0 0 0 0 
_1.ptx 1021 : 1070592 6423552 0 0 0 0 0 0 0 
_1.ptx 1022 : 1070592 11790016 0 0 0 0 0 0 0 
_1.ptx 1023 : 1070592 9648224 0 0 0 0 0 0 0 
_1.ptx 1024 : 1070592 8577504 0 0 0 0 0 0 0 
_1.ptx 1025 : 1070592 1296 0 0 0 0 0 0 1 
_1.ptx 1027 : 1070376 7525304 0 0 0 0 0 0 0 
_1.ptx 1028 : 1070376 10738896 0 0 0 0 0 0 0 
_1.ptx 1438 : 1070376 7498104 0 0 0 0 0 0 0 
_1.ptx 1029 : 1070376 6422288 0 0 0 0 0 0 0 
_1.ptx 1439 : 1070376 6479696 0 0 0 33450 33450 0 0 
_1.ptx 1030 : 1070376 16583928 0 0 0 0 0 0 0 
_1.ptx 1031 : 1070376 11781368 0 0 0 0 0 0 0 
_1.ptx 1441 : 1070376 3379320 0 0 0 0 0 0 0 
_1.ptx 1032 : 1070376 17380712 4281504 0 0 33450 33450 0 0 
_1.ptx 1442 : 1070376 11779608 0 0 0 0 0 0 0 
_1.ptx 1443 : 1070376 302799264 4281600 0 0 33450 33450 0 0 
_1.ptx 1034 : 1070376 6422256 0 0 0 0 0 0 0 
_1.ptx 1035 : 1070376 16309880 0 0 0 0 0 0 0 
_1.ptx 1445 : 1070376 7494904 0 0 0 0 0 0 0 
_1.ptx 1036 : 1070376 11779704 0 0 0 0 0 0 0 
_1.ptx 1037 : 1070376 17151624 4281504 0 0 33450 33450 0 0 
_1.ptx 1447 : 1070376 7494904 0 0 0 0 0 0 0 
_1.ptx 1448 : 1070376 10710672 0 0 0 0 0 0 0 
_1.ptx 1039 : 1070376 10527736 0 0 0 0 0 0 0 
_1.ptx 1449 : 1070376 11779320 0 0 0 0 0 0 0 
_1.ptx 1040 : 1070376 11785112 0 0 0 0 0 0 0 
_1.ptx 1450 : 1070376 263759696 3865600 0 0 310231 33450 0 0 
_1.ptx 1041 : 1070376 18152808 4281504 0 0 33450 33450 0 0 
_1.ptx 1451 : 1070376 8564352 0 0 0 0 0 0 0 
_1.ptx 1452 : 1070376 6422256 0 0 0 0 0 0 0 
_1.ptx 1043 : 1070376 6422256 0 0 0 0 0 0 0 
_1.ptx 1044 : 1070376 16775672 0 0 0 0 0 0 0 
_1.ptx 1045 : 1070376 11792504 0 0 0 0 0 0 0 
_1.ptx 1046 : 1070376 14264688 4281504 0 0 33450 33450 0 0 
_1.ptx 1048 : 1070376 8629112 0 0 0 0 0 0 0 
_1.ptx 1049 : 1070376 11780984 0 0 0 0 0 0 0 
_1.ptx 1050 : 1070376 16434248 4281504 0 0 33450 33450 0 0 
_1.ptx 1052 : 1070376 6422256 0 0 0 0 0 0 0 
_1.ptx 1053 : 1070376 16069208 0 0 0 0 0 0 0 
_1.ptx 1054 : 1070376 11777880 0 0 0 0 0 0 0 
_1.ptx 1055 : 1070376 22107120 520640 0 0 33450 33450 0 0 
_1.ptx 1058 : 1070592 6423552 0 0 0 0 0 0 0 
_1.ptx 1470 : 1070376 16077416 0 0 0 310231 33450 0 0 
_1.ptx 1472 : 1070376 14802888 0 0 0 33450 33450 0 0 
_1.ptx 1473 : 1070376 8565696 0 0 0 0 0 0 0 
_1.ptx 1474 : 1070376 0 0 0 0 0 0 0 0 
_1.ptx 1475 : 1070376 8565856 0 0 0 0 0 0 0 
_1.ptx 1476 : 1070376 0 0 0 0 0 0 0 0 
_1.ptx 1477 : 1070376 4283512 0 0 0 0 0 0 0 
_1.ptx 1478 : 1070376 11780728 0 0 0 0 0 0 0 
_1.ptx 1479 : 1070376 301451584 4281600 0 0 33450 33450 0 0 
_1.ptx 1480 : 1070376 6422256 0 0 0 0 0 0 0 
_1.ptx 1481 : 1070376 8564288 0 0 0 0 0 0 0 
_1.ptx 1482 : 1070376 0 0 0 0 0 0 0 0 
_1.ptx 1483 : 1070376 7492632 0 0 0 0 0 0 0 
_1.ptx 1484 : 1070376 10704944 0 0 0 0 0 0 0 
_1.ptx 1485 : 1070376 3294232 0 0 0 0 0 0 0 
_1.ptx 1486 : 1070376 11775832 0 0 0 0 0 0 0 
_1.ptx 1487 : 1070376 295235128 4281600 0 0 33450 33450 0 0 
_1.ptx 1488 : 1070376 8565632 0 0 0 0 0 0 0 
_1.ptx 1489 : 1070376 0 0 0 0 0 0 0 0 
_1.ptx 1490 : 1070376 8567552 0 0 0 0 0 0 0 
_1.ptx 1491 : 1070376 0 0 0 0 0 0 0 0 
_1.ptx 1492 : 1070376 3220344 0 0 0 0 0 0 0 
_1.ptx 1493 : 1070376 11778200 0 0 0 0 0 0 0 
_1.ptx 1494 : 1070376 294608264 4281600 0 0 33450 33450 0 0 
_1.ptx 1085 : 1070592 3351520 0 0 0 0 0 0 0 
_1.ptx 1495 : 1070376 8567360 0 0 0 0 0 0 0 
_1.ptx 1086 : 1070592 5445504 0 0 0 0 0 0 0 
_1.ptx 1496 : 1070376 0 0 0 0 0 0 0 0 
_1.ptx 1087 : 1070592 8571488 0 0 0 0 0 0 0 
_1.ptx 1088 : 1070592 6423552 0 0 0 0 0 0 0 
_1.ptx 1498 : 1070376 6422256 0 0 0 0 0 0 0 
_1.ptx 1089 : 1070592 6425440 0 0 0 0 0 0 0 
_1.ptx 1499 : 1070376 3226520 0 0 0 0 0 0 0 
_1.ptx 1090 : 1070592 11798752 0 0 0 0 0 0 0 
_1.ptx 1500 : 1070376 11778200 0 0 0 0 0 0 0 
_1.ptx 1091 : 1070592 6423552 0 0 0 0 0 0 0 
_1.ptx 1501 : 1070376 5386536 398880 0 0 33450 33450 0 0 
_1.ptx 1092 : 1070592 11782336 0 0 0 0 0 0 0 
_1.ptx 1093 : 1070592 9640288 0 0 0 0 0 0 0 
_1.ptx 1094 : 1070592 8573856 0 0 0 0 0 0 0 
_1.ptx 1095 : 1070592 1296 0 0 0 0 0 0 1 
_1.ptx 1506 : 1070592 6423552 0 0 0 0 0 0 0 
_1.ptx 1097 : 1070376 7506808 0 0 0 0 0 0 0 
_1.ptx 1099 : 1070376 7509272 0 0 0 0 0 0 0 
_1.ptx 1100 : 1070376 10743472 0 0 0 0 0 0 0 
_1.ptx 1101 : 1070376 3248920 0 0 0 0 0 0 0 
_1.ptx 1102 : 1070376 11780664 0 0 0 0 0 0 0 
_1.ptx 1103 : 1070376 179114824 666496 0 0 33450 33450 0 0 
_1.ptx 1104 : 1070376 8567264 0 0 0 0 0 0 0 
_1.ptx 1105 : 1070376 6422256 0 0 0 0 0 0 0 
_1.ptx 1123 : 1070376 7497784 0 0 0 0 0 0 0 
_1.ptx 1124 : 1070376 5458152 0 0 0 33450 33450 0 0 
_1.ptx 1126 : 1070376 7503160 0 0 0 0 0 0 0 
_1.ptx 1128 : 1070376 3305848 0 0 0 0 0 0 0 
_1.ptx 1129 : 1070376 11782840 0 0 0 0 0 0 0 
_1.ptx 1130 : 1070376 294969392 4281600 0 0 33450 33450 0 0 
_1.ptx 1131 : 1070376 6422256 0 0 0 0 0 0 0 
_1.ptx 1132 : 1070376 8568992 0 0 0 0 0 0 0 
_1.ptx 1133 : 1070376 0 0 0 0 0 0 0 0 
_1.ptx 1134 : 1070376 7505336 0 0 0 0 0 0 0 
_1.ptx 1135 : 1070376 6423248 0 0 0 0 0 0 0 
_1.ptx 1136 : 1070376 6422448 0 0 0 0 0 0 0 
_1.ptx 1137 : 1070376 6422256 0 0 0 0 0 0 0 
_1.ptx 1138 : 1070376 7521880 0 0 0 0 0 0 0 
_1.ptx 1142 : 2712798 11356291 0 0 0 131780 131780 0 0 
_1.ptx 1143 : 2712798 21716474 0 0 0 0 0 0 0 
_1.ptx 1144 : 2712798 0 0 0 0 0 0 0 0 
_1.ptx 1146 : 2712798 16276788 0 0 0 0 0 0 0 
_1.ptx 1147 : 2712798 21718317 0 0 0 0 0 0 0 
_1.ptx 1148 : 2712798 0 0 0 0 0 0 0 0 
_1.ptx 1149 : 2712798 8225156 0 0 0 0 0 0 0 
_1.ptx 1150 : 2712798 29856696 0 0 0 0 0 0 0 
_1.ptx 1151 : 2712798 305688453 4281600 0 0 131780 131780 0 0 
_1.ptx 1152 : 2712798 21717035 0 0 0 0 0 0 0 
_1.ptx 1153 : 2712798 0 0 0 0 0 0 0 0 
_1.ptx 1155 : 2712798 8241641 0 0 0 0 0 0 0 
_1.ptx 1156 : 2712798 19008493 0 0 0 0 0 0 0 
_1.ptx 1157 : 2712798 27204054 0 0 0 0 0 0 0 
_1.ptx 1158 : 2712798 29861776 0 0 0 0 0 0 0 
_1.ptx 1159 : 2712798 303927101 4281600 0 0 131780 131780 0 0 
_1.ptx 1160 : 2712798 16276788 0 0 0 0 0 0 0 
_1.ptx 1180 : 2712798 29856982 0 0 0 0 0 0 0 
_1.ptx 1181 : 2712798 8205865 0 0 0 0 0 0 0 
_1.ptx 1182 : 2712798 27212230 0 0 0 0 0 0 0 
_1.ptx 1183 : 2712798 21710279 0 0 0 0 0 0 0 
_1.ptx 1184 : 2712798 19016379 0 0 0 0 0 0 0 
_1.ptx 1185 : 2712798 19007655 0 0 0 0 0 0 0 
_1.ptx 1186 : 2712798 21719013 0 0 0 0 0 0 0 
_1.ptx 1187 : 2712798 19026212 0 0 0 0 0 0 0 
_1.ptx 1188 : 2712798 21718926 0 0 0 0 0 0 0 
_1.ptx 1189 : 2712798 16276788 0 0 0 0 0 0 0 
_1.ptx 1190 : 2712798 21710867 0 0 0 0 0 0 0 
_1.ptx 1191 : 2712798 0 0 0 0 0 0 0 0 
_1.ptx 1193 : 2712798 8439654 128 0 0 0 0 0 0 
_1.ptx 1194 : 2712798 19001773 0 0 0 0 0 0 0 
_1.ptx 1195 : 2712798 27162617 0 0 0 0 0 0 0 
_1.ptx 1196 : 2712798 29855519 0 0 0 0 0 0 0 
_1.ptx 1197 : 2712798 327713900 10851456 0 0 412114 131780 0 0 
_1.ptx 1198 : 2712798 16276788 0 0 0 0 0 0 0 
_1.ptx 1223 : 2712798 21714947 0 0 0 0 0 0 0 
_1.ptx 1224 : 2712798 5853727 0 0 0 0 0 0 82319 
_1.ptx 1226 : 1737183 7104586 0 0 0 117803 117803 0 0 
