kernel line : count latency dram_traffic smem_bk_conflicts smem_warp gmem_access_generated gmem_warp exposed_latency warp_divergence
_3.ptx 995 : 2356992 20758432 0 0 0 0 0 0 0 
_3.ptx 996 : 2356992 13852722 0 0 0 0 0 0 5115 
_3.ptx 998 : 522753 3843785 0 0 0 0 0 0 0 
_3.ptx 999 : 522753 4516146 0 0 0 0 0 0 0 
_3.ptx 1000 : 522753 4576477 0 0 0 0 0 0 0 
_3.ptx 1001 : 522753 6176906 0 0 0 0 0 0 0 
_3.ptx 1002 : 522753 6005342 0 0 0 0 0 0 0 
_3.ptx 1003 : 522753 4530287 0 0 0 0 0 0 0 
_3.ptx 1004 : 522753 6170561 0 0 0 0 0 0 0 
_3.ptx 1005 : 522753 4402499 0 0 0 0 0 0 0 
_3.ptx 1006 : 522753 6084801 0 0 0 0 0 0 0 
_3.ptx 1007 : 522753 6176196 0 0 0 0 0 0 0 
_3.ptx 1008 : 522753 5363102 0 34782 20460 0 0 0 0 
_3.ptx 1010 : 522753 6092005 0 0 0 0 0 0 0 
_3.ptx 1011 : 522753 5877699 0 0 0 0 0 0 0 
_3.ptx 1012 : 522753 4520889 0 0 0 0 0 0 0 
_3.ptx 1013 : 522753 6199047 0 0 0 0 0 0 0 
_3.ptx 1014 : 522753 4477556 0 0 0 0 0 0 0 
_3.ptx 1015 : 522753 6036794 0 0 0 0 0 0 0 
_3.ptx 1016 : 522753 6200347 0 0 0 0 0 0 0 
_3.ptx 1017 : 522753 5468590 0 34782 20460 0 0 0 0 
_3.ptx 1018 : 522753 3722623 0 34782 20460 0 0 0 0 
_3.ptx 1020 : 522753 5794097 0 34782 20460 0 0 0 0 
_3.ptx 1021 : 522753 6015750 0 0 0 0 0 0 0 
_3.ptx 1022 : 522753 3682531 0 34782 20460 0 0 0 0 
_1.ptx 825 : 523776 3247168 0 0 0 0 0 0 0 
_3.ptx 1025 : 2356992 28679616 0 0 0 0 0 0 0 
_1.ptx 826 : 523776 3276608 0 0 0 0 0 0 0 
_3.ptx 1026 : 2356992 20991136 0 0 0 0 0 0 0 
_1.ptx 827 : 523776 6171392 0 0 0 0 0 0 0 
_3.ptx 1027 : 2356992 15536128 0 0 0 0 0 0 0 
_1.ptx 828 : 523776 3227712 0 0 0 0 0 0 0 
_1.ptx 829 : 523776 5868384 0 0 0 0 0 0 0 
_1.ptx 830 : 523776 3251872 0 0 0 0 0 0 0 
_3.ptx 1030 : 261888 1896000 0 0 0 0 0 0 0 
_1.ptx 831 : 523776 6086112 0 0 0 0 0 0 0 
_1.ptx 832 : 523776 3233408 0 0 0 0 0 0 0 
_3.ptx 1032 : 261888 1016544 0 0 0 0 0 0 0 
_1.ptx 833 : 523776 5819616 0 0 0 0 0 0 0 
_3.ptx 1033 : 261888 3010560 0 16368 8184 0 0 0 0 
_1.ptx 834 : 523776 6312608 128 0 0 0 0 0 0 
_3.ptx 1034 : 261888 2941504 0 0 0 0 0 0 0 
_1.ptx 835 : 523776 4770496 0 0 0 0 0 0 0 
_3.ptx 1035 : 261888 1753280 1047552 0 0 8184 8184 0 0 
_1.ptx 836 : 523776 6158848 0 0 0 0 0 0 0 
_1.ptx 837 : 523776 4276032 0 0 0 0 0 0 0 
_3.ptx 1037 : 261888 2876224 0 16368 8184 0 0 0 0 
_1.ptx 838 : 523776 3226336 0 0 0 0 0 0 0 
_3.ptx 1038 : 261888 2957760 0 0 0 0 0 0 0 
_3.ptx 1039 : 261888 2239520 1047552 0 0 8184 8184 0 0 
_3.ptx 1041 : 261888 1730976 0 0 0 0 0 0 0 
_1.ptx 842 : 523776 6167360 0 0 0 0 0 0 0 
_1.ptx 843 : 523776 6210912 0 0 0 0 0 0 0 
_1.ptx 844 : 523776 3227904 0 0 0 0 0 0 0 
_1.ptx 845 : 523776 5834400 0 0 0 0 0 0 0 
_1.ptx 846 : 523776 3833280 0 0 0 0 0 0 0 
_1.ptx 847 : 523776 6137248 0 0 0 0 0 0 0 
_1.ptx 848 : 523776 5329056 0 0 0 0 0 0 0 
_1.ptx 849 : 523776 6154976 0 0 0 0 0 0 0 
_1.ptx 850 : 523776 4287168 0 0 0 0 0 0 0 
_1.ptx 851 : 523776 4792896 0 0 0 0 0 0 0 
_1.ptx 852 : 523776 4289920 0 0 0 0 0 0 0 
_1.ptx 853 : 523776 0 0 0 0 0 0 0 0 
_1.ptx 854 : 523776 3764480 0 0 0 0 0 0 0 
_1.ptx 855 : 523776 5593408 0 0 0 0 0 0 0 
_1.ptx 856 : 523776 3029472 0 0 0 0 0 0 0 
_1.ptx 857 : 523776 5819584 0 0 0 0 0 0 0 
_1.ptx 858 : 523776 2754208 0 0 0 0 0 0 0 
_1.ptx 859 : 523776 5817792 0 0 0 0 0 0 0 
_1.ptx 860 : 523776 2544864 0 0 0 0 0 0 0 
_1.ptx 861 : 523776 5812800 0 0 0 0 0 0 0 
_1.ptx 865 : 523776 251777504 2095104 0 0 16368 16368 0 0 
_1.ptx 866 : 523776 5307968 0 0 0 0 0 0 0 
_1.ptx 867 : 523776 5416832 0 0 0 16368 16368 0 0 
_1.ptx 869 : 523776 259970048 2095104 0 0 16368 16368 0 0 
_3.ptx 869 : 261888 1790528 0 0 0 0 0 0 0 
_1.ptx 870 : 523776 5304192 0 0 0 0 0 0 0 
_3.ptx 870 : 261888 1069344 0 0 0 0 0 0 0 
_1.ptx 871 : 523776 5496224 0 0 0 16368 16368 0 0 
_3.ptx 871 : 261888 1838240 0 0 0 0 0 0 0 
_3.ptx 872 : 261888 2271904 0 0 0 0 0 0 0 
_1.ptx 873 : 523776 263140384 2095104 0 0 16368 16368 0 0 
_3.ptx 873 : 261888 0 0 0 0 0 0 0 0 
_1.ptx 874 : 523776 5318304 0 0 0 0 0 0 0 
_3.ptx 874 : 261888 1940640 0 0 0 0 0 0 0 
_1.ptx 875 : 523776 4866400 0 0 0 16368 16368 0 0 
_3.ptx 875 : 261888 2132800 0 0 0 0 0 0 0 
_3.ptx 876 : 261888 2300992 0 0 0 0 0 0 0 
_1.ptx 877 : 523776 5814016 0 0 0 0 0 0 0 
_3.ptx 877 : 261888 1911264 0 0 0 0 0 0 0 
_1.ptx 878 : 523776 4269984 0 0 0 0 0 0 0 
_1.ptx 879 : 523776 0 0 0 0 0 0 0 0 
_3.ptx 881 : 261888 1914528 0 0 0 0 0 0 0 
_1.ptx 882 : 523776 3220224 0 0 0 0 0 0 0 
_3.ptx 883 : 261888 1943744 0 0 0 0 0 0 0 
_3.ptx 884 : 261888 3108512 0 0 0 0 0 0 0 
_3.ptx 885 : 261888 1867936 0 0 0 0 0 0 0 
_3.ptx 886 : 261888 2124000 0 0 0 0 0 0 0 
_3.ptx 887 : 261888 3093216 0 0 0 0 0 0 0 
_3.ptx 888 : 261888 2135392 0 0 0 0 0 0 0 
_3.ptx 889 : 261888 3055072 0 0 0 0 0 0 0 
_3.ptx 890 : 261888 2115840 0 0 0 0 0 0 0 
_3.ptx 891 : 261888 3048096 0 0 0 0 0 0 0 
_3.ptx 892 : 261888 3023968 0 0 0 0 0 0 0 
_3.ptx 893 : 261888 1004672 0 0 0 0 0 0 0 
_3.ptx 894 : 261888 3022656 0 0 0 0 0 0 0 
_3.ptx 895 : 261888 95874976 1047552 0 0 8184 8184 0 0 
_3.ptx 896 : 261888 1720608 0 16368 8184 0 0 0 0 
_3.ptx 898 : 261888 3074688 0 0 0 0 0 0 0 
_3.ptx 899 : 261888 3082976 0 0 0 0 0 0 0 
_3.ptx 900 : 261888 2161408 0 0 0 0 0 0 0 
_3.ptx 901 : 261888 2883264 0 0 0 0 0 0 0 
_3.ptx 902 : 261888 2121216 0 0 0 0 0 0 0 
_3.ptx 903 : 261888 3053216 0 0 0 0 0 0 0 
_3.ptx 904 : 261888 2122560 0 0 0 0 0 0 0 
_3.ptx 905 : 261888 3049696 0 0 0 0 0 0 0 
_3.ptx 906 : 261888 3042080 0 0 0 0 0 0 0 
_3.ptx 907 : 261888 3033472 0 0 0 0 0 0 0 
_3.ptx 908 : 261888 89318944 1047552 0 0 8184 8184 0 0 
_3.ptx 909 : 261888 1707744 0 16368 8184 0 0 0 0 
_3.ptx 911 : 261888 1838016 0 0 0 0 0 0 0 
_3.ptx 912 : 261888 2132736 0 0 0 0 0 0 0 
_3.ptx 913 : 261888 1914688 0 0 0 0 0 0 0 
_3.ptx 914 : 261888 2268512 0 0 0 0 0 0 0 
_3.ptx 915 : 261888 0 0 0 0 0 0 0 0 
_3.ptx 916 : 261888 1822304 0 0 0 0 0 0 0 
_3.ptx 919 : 2356992 16776960 0 0 0 0 0 0 0 
_3.ptx 920 : 2356992 20668992 0 0 0 0 0 0 0 
_3.ptx 921 : 2356992 13679201 0 0 0 0 0 0 5115 
_3.ptx 923 : 522753 3965153 0 0 0 0 0 0 0 
_3.ptx 924 : 522753 4650121 0 0 0 0 0 0 0 
_3.ptx 925 : 522753 4862283 0 0 0 0 0 0 0 
_3.ptx 926 : 522753 6237485 0 0 0 0 0 0 0 
_3.ptx 927 : 522753 6233149 0 0 0 0 0 0 0 
_3.ptx 928 : 522753 5961926 0 0 0 0 0 0 0 
_3.ptx 929 : 522753 4457688 0 0 0 0 0 0 0 
_3.ptx 930 : 522753 6189374 0 0 0 0 0 0 0 
_3.ptx 931 : 522753 4392634 0 0 0 0 0 0 0 
_3.ptx 932 : 522753 5980139 0 0 0 0 0 0 0 
_3.ptx 933 : 522753 6152237 0 0 0 0 0 0 0 
_3.ptx 934 : 522753 5075828 0 34782 20460 0 0 0 0 
_3.ptx 935 : 522753 5696040 0 0 0 0 0 0 0 
_3.ptx 936 : 522753 4364668 0 0 0 0 0 0 0 
_3.ptx 937 : 522753 6104627 0 0 0 0 0 0 0 
_3.ptx 938 : 522753 4326804 0 0 0 0 0 0 0 
_3.ptx 939 : 522753 5888210 0 0 0 0 0 0 0 
_3.ptx 940 : 522753 6120084 0 0 0 0 0 0 0 
_3.ptx 941 : 522753 5120622 0 34782 20460 0 0 0 0 
_3.ptx 942 : 522753 6072800 0 0 0 0 0 0 0 
_3.ptx 943 : 522753 3343745 0 34782 20460 0 0 0 0 
_3.ptx 946 : 2356992 27943552 0 0 0 0 0 0 0 
_3.ptx 948 : 2356992 18543680 0 0 0 0 0 0 0 
_3.ptx 949 : 2356992 17583584 0 0 0 0 0 0 0 
_3.ptx 950 : 2356992 20876064 0 0 0 0 0 0 0 
_3.ptx 951 : 2356992 15286528 0 0 0 0 0 0 0 
_3.ptx 952 : 261888 2047520 0 0 0 0 0 0 0 
_3.ptx 957 : 261888 1881824 0 0 0 0 0 0 0 
_3.ptx 958 : 261888 2289504 0 0 0 0 0 0 0 
_3.ptx 959 : 261888 1909627 0 0 0 0 0 0 1023 
_3.ptx 961 : 1023 8253 0 0 0 0 0 0 0 
_3.ptx 962 : 1023 11169 0 0 0 0 0 0 0 
_3.ptx 963 : 1023 8204 0 0 0 0 0 0 0 
_3.ptx 964 : 1023 11845 0 0 0 0 0 0 0 
_3.ptx 965 : 1023 8200 0 0 0 0 0 0 0 
_3.ptx 966 : 1023 11162 0 0 0 0 0 0 0 
_3.ptx 967 : 1023 11833 0 0 0 0 0 0 0 
_3.ptx 968 : 1023 4197 0 0 0 0 0 0 0 
_3.ptx 969 : 1023 9099 0 1023 1023 0 0 0 0 
_3.ptx 970 : 1023 3943 0 0 0 0 0 0 0 
_3.ptx 971 : 1023 6880 0 0 0 0 0 0 0 
_3.ptx 972 : 1023 7105 0 0 0 0 0 0 0 
_3.ptx 973 : 1023 8759 0 0 0 0 0 0 0 
_3.ptx 974 : 1023 9691 0 0 0 0 0 0 0 
_3.ptx 975 : 1023 8077 0 0 0 0 0 0 0 
_3.ptx 976 : 1023 11051 0 0 0 0 0 0 0 
_3.ptx 977 : 1023 11761 0 0 0 0 0 0 0 
_3.ptx 978 : 1023 6308 2240 0 0 1023 1023 0 0 
_3.ptx 980 : 1023 7148 0 0 0 0 0 0 0 
_3.ptx 981 : 1023 5491 0 1023 1023 0 0 0 0 
_3.ptx 984 : 261888 2200512 0 0 0 0 0 0 0 
_3.ptx 985 : 261888 1966304 0 0 0 0 0 0 0 
_3.ptx 986 : 261888 2338688 0 0 0 0 0 0 0 
_3.ptx 987 : 261888 0 0 0 0 0 0 0 0 
_3.ptx 988 : 261888 1957920 0 0 0 0 0 0 0 
_3.ptx 992 : 2356992 19985024 0 0 0 0 0 0 0 
_3.ptx 994 : 2356992 17878976 0 0 0 0 0 0 0 
