kernel line : count latency dram_traffic smem_bk_conflicts smem_warp gmem_access_generated gmem_warp exposed_latency warp_divergence
_1.ptx 8247 : 3529536 21443328 0 0 0 0 0 0 0 
_1.ptx 8248 : 3529536 28491744 0 0 0 0 0 0 0 
_1.ptx 8249 : 3529536 21470208 0 0 0 0 0 0 0 
_1.ptx 10752 : 118528 956992 0 0 0 0 0 0 0 
_1.ptx 10753 : 118528 409280 0 0 0 0 0 0 0 
_1.ptx 10755 : 51712 370944 0 0 0 0 0 0 0 
_1.ptx 10757 : 51712 374592 0 0 0 0 0 0 0 
_1.ptx 10761 : 262144 2916640 0 0 0 0 0 0 0 
_1.ptx 10762 : 262144 2925280 0 0 0 0 0 0 0 
_1.ptx 10763 : 262144 2135648 0 0 0 0 0 0 0 
_1.ptx 10764 : 262144 1504160 0 0 0 0 0 0 0 
_1.ptx 10765 : 16384 99904 0 0 0 0 0 0 0 
_1.ptx 10771 : 16384 98183 0 0 0 0 0 0 256 
_1.ptx 10773 : 256 4744 0 0 0 0 0 0 0 
_1.ptx 10774 : 256 2569 0 0 0 0 0 0 0 
_1.ptx 8305 : 3529536 21463776 0 0 0 0 0 0 0 
_1.ptx 10775 : 256 1820 0 0 0 0 0 0 0 
_1.ptx 8306 : 3529536 28577312 0 0 0 0 0 0 0 
_1.ptx 10776 : 256 2566 0 0 0 0 0 0 0 
_1.ptx 8307 : 3529536 21543168 0 0 0 0 0 0 0 
_1.ptx 10777 : 256 2823 0 0 0 0 0 0 0 
_1.ptx 10778 : 256 9038 6016 0 0 256 256 0 0 
_1.ptx 10780 : 256 1800 0 0 0 0 0 0 0 
_1.ptx 10781 : 256 6917 5984 0 0 256 256 0 0 
_1.ptx 10784 : 16384 99168 0 0 0 0 0 0 0 
_1.ptx 8363 : 3529536 21475168 0 0 0 0 0 0 0 
_1.ptx 8364 : 3529536 28536192 0 0 0 0 0 0 0 
_1.ptx 8365 : 3529536 21588864 0 0 0 0 0 0 0 
_1.ptx 7555 : 16384 99648 0 0 0 0 0 0 0 
_1.ptx 7556 : 16384 100256 0 0 0 0 0 0 0 
_1.ptx 7557 : 16384 241504 0 0 0 0 0 0 0 
_1.ptx 7558 : 16384 99040 0 0 0 0 0 0 0 
_1.ptx 7559 : 16384 180896 0 0 0 0 0 0 0 
_1.ptx 7560 : 16384 2230624 128 0 0 0 0 0 0 
_1.ptx 7561 : 16384 220640 0 0 0 0 0 0 0 
_1.ptx 7562 : 16384 148608 0 0 0 0 0 0 0 
_1.ptx 7563 : 16384 186368 0 0 0 0 0 0 0 
_1.ptx 7564 : 16384 124064 0 0 0 0 0 0 0 
_1.ptx 7565 : 16384 106336 0 0 0 0 0 0 0 
_1.ptx 7566 : 16384 173152 0 0 0 0 0 0 0 
_1.ptx 7567 : 16384 137088 0 0 0 0 0 0 0 
_1.ptx 7568 : 16384 0 0 0 0 0 0 0 0 
_1.ptx 7569 : 16384 165984 0 0 0 0 0 0 0 
_1.ptx 7570 : 16384 183776 0 0 0 0 0 0 0 
_1.ptx 7571 : 16384 118080 0 0 0 0 0 0 0 
_1.ptx 7572 : 16384 151424 0 0 0 0 0 0 0 
_1.ptx 7573 : 16384 181088 0 0 0 0 0 0 0 
_1.ptx 7574 : 16384 167744 0 0 0 0 0 0 0 
_1.ptx 7575 : 16384 121760 0 0 0 0 0 0 0 
_1.ptx 7576 : 16384 233888 0 0 0 0 0 0 0 
_1.ptx 7577 : 16384 117088 0 0 0 0 0 0 0 
_1.ptx 7578 : 16384 280448 0 0 0 0 0 0 0 
_1.ptx 7579 : 16384 183072 0 0 0 0 0 0 0 
_1.ptx 7580 : 16384 102400 0 0 0 0 0 0 0 
_1.ptx 7581 : 16384 134528 0 0 0 0 0 0 0 
_1.ptx 7582 : 16384 171328 0 0 0 0 0 0 0 
_1.ptx 7583 : 16384 119744 0 0 0 0 0 0 0 
_1.ptx 7584 : 16384 209600 0 0 0 0 0 0 0 
_1.ptx 7585 : 16384 121376 0 0 0 0 0 0 0 
_1.ptx 7586 : 16384 213088 0 0 0 0 0 0 0 
_1.ptx 7587 : 16384 105568 0 0 0 0 0 0 0 
_1.ptx 7588 : 16384 88416 0 0 0 0 0 0 0 
_1.ptx 7589 : 16384 100288 0 0 0 0 0 0 0 
_1.ptx 7590 : 16384 100416 0 0 0 0 0 0 0 
_1.ptx 7591 : 16384 105280 0 0 0 0 0 0 0 
_1.ptx 7595 : 262144 2906784 0 0 0 0 0 0 0 
_1.ptx 7596 : 262144 82728096 325248 0 0 8192 8192 0 0 
_1.ptx 8421 : 3529536 21486784 0 0 0 0 0 0 0 
_1.ptx 7598 : 262144 1871872 0 0 0 0 0 0 0 
_1.ptx 8422 : 3529536 28680640 0 0 0 0 0 0 0 
_1.ptx 7599 : 262144 2769248 0 0 0 0 0 0 0 
_1.ptx 8423 : 3529536 21579936 0 0 0 0 0 0 0 
_1.ptx 7600 : 262144 2904256 0 0 0 0 0 0 0 
_1.ptx 7601 : 262144 81391168 329600 0 0 8192 8192 0 0 
_1.ptx 7603 : 262144 2119392 0 0 0 0 0 0 0 
_1.ptx 7604 : 262144 877920 0 0 0 0 0 0 0 
_1.ptx 7605 : 118528 964608 0 0 0 0 0 0 0 
_1.ptx 7606 : 118528 980672 0 0 0 0 0 0 0 
_1.ptx 7607 : 118528 774240 0 0 0 0 0 0 0 
_1.ptx 7608 : 118528 962912 0 0 0 0 0 0 0 
_1.ptx 7609 : 118528 3124640 0 0 0 0 0 0 0 
_1.ptx 7610 : 118528 850368 0 0 0 0 0 0 0 
_1.ptx 7611 : 118528 733664 0 0 0 0 0 0 0 
_1.ptx 7612 : 118528 971232 0 0 0 0 0 0 0 
_1.ptx 7613 : 118528 0 0 0 0 0 0 0 0 
_1.ptx 7615 : 118528 0 0 0 0 0 0 0 0 
_1.ptx 7616 : 118528 740928 0 0 0 0 0 0 0 
_1.ptx 7617 : 118528 752640 0 0 0 0 0 0 0 
_1.ptx 7618 : 118528 1361088 0 0 0 0 0 0 0 
_1.ptx 7619 : 118528 882816 0 0 0 0 0 0 0 
_1.ptx 7620 : 118528 765536 0 0 0 0 0 0 0 
_1.ptx 7621 : 118528 1338624 0 0 0 0 0 0 0 
_1.ptx 7622 : 118528 865824 0 0 0 0 0 0 0 
_1.ptx 7623 : 118528 862240 0 0 0 0 0 0 0 
_1.ptx 7624 : 118528 1326976 0 0 0 0 0 0 0 
_1.ptx 7628 : 7585792 46769152 0 0 0 0 0 0 0 
_1.ptx 7629 : 7585792 136519968 4780896 0 0 237056 237056 0 0 
_1.ptx 7630 : 7585792 84291232 0 0 0 0 0 0 0 
_1.ptx 7631 : 7585792 84542880 0 0 0 0 0 0 0 
_1.ptx 7632 : 7585792 62094944 0 0 0 0 0 0 0 
_1.ptx 7633 : 7585792 46155424 0 0 0 0 0 0 0 
_1.ptx 7635 : 118528 0 0 0 0 0 0 0 0 
_1.ptx 7636 : 118528 736256 0 0 0 0 0 0 0 
_1.ptx 7637 : 118528 727136 0 0 0 0 0 0 0 
_1.ptx 7638 : 118528 1316576 0 0 0 0 0 0 0 
_1.ptx 7639 : 118528 866112 0 0 0 0 0 0 0 
_1.ptx 7640 : 118528 769120 0 0 0 0 0 0 0 
_1.ptx 7641 : 118528 1318944 0 0 0 0 0 0 0 
_1.ptx 7642 : 118528 846976 0 0 0 0 0 0 0 
_1.ptx 7643 : 118528 852896 0 0 0 0 0 0 0 
_1.ptx 7644 : 118528 1198688 0 0 0 0 0 0 0 
_1.ptx 7645 : 118528 1212736 0 0 0 0 0 0 0 
_1.ptx 7646 : 118528 1316704 0 0 0 0 0 0 0 
_1.ptx 7650 : 253724 1556944 0 0 0 0 0 0 0 
_1.ptx 7651 : 253724 6133110 1086976 0 0 16908 9260 0 0 
_1.ptx 7652 : 253724 2818370 0 0 0 0 0 0 0 
_1.ptx 7653 : 253724 2821934 0 0 0 0 0 0 0 
_1.ptx 7654 : 253724 2063338 0 0 0 0 0 0 0 
_1.ptx 7655 : 253724 832463 0 0 0 0 0 0 1852 
_1.ptx 8479 : 3529536 21467424 0 0 0 0 0 0 0 
_1.ptx 8480 : 3529536 28565920 0 0 0 0 0 0 0 
_1.ptx 7657 : 118528 715074 0 0 0 0 0 0 1852 
_1.ptx 8481 : 3529536 21598144 0 0 0 0 0 0 0 
_1.ptx 7659 : 1852 11312 0 0 0 0 0 0 0 
_1.ptx 7660 : 1852 20459 0 0 0 0 0 0 0 
_1.ptx 7661 : 1852 46713 3968 0 0 1852 1852 0 0 
_1.ptx 7664 : 118528 723136 0 0 0 0 0 0 0 
_1.ptx 7666 : 118528 847328 0 0 0 0 0 0 0 
_1.ptx 7668 : 118528 964928 0 0 0 0 0 0 0 
_1.ptx 7669 : 118528 141811 0 0 0 0 0 0 1002 
_1.ptx 7671 : 95531 1068647 0 0 0 0 0 0 0 
_1.ptx 7672 : 95531 1973089 0 0 0 0 0 0 0 
_1.ptx 7673 : 95531 1057144 0 0 0 0 0 0 0 
_1.ptx 7674 : 95531 684797 0 0 0 0 0 0 0 
_1.ptx 7675 : 95531 982967 0 0 0 0 0 0 0 
_1.ptx 7676 : 95531 1058337 0 0 0 0 0 0 0 
_1.ptx 7677 : 95531 35457211 611200 0 0 6350 3463 0 0 
_1.ptx 7679 : 95531 582670 0 0 0 0 0 0 0 
_1.ptx 7680 : 95531 583213 0 0 0 0 0 0 0 
_1.ptx 7681 : 95531 1069208 0 0 0 0 0 0 0 
_1.ptx 7682 : 95531 585346 0 0 0 0 0 0 0 
_1.ptx 7683 : 95531 1067706 0 0 0 0 0 0 0 
_1.ptx 7684 : 95531 1058981 0 0 0 0 0 0 0 
_1.ptx 7685 : 95531 773779 0 0 0 0 0 0 0 
_1.ptx 7686 : 95531 449321 0 0 0 0 0 0 764 
_1.ptx 7688 : 22056 243549 0 0 0 0 0 0 0 
_1.ptx 7689 : 22056 157385 0 0 0 0 0 0 0 
_1.ptx 7690 : 22056 223164 0 0 0 0 0 0 0 
_1.ptx 7691 : 22056 243968 0 0 0 0 0 0 0 
_1.ptx 7692 : 22056 7126088 88576 0 0 1794 1145 0 0 
_1.ptx 7694 : 22056 222663 0 0 0 0 0 0 0 
_1.ptx 7695 : 22056 244192 0 0 0 0 0 0 0 
_1.ptx 7696 : 22056 178112 0 0 0 0 0 0 0 
_1.ptx 7697 : 22056 133462 0 0 0 0 0 0 22 
_1.ptx 7699 : 103 1134 0 0 0 0 0 0 0 
_1.ptx 7700 : 103 1133 0 0 0 0 0 0 0 
_1.ptx 7701 : 103 728 0 0 0 0 0 0 0 
_1.ptx 7702 : 103 1030 0 0 0 0 0 0 0 
_1.ptx 7703 : 103 1140 0 0 0 0 0 0 0 
_1.ptx 7704 : 103 13920 256 0 0 24 22 0 0 
_1.ptx 7706 : 103 1031 0 0 0 0 0 0 0 
_1.ptx 7707 : 103 1133 0 0 0 0 0 0 0 
_1.ptx 7708 : 103 824 0 0 0 0 0 0 0 
_1.ptx 7709 : 103 619 0 0 0 0 0 0 0 
_1.ptx 8537 : 3529536 21464320 0 0 0 0 0 0 0 
_1.ptx 8538 : 3529536 28622144 0 0 0 0 0 0 0 
_1.ptx 8539 : 3529536 21623808 0 0 0 0 0 0 0 
_1.ptx 8595 : 3529536 21460512 0 0 0 0 0 0 0 
_1.ptx 8596 : 3529536 28552320 0 0 0 0 0 0 0 
_1.ptx 8597 : 3529536 21638496 0 0 0 0 0 0 0 
_1.ptx 7815 : 22997 140657 0 0 0 0 0 0 0 
_1.ptx 7816 : 22997 142687 0 0 0 0 0 0 0 
_1.ptx 7817 : 22997 140784 0 0 0 0 0 0 0 
_1.ptx 7818 : 22997 141600 0 0 0 0 0 0 0 
_1.ptx 7819 : 22997 141331 0 0 0 0 0 0 0 
_1.ptx 7820 : 22997 142983 0 0 0 0 0 0 0 
_1.ptx 7821 : 22997 141386 0 0 0 0 0 0 0 
_1.ptx 7822 : 22997 142493 0 0 0 0 0 0 0 
_1.ptx 7823 : 22997 141547 0 0 0 0 0 0 0 
_1.ptx 7824 : 22997 143405 0 0 0 0 0 0 0 
_1.ptx 7825 : 22997 141463 0 0 0 0 0 0 0 
_1.ptx 7826 : 22997 142281 0 0 0 0 0 0 0 
_1.ptx 7827 : 22997 141029 0 0 0 0 0 0 0 
_1.ptx 7829 : 73475 451861 0 0 0 0 0 0 0 
_1.ptx 8653 : 3529536 21470720 0 0 0 0 0 0 0 
_1.ptx 7830 : 73475 456906 0 0 0 0 0 0 0 
_1.ptx 7831 : 73475 450793 0 0 0 0 0 0 0 
_1.ptx 7832 : 73475 455289 0 0 0 0 0 0 0 
_1.ptx 7833 : 73475 450369 0 0 0 0 0 0 0 
_1.ptx 7834 : 73475 453764 0 0 0 0 0 0 0 
_1.ptx 7835 : 73475 450245 0 0 0 0 0 0 0 
_1.ptx 7836 : 73475 454047 0 0 0 0 0 0 0 
_1.ptx 7837 : 73475 449607 0 0 0 0 0 0 0 
_1.ptx 7838 : 73475 454282 0 0 0 0 0 0 0 
_1.ptx 7839 : 73475 449316 0 0 0 0 0 0 0 
_1.ptx 7840 : 73475 453243 0 0 0 0 0 0 0 
_1.ptx 7842 : 21953 133473 0 0 0 0 0 0 0 
_1.ptx 7843 : 21953 134239 0 0 0 0 0 0 0 
_1.ptx 7844 : 21953 133065 0 0 0 0 0 0 0 
_1.ptx 7845 : 21953 134107 0 0 0 0 0 0 0 
_1.ptx 7846 : 21953 133781 0 0 0 0 0 0 0 
_1.ptx 7847 : 21953 135020 0 0 0 0 0 0 0 
_1.ptx 7848 : 21953 133410 0 0 0 0 0 0 0 
_1.ptx 7849 : 21953 134364 0 0 0 0 0 0 0 
_1.ptx 7850 : 21953 133199 0 0 0 0 0 0 0 
_1.ptx 7851 : 21953 133800 0 0 0 0 0 0 0 
_1.ptx 7852 : 21953 133616 0 0 0 0 0 0 0 
_1.ptx 7854 : 103 629 0 0 0 0 0 0 0 
_1.ptx 7855 : 103 624 0 0 0 0 0 0 0 
_1.ptx 7856 : 103 618 0 0 0 0 0 0 0 
_1.ptx 7857 : 103 618 0 0 0 0 0 0 0 
_1.ptx 7858 : 103 618 0 0 0 0 0 0 0 
_1.ptx 7859 : 103 630 0 0 0 0 0 0 0 
_1.ptx 7860 : 103 618 0 0 0 0 0 0 0 
_1.ptx 7861 : 103 631 0 0 0 0 0 0 0 
_1.ptx 7862 : 103 625 0 0 0 0 0 0 0 
_1.ptx 7863 : 103 635 0 0 0 0 0 0 0 
_1.ptx 3793 : 16384 98912 0 0 0 0 0 0 0 
_1.ptx 3794 : 16384 99264 0 0 0 0 0 0 0 
_1.ptx 3795 : 16384 245056 0 0 0 0 0 0 0 
_1.ptx 3796 : 16384 2360480 128 0 0 0 0 0 0 
_1.ptx 3797 : 16384 180640 0 0 0 0 0 0 0 
_1.ptx 8736 : 3529536 25044512 0 0 0 0 0 0 0 
_1.ptx 3798 : 16384 164224 0 0 0 0 0 0 0 
_1.ptx 3799 : 16384 2879744 0 0 0 0 0 0 0 
_1.ptx 8738 : 3529536 82057920 0 110298 110298 0 0 0 0 
_1.ptx 3800 : 16384 115936 0 0 0 0 0 0 0 
_1.ptx 3801 : 16384 98816 0 0 0 0 0 0 0 
_1.ptx 8740 : 3529536 45308160 0 110298 110298 0 0 0 0 
_1.ptx 7917 : 118528 725152 0 0 0 0 0 0 0 
_1.ptx 3802 : 16384 182272 0 0 0 0 0 0 0 
_1.ptx 3803 : 16384 98528 0 0 0 0 0 0 0 
_1.ptx 8742 : 3529536 21456000 0 0 0 0 0 0 0 
_1.ptx 7919 : 118528 0 0 0 0 0 0 0 0 
_1.ptx 3804 : 16384 181376 0 0 0 0 0 0 0 
_1.ptx 8743 : 3529536 21364690 0 0 0 0 0 0 55149 
_1.ptx 7920 : 118528 728800 0 0 0 0 0 0 0 
_1.ptx 3805 : 16384 167296 0 0 0 0 0 0 0 
_1.ptx 8744 : 55149 343073 0 0 0 0 0 0 0 
_1.ptx 7921 : 118528 735456 0 0 0 0 0 0 0 
_1.ptx 3806 : 16384 232800 0 0 0 0 0 0 0 
_1.ptx 8745 : 55149 447285 0 0 0 0 0 0 0 
_1.ptx 7922 : 118528 1361504 0 0 0 0 0 0 0 
_1.ptx 3807 : 16384 132512 0 0 0 0 0 0 0 
_1.ptx 8746 : 55149 0 0 0 0 0 0 0 0 
_1.ptx 7923 : 118528 842176 0 0 0 0 0 0 0 
_1.ptx 3808 : 16384 103040 0 0 0 0 0 0 0 
_1.ptx 8747 : 55149 559468 0 0 0 0 0 0 0 
_1.ptx 7924 : 118528 3923456 0 0 0 0 0 0 0 
_1.ptx 8748 : 55149 336839 0 0 0 0 0 0 0 
_1.ptx 7925 : 118528 1348320 0 0 0 0 0 0 0 
_1.ptx 8749 : 55149 337329 0 0 0 0 0 0 0 
_1.ptx 7926 : 118528 750016 0 0 0 0 0 0 0 
_1.ptx 8750 : 55149 393309 0 0 0 0 0 0 0 
_1.ptx 7927 : 118528 1384224 0 0 0 0 0 0 0 
_1.ptx 7928 : 118528 1398624 0 0 0 0 0 0 0 
_1.ptx 7929 : 118528 1246816 0 0 0 0 0 0 0 
_1.ptx 7930 : 118528 1320160 0 0 0 0 0 0 0 
_1.ptx 3815 : 16384 101120 0 0 0 0 0 0 0 
_1.ptx 8754 : 3474387 38393239 0 0 0 0 0 0 0 
_1.ptx 7931 : 118528 1331712 0 0 0 0 0 0 0 
_1.ptx 3816 : 16384 132576 0 0 0 0 0 0 0 
_1.ptx 8755 : 3474387 77938831 0 3474387 3474387 0 0 0 0 
_1.ptx 7932 : 118528 1324768 0 0 0 0 0 0 0 
_1.ptx 3817 : 16384 74624 0 0 0 0 0 0 256 
_1.ptx 8756 : 3474387 27998056 0 0 0 0 0 0 0 
_1.ptx 7933 : 118528 974304 0 0 0 0 0 0 0 
_1.ptx 3818 : 4096 45712 0 0 0 0 0 0 0 
_1.ptx 8757 : 3474387 1028468 0 0 0 0 0 0 0 
_1.ptx 7934 : 118528 748448 0 0 0 0 0 0 0 
_1.ptx 3819 : 4096 105872 0 0 0 0 0 0 0 
_1.ptx 8758 : 3306066 26636710 0 0 0 0 0 0 0 
_1.ptx 7935 : 118528 761280 0 0 0 0 0 0 0 
_1.ptx 3820 : 4096 108784 0 0 0 0 0 0 0 
_1.ptx 8759 : 3306066 18703188 0 0 0 0 0 0 0 
_1.ptx 7936 : 118528 742560 0 0 0 0 0 0 0 
_1.ptx 3821 : 4096 52720 0 0 0 0 0 0 0 
_1.ptx 8760 : 241381 2672530 0 0 0 0 0 0 0 
_1.ptx 7937 : 118528 752000 0 0 0 0 0 0 0 
_1.ptx 3822 : 4096 28816 0 0 0 0 0 0 0 
_1.ptx 8761 : 241381 4756306 0 241381 241381 0 0 0 0 
_1.ptx 7938 : 118528 740128 0 0 0 0 0 0 0 
_1.ptx 3823 : 4096 48432 0 0 0 0 0 0 0 
_1.ptx 8762 : 241381 3945167 0 241381 241381 0 0 0 0 
_1.ptx 7939 : 118528 750976 0 0 0 0 0 0 0 
_1.ptx 3824 : 4096 45328 0 0 0 0 0 0 0 
_1.ptx 8763 : 241381 1951142 0 0 0 0 0 0 0 
_1.ptx 7940 : 118528 740672 0 0 0 0 0 0 0 
_1.ptx 3825 : 4096 24848 0 0 0 0 0 0 0 
_1.ptx 8764 : 241381 1474572 0 0 0 0 0 0 0 
_1.ptx 7941 : 118528 750784 0 0 0 0 0 0 0 
_1.ptx 3826 : 4096 35680 0 0 0 0 0 0 0 
_1.ptx 7942 : 118528 739680 0 0 0 0 0 0 0 
_1.ptx 3827 : 4096 29184 0 0 0 0 0 0 0 
_1.ptx 7943 : 118528 748032 0 0 0 0 0 0 0 
_1.ptx 3828 : 4096 26304 0 0 0 0 0 0 0 
_1.ptx 8767 : 168321 1863220 0 0 0 0 0 0 0 
_1.ptx 7944 : 118528 736416 0 0 0 0 0 0 0 
_1.ptx 3829 : 4096 24784 0 0 0 0 0 0 0 
_1.ptx 8768 : 168321 3200622 0 168321 168321 0 0 0 0 
_1.ptx 7945 : 118528 746720 0 0 0 0 0 0 0 
_1.ptx 3830 : 4096 46144 0 0 0 0 0 0 0 
_1.ptx 7946 : 118528 734176 0 0 0 0 0 0 0 
_1.ptx 3831 : 4096 88592 0 0 0 0 0 0 0 
_1.ptx 7947 : 118528 742432 0 0 0 0 0 0 0 
_1.ptx 3832 : 4096 28768 0 0 0 0 0 0 0 
_1.ptx 8771 : 168321 1201659 0 0 0 0 0 0 0 
_1.ptx 3833 : 4096 41536 0 0 0 0 0 0 0 
_1.ptx 3834 : 4096 45216 0 0 0 0 0 0 0 
_1.ptx 8773 : 168321 1320879 0 168321 168321 0 0 0 0 
_1.ptx 7950 : 3529536 25641120 0 0 0 0 0 0 0 
_1.ptx 3835 : 4096 24688 0 0 0 0 0 0 0 
_1.ptx 7951 : 3529536 22597792 0 0 0 0 0 0 0 
_1.ptx 3836 : 4096 24704 0 0 0 0 0 0 0 
_1.ptx 7952 : 3529536 28766624 0 0 0 0 0 0 0 
_1.ptx 8776 : 3474387 35125159 0 0 0 0 0 0 0 
_1.ptx 7953 : 3529536 6915529 0 0 0 0 0 0 98795 
_1.ptx 8777 : 3474387 34969701 0 0 0 0 0 0 0 
_1.ptx 3839 : 4096 0 0 0 0 0 0 0 0 
_1.ptx 8778 : 3474387 28071967 0 0 0 0 0 0 0 
_1.ptx 7955 : 2404788 17178791 0 0 0 0 0 0 0 
_1.ptx 3840 : 4096 28976 0 0 0 0 0 0 0 
_1.ptx 8779 : 3474387 20863593 0 0 0 0 0 0 0 
_1.ptx 7956 : 2404788 26733525 0 0 0 0 0 0 0 
_1.ptx 3841 : 4096 53200 0 0 0 0 0 0 0 
_1.ptx 7957 : 2404788 807095486 14142592 0 0 735774 107137 0 0 
_1.ptx 3842 : 4096 53328 0 0 0 0 0 0 0 
_1.ptx 8781 : 55149 444449 0 0 0 0 0 0 0 
_1.ptx 7958 : 2404788 14653252 0 0 0 0 0 0 0 
_1.ptx 3843 : 4096 45136 0 0 0 0 0 0 0 
_1.ptx 8782 : 55149 324910 0 0 0 0 0 0 0 
_1.ptx 7959 : 2404788 19460094 0 0 0 0 0 0 0 
_1.ptx 3844 : 4096 29584 0 0 0 0 0 0 0 
_1.ptx 7960 : 2404788 266536 0 0 0 0 0 0 43682 
_1.ptx 3845 : 4096 45504 0 0 0 0 0 0 0 
_1.ptx 8784 : 1852 11209 0 0 0 0 0 0 0 
_1.ptx 7961 : 2361052 72902155 0 0 0 0 0 0 0 
_1.ptx 3846 : 4096 32480 0 0 0 0 0 0 0 
_1.ptx 8785 : 1852 30728 0 1852 1852 0 0 0 0 
_1.ptx 7962 : 2361052 26199050 0 0 0 0 0 0 0 
_1.ptx 3847 : 4096 42576 0 0 0 0 0 0 0 
_1.ptx 7963 : 2361052 491399578 534016 0 0 729311 107083 0 0 
_1.ptx 3848 : 4096 45680 0 0 0 0 0 0 0 
_1.ptx 7964 : 2361052 14366270 0 0 0 0 0 0 0 
_1.ptx 3849 : 4096 24864 0 0 0 0 0 0 0 
_1.ptx 7965 : 2361052 19102237 0 0 0 0 0 0 0 
_1.ptx 3850 : 4096 28784 0 0 0 0 0 0 0 
_1.ptx 8789 : 3529536 21501440 0 0 0 0 0 0 0 
_1.ptx 7966 : 2361052 14395960 0 0 0 0 0 0 0 
_1.ptx 8791 : 3529536 74813504 0 110298 110298 0 0 0 0 
_1.ptx 7968 : 43736 266355 0 0 0 0 0 0 0 
_1.ptx 8792 : 3529536 21462944 0 0 0 0 0 0 0 
_1.ptx 7969 : 43736 267738 0 0 0 0 0 0 0 
_1.ptx 3854 : 561152 5617600 0 0 0 0 0 0 0 
_1.ptx 8793 : 3529536 28810816 0 0 0 0 0 0 0 
_1.ptx 7970 : 43736 266129 0 0 0 0 0 0 0 
_1.ptx 3855 : 561152 342313904 2713984 0 0 561152 35072 0 0 
_1.ptx 8794 : 3529536 725792 0 0 0 0 0 0 0 
_1.ptx 3856 : 561152 3369856 0 0 0 0 0 0 0 
_1.ptx 8795 : 3411008 21056565 0 0 0 0 0 0 53297 
_1.ptx 7972 : 2361052 112579854 0 0 0 0 0 0 0 
_1.ptx 3857 : 561152 4490048 0 0 0 0 0 0 0 
_1.ptx 7973 : 2361052 14336493 0 0 0 0 0 0 0 
_1.ptx 3858 : 561152 5054512 0 0 0 0 0 0 0 
_1.ptx 8797 : 53297 326328 0 0 0 0 0 0 0 
_1.ptx 7974 : 2361052 19150091 0 0 0 0 0 0 0 
_1.ptx 3859 : 561152 5617232 0 0 0 0 0 0 0 
_1.ptx 8798 : 53297 380113 0 0 0 0 0 0 0 
_1.ptx 7975 : 2361052 14462666 0 0 0 0 0 0 0 
_1.ptx 3860 : 561152 5618864 0 0 0 0 0 0 0 
_1.ptx 8799 : 53297 589691 0 0 0 0 0 0 0 
_1.ptx 3861 : 561152 4493200 0 0 0 0 0 0 0 
_1.ptx 8800 : 53297 915983 502720 0 0 53297 53297 0 0 
_1.ptx 3862 : 561152 3345616 0 0 0 0 0 0 0 
_1.ptx 3863 : 4096 24640 0 0 0 0 0 0 0 
_1.ptx 8803 : 3411008 24486880 0 0 0 0 0 0 0 
_1.ptx 8805 : 3411008 34839840 0 0 0 0 0 0 0 
_1.ptx 8806 : 3411008 21853600 0 0 0 0 0 0 0 
_1.ptx 3868 : 4096 28816 0 0 0 0 0 0 0 
_1.ptx 3869 : 4096 42528 0 0 0 0 0 0 0 
_1.ptx 3870 : 4096 45056 0 0 0 0 0 0 0 
_1.ptx 8809 : 118528 729024 0 0 0 0 0 0 0 
_1.ptx 3871 : 4096 204496 8512 0 0 256 256 0 0 
_1.ptx 3872 : 4096 45408 0 0 0 0 0 0 0 
_1.ptx 3873 : 4096 45104 0 0 0 0 0 0 0 
_1.ptx 8812 : 3529536 21905888 0 0 0 0 0 0 0 
_1.ptx 3874 : 4096 45072 0 0 0 0 0 0 0 
_1.ptx 3875 : 4096 32832 0 0 0 0 0 0 0 
_1.ptx 8814 : 3529536 28567072 0 0 0 0 0 0 0 
_1.ptx 3876 : 4096 0 0 0 0 0 0 0 0 
_1.ptx 8815 : 3529536 0 0 0 0 0 0 0 0 
_1.ptx 8816 : 3529536 22031872 0 0 0 0 0 0 0 
_1.ptx 7993 : 2361052 78119777 0 0 0 0 0 0 0 
_1.ptx 8817 : 3529536 28591680 0 0 0 0 0 0 0 
_1.ptx 7994 : 2361052 26913421 0 0 0 0 0 0 0 
_1.ptx 3879 : 16384 98528 0 0 0 0 0 0 0 
_1.ptx 8818 : 3529536 21034048 0 0 0 0 0 0 0 
_1.ptx 7995 : 2361052 26201689 0 0 0 0 0 0 0 
_1.ptx 8819 : 118528 738656 0 0 0 0 0 0 0 
_1.ptx 7996 : 2361052 17000178 0 0 0 0 0 0 0 
_1.ptx 7997 : 2361052 24153463 0 0 0 0 0 0 0 
_1.ptx 7998 : 2361052 26217813 0 0 0 0 0 0 0 
_1.ptx 7999 : 2361052 1857541313 254721664 0 0 2361052 107083 0 0 
_1.ptx 8824 : 118528 855840 0 0 0 0 0 0 0 
_1.ptx 8001 : 2361052 19001336 0 0 0 0 0 0 0 
_1.ptx 8825 : 118528 751872 0 0 0 0 0 0 0 
_1.ptx 8002 : 2361052 21384744 0 0 0 0 0 0 0 
_1.ptx 8003 : 2361052 19007747 0 0 0 0 0 0 0 
_1.ptx 8004 : 2361052 5992824 0 0 0 0 0 0 89585 
_1.ptx 8005 : 1371911 9715737 0 0 0 0 0 0 0 
_1.ptx 8006 : 1371911 9736839 0 0 0 0 0 0 0 
_1.ptx 8007 : 1371911 8366746 0 0 0 0 0 0 0 
_1.ptx 8009 : 989141 5984695 0 0 0 0 0 0 0 
_1.ptx 8010 : 989141 6004218 0 0 0 0 0 0 0 
_1.ptx 8012 : 1124748 6891105 0 0 0 0 0 0 0 
_1.ptx 8015 : 3529536 21378464 0 0 0 0 0 0 0 
_1.ptx 8016 : 3529536 28447232 0 0 0 0 0 0 0 
_1.ptx 8017 : 3529536 16189800 0 0 0 0 0 0 50512 
_1.ptx 8019 : 859330 6058291 0 0 0 0 0 0 0 
_1.ptx 8020 : 859330 9485935 0 0 0 0 0 0 0 
_1.ptx 8021 : 859330 347279220 5975168 0 0 307763 52709 0 0 
_1.ptx 8022 : 859330 5194941 0 0 0 0 0 0 0 
_1.ptx 8023 : 859330 6928451 0 0 0 0 0 0 0 
_1.ptx 8024 : 859330 57962 0 0 0 0 0 0 9498 
_1.ptx 8025 : 849797 35377588 0 0 0 0 0 0 0 
_1.ptx 8026 : 849797 9418576 0 0 0 0 0 0 0 
_1.ptx 8027 : 849797 198054173 294912 0 0 306404 52674 0 0 
_1.ptx 8028 : 849797 5161152 0 0 0 0 0 0 0 
_1.ptx 8029 : 849797 6866118 0 0 0 0 0 0 0 
_1.ptx 8030 : 849797 5178905 0 0 0 0 0 0 0 
_1.ptx 8032 : 9533 57851 0 0 0 0 0 0 0 
_1.ptx 8033 : 9533 58140 0 0 0 0 0 0 0 
_1.ptx 8035 : 849797 23194962 0 0 0 0 0 0 0 
_1.ptx 8036 : 849797 5149655 0 0 0 0 0 0 0 
_1.ptx 8037 : 849797 6874223 0 0 0 0 0 0 0 
_1.ptx 8038 : 849797 5192726 0 0 0 0 0 0 0 
_1.ptx 8056 : 849797 16788655 0 0 0 0 0 0 0 
_1.ptx 8057 : 849797 9596088 0 0 0 0 0 0 0 
_1.ptx 8058 : 849797 9423776 0 0 0 0 0 0 0 
_1.ptx 8059 : 849797 6089514 0 0 0 0 0 0 0 
_1.ptx 8060 : 849797 8823921 0 0 0 0 0 0 0 
_1.ptx 8061 : 849797 9424018 0 0 0 0 0 0 0 
_1.ptx 8062 : 849797 597086962 91698176 0 0 849797 52674 0 0 
_1.ptx 8064 : 849797 6847786 0 0 0 0 0 0 0 
_1.ptx 8065 : 849797 7709197 0 0 0 0 0 0 0 
_1.ptx 8066 : 849797 6854326 0 0 0 0 0 0 0 
_1.ptx 8067 : 849797 3196358 0 0 0 0 0 0 44350 
_1.ptx 8068 : 323686 2287536 0 0 0 0 0 0 0 
_1.ptx 8069 : 323686 2333739 0 0 0 0 0 0 0 
_1.ptx 8073 : 3529536 21574208 0 0 0 0 0 0 0 
_1.ptx 8074 : 3529536 28480896 0 0 0 0 0 0 0 
_1.ptx 8075 : 3529536 21407165 0 0 0 0 0 0 1084 
_1.ptx 8077 : 4305 30528 0 0 0 0 0 0 0 
_1.ptx 8078 : 4305 47490 0 0 0 0 0 0 0 
_1.ptx 8079 : 4305 643273 5760 0 0 1280 1084 0 0 
_1.ptx 8080 : 4305 26083 0 0 0 0 0 0 0 
_1.ptx 8081 : 4305 34670 0 0 0 0 0 0 0 
_1.ptx 8082 : 4305 170 0 0 0 0 0 0 28 
_1.ptx 8083 : 4277 154421 0 0 0 0 0 0 0 
_1.ptx 8084 : 4277 47374 0 0 0 0 0 0 0 
_1.ptx 8085 : 4277 331892 128 0 0 1280 1084 0 0 
_1.ptx 8086 : 4277 25985 0 0 0 0 0 0 0 
_1.ptx 8087 : 4277 34546 0 0 0 0 0 0 0 
_1.ptx 8088 : 4277 26184 0 0 0 0 0 0 0 
_1.ptx 8090 : 28 170 0 0 0 0 0 0 0 
_1.ptx 8091 : 28 169 0 0 0 0 0 0 0 
_1.ptx 8093 : 4277 63206 0 0 0 0 0 0 0 
_1.ptx 8094 : 4277 26027 0 0 0 0 0 0 0 
_1.ptx 8095 : 4277 34506 0 0 0 0 0 0 0 
_1.ptx 8096 : 4277 26172 0 0 0 0 0 0 0 
_1.ptx 8114 : 4277 104449 0 0 0 0 0 0 0 
_1.ptx 8115 : 4277 47227 0 0 0 0 0 0 0 
_1.ptx 8116 : 4277 47193 0 0 0 0 0 0 0 
_1.ptx 8117 : 4277 30471 0 0 0 0 0 0 0 
_1.ptx 8118 : 4277 43059 0 0 0 0 0 0 0 
_1.ptx 8119 : 4277 47410 0 0 0 0 0 0 0 
_1.ptx 8120 : 4277 1688539 487168 0 0 4277 1084 0 0 
_1.ptx 8122 : 4277 34562 0 0 0 0 0 0 0 
_1.ptx 8123 : 4277 38885 0 0 0 0 0 0 0 
_1.ptx 8124 : 4277 34488 0 0 0 0 0 0 0 
_1.ptx 8125 : 4277 22641 0 0 0 0 0 0 440 
_1.ptx 8126 : 568 4005 0 0 0 0 0 0 0 
_1.ptx 8127 : 568 4146 0 0 0 0 0 0 0 
_1.ptx 8131 : 3529536 21415904 0 0 0 0 0 0 0 
_1.ptx 8132 : 3529536 28463584 0 0 0 0 0 0 0 
_1.ptx 8133 : 3529536 21424640 0 0 0 0 0 0 0 
_1.ptx 8189 : 3529536 21427200 0 0 0 0 0 0 0 
_1.ptx 8190 : 3529536 28608288 0 0 0 0 0 0 0 
_1.ptx 8191 : 3529536 21457024 0 0 0 0 0 0 0 
