kernel line : count latency dram_traffic smem_bk_conflicts smem_warp gmem_access_generated gmem_warp exposed_latency warp_divergence
_1.ptx 1227 : 1737183 14054524 0 0 0 0 0 0 0 
_1.ptx 1228 : 1737183 0 0 0 0 0 0 0 0 
_1.ptx 1230 : 1737183 10622244 0 0 0 0 0 0 0 
_1.ptx 1231 : 1737183 14043957 0 0 0 0 0 0 0 
_1.ptx 1232 : 1737183 0 0 0 0 0 0 0 0 
_1.ptx 1233 : 1737183 57597824 0 0 0 0 0 0 0 
_1.ptx 1234 : 1737183 19269743 0 0 0 0 0 0 0 
_1.ptx 1235 : 1737183 559496141 7424 0 0 117803 117803 0 0 
_1.ptx 1236 : 1737183 14050873 0 0 0 0 0 0 0 
_1.ptx 1237 : 1737183 0 0 0 0 0 0 0 0 
_1.ptx 1239 : 1737183 59193629 0 0 0 0 0 0 0 
_1.ptx 1240 : 1737183 12453616 0 0 0 0 0 0 0 
_1.ptx 1241 : 1737183 17656710 0 0 0 0 0 0 0 
_1.ptx 1242 : 1737183 19252533 0 0 0 0 0 0 0 
_1.ptx 1243 : 1737183 563456233 9600 0 0 117803 117803 0 0 
_1.ptx 1244 : 1737183 10610032 0 0 0 0 0 0 0 
_1.ptx 1264 : 1737183 19241112 0 0 0 0 0 0 0 
_1.ptx 1265 : 1737183 66658707 0 0 0 0 0 0 0 
_1.ptx 1266 : 1737183 17664943 0 0 0 0 0 0 0 
_1.ptx 1267 : 1737183 14116598 0 0 0 0 0 0 0 
_1.ptx 1268 : 1737183 12459418 0 0 0 0 0 0 0 
_1.ptx 1269 : 1737183 12429360 0 0 0 0 0 0 0 
_1.ptx 1270 : 1737183 14158460 0 0 0 0 0 0 0 
_1.ptx 1271 : 1737183 12382797 0 0 0 0 0 0 0 
_1.ptx 1272 : 1737183 14078635 0 0 0 0 0 0 0 
_1.ptx 1273 : 1737183 10658893 0 0 0 0 0 0 0 
_1.ptx 1274 : 1737183 14017793 0 0 0 0 0 0 0 
_1.ptx 1275 : 1737183 0 0 0 0 0 0 0 0 
_1.ptx 1277 : 1737183 73235673 0 0 0 0 0 0 0 
_1.ptx 1278 : 1737183 12405057 0 0 0 0 0 0 0 
_1.ptx 1279 : 1737183 17827879 0 0 0 0 0 0 0 
_1.ptx 1280 : 1737183 19276386 0 0 0 0 0 0 0 
_1.ptx 1281 : 1737183 922545964 11167104 0 0 339151 117803 0 0 
_1.ptx 1282 : 1737183 10629867 0 0 0 0 0 0 0 
_1.ptx 1307 : 1737183 12366662 0 0 0 0 0 0 0 
_1.ptx 1309 : 1737183 12557925 0 0 0 0 0 0 0 
_1.ptx 1310 : 1737183 17580832 0 0 0 0 0 0 0 
_1.ptx 1311 : 1737183 19205581 0 0 0 0 0 0 0 
_1.ptx 1312 : 1737183 875612676 1980928 0 0 520928 117803 0 0 
_1.ptx 1313 : 1737183 14036329 0 0 0 0 0 0 0 
_1.ptx 1314 : 1737183 10544398 0 0 0 0 0 0 0 
_1.ptx 1332 : 1737183 129541070 0 0 0 520928 117803 0 0 
_1.ptx 1334 : 1737183 14110498 0 0 0 0 0 0 0 
_1.ptx 1335 : 1737183 0 0 0 0 0 0 0 0 
_1.ptx 1337 : 1737183 12373582 0 0 0 0 0 0 0 
_1.ptx 1339 : 1737183 12388652 0 0 0 0 0 0 0 
_1.ptx 1342 : 2712798 27414884 0 0 0 0 0 0 0 
_1.ptx 1343 : 2712798 21894537 0 0 0 0 0 0 0 
_1.ptx 1344 : 2712798 9948051 0 0 0 0 0 0 93884 
_1.ptx 1345 : 1070376 6472784 0 0 0 0 0 0 0 
_1.ptx 1350 : 1070376 16379600 0 0 0 0 0 0 0 
_1.ptx 1351 : 1070376 11827384 0 0 0 0 0 0 0 
_1.ptx 1352 : 1070376 16470472 4281504 0 0 33450 33450 0 0 
_1.ptx 1353 : 1070376 7588472 0 0 0 0 0 0 0 
_1.ptx 1354 : 1070376 10841904 0 0 0 0 0 0 0 
_1.ptx 1355 : 1070376 13445568 0 0 0 0 0 0 0 
_1.ptx 1356 : 1070376 11832760 0 0 0 0 0 0 0 
_1.ptx 1357 : 1070376 517802048 4281600 0 0 33450 33450 0 0 
_1.ptx 1358 : 1070376 8611904 0 0 0 0 0 0 0 
_1.ptx 1359 : 1070376 0 0 0 0 0 0 0 0 
_1.ptx 1360 : 1070376 8607904 0 0 0 0 0 0 0 
_1.ptx 1361 : 1070376 0 0 0 0 0 0 0 0 
_1.ptx 1363 : 1070376 359973768 0 0 0 66899 33450 0 0 
_1.ptx 1364 : 1070376 7551448 0 0 0 0 0 0 0 
_1.ptx 1365 : 1070376 8600448 0 0 0 0 0 0 0 
_1.ptx 1366 : 1070376 0 0 0 0 0 0 0 0 
_1.ptx 1368 : 1070376 12401400 0 0 0 0 0 0 0 
_1.ptx 1369 : 1070376 11814296 0 0 0 0 0 0 0 
_1.ptx 1370 : 1070376 12508744 4281504 0 0 33450 33450 0 0 
_1.ptx 1372 : 1070376 9406456 0 0 0 0 0 0 0 
_1.ptx 1373 : 1070376 11819000 0 0 0 0 0 0 0 
_1.ptx 1374 : 1070376 14152072 4281504 0 0 33450 33450 0 0 
_1.ptx 1379 : 1070592 6466464 0 0 0 0 0 0 0 
_1.ptx 973 : 1071104 6802496 0 0 0 0 0 0 0 
_1.ptx 974 : 1071104 6791968 0 0 0 0 0 0 0 
_1.ptx 975 : 1071104 14437376 0 0 0 0 0 0 0 
_1.ptx 976 : 1071104 6800288 0 0 0 0 0 0 0 
_1.ptx 977 : 1071104 12079392 0 0 0 0 0 0 0 
_1.ptx 978 : 1071104 6861344 128 0 0 0 0 0 0 
_1.ptx 979 : 1071104 8936096 0 0 0 0 0 0 0 
_1.ptx 980 : 1071104 4840 0 0 0 0 0 0 1 
_1.ptx 982 : 1070376 8048120 0 0 0 0 0 0 0 
_1.ptx 983 : 1070376 11699312 0 0 0 0 0 0 0 
_1.ptx 984 : 1070376 7070840 0 0 0 0 0 0 0 
_1.ptx 985 : 1070376 8730200 0 0 0 0 0 0 0 
_1.ptx 986 : 1070376 11957240 0 0 0 0 0 0 0 
_1.ptx 987 : 1070376 25364904 4281504 0 0 33450 33450 0 0 
_1.ptx 989 : 1070376 19840960 0 0 0 0 0 0 0 
_1.ptx 990 : 1070376 11856984 0 0 0 0 0 0 0 
_1.ptx 991 : 1070376 39427944 4281504 0 0 33450 33450 0 0 
_1.ptx 1400 : 1070592 4087552 0 0 0 0 0 0 0 
_1.ptx 1401 : 1070592 3623264 0 0 0 0 0 0 0 
_1.ptx 1402 : 1070592 8856096 0 0 0 0 0 0 0 
_1.ptx 1403 : 1070592 6987744 0 0 0 0 0 0 0 
_1.ptx 994 : 1071104 6543904 0 0 0 0 0 0 0 
_1.ptx 1404 : 1070592 6934176 0 0 0 0 0 0 0 
_1.ptx 1405 : 1070592 13090208 0 0 0 0 0 0 0 
_1.ptx 1406 : 1070592 6949344 0 0 0 0 0 0 0 
_1.ptx 1407 : 1070592 12170848 0 0 0 0 0 0 0 
_1.ptx 1408 : 1070592 9948320 0 0 0 0 0 0 0 
_1.ptx 1409 : 1070592 9003136 0 0 0 0 0 0 0 
_1.ptx 1410 : 1070592 1360 0 0 0 0 0 0 1 
_1.ptx 1412 : 1070376 8048024 0 0 0 0 0 0 0 
_1.ptx 1414 : 1070376 7992120 0 0 0 0 0 0 0 
_1.ptx 1415 : 1070376 11620304 0 0 0 0 0 0 0 
_1.ptx 1416 : 1070376 5507448 0 0 0 0 0 0 0 
_1.ptx 1417 : 1070376 12036632 0 0 0 0 0 0 0 
_1.ptx 1418 : 1070376 402247904 3182208 0 0 33450 33450 0 0 
_1.ptx 1419 : 1070376 8661792 0 0 0 0 0 0 0 
_1.ptx 1420 : 1070376 6522384 0 0 0 0 0 0 0 
_1.ptx 1015 : 1070592 11259584 0 0 0 0 0 0 0 
_1.ptx 1016 : 1070592 13200000 128 0 0 0 0 0 0 
_1.ptx 1017 : 1070592 8809504 0 0 0 0 0 0 0 
_1.ptx 1018 : 1070592 6855488 0 0 0 0 0 0 0 
_1.ptx 1019 : 1070592 6805888 0 0 0 0 0 0 0 
_1.ptx 1020 : 1070592 12539232 0 0 0 0 0 0 0 
_1.ptx 1021 : 1070592 6801088 0 0 0 0 0 0 0 
_1.ptx 1022 : 1070592 12044096 0 0 0 0 0 0 0 
_1.ptx 1023 : 1070592 9850432 0 0 0 0 0 0 0 
_1.ptx 1024 : 1070592 8848608 0 0 0 0 0 0 0 
_1.ptx 1025 : 1070592 1328 0 0 0 0 0 0 1 
_1.ptx 1027 : 1070376 7886648 0 0 0 0 0 0 0 
_1.ptx 1028 : 1070376 11283896 0 0 0 0 0 0 0 
_1.ptx 1438 : 1070376 7615672 0 0 0 0 0 0 0 
_1.ptx 1029 : 1070376 6850192 0 0 0 0 0 0 0 
_1.ptx 1439 : 1070376 37364048 0 0 0 33450 33450 0 0 
_1.ptx 1030 : 1070376 22363240 0 0 0 0 0 0 0 
_1.ptx 1031 : 1070376 11901144 0 0 0 0 0 0 0 
_1.ptx 1441 : 1070376 33609304 0 0 0 0 0 0 0 
_1.ptx 1032 : 1070376 46890888 4281504 0 0 33450 33450 0 0 
_1.ptx 1442 : 1070376 11858360 0 0 0 0 0 0 0 
_1.ptx 1443 : 1070376 525187512 4281600 0 0 33450 33450 0 0 
_1.ptx 1034 : 1070376 6565776 0 0 0 0 0 0 0 
_1.ptx 1035 : 1070376 32773216 0 0 0 0 0 0 0 
_1.ptx 1445 : 1070376 7630680 0 0 0 0 0 0 0 
_1.ptx 1036 : 1070376 11850360 0 0 0 0 0 0 0 
_1.ptx 1037 : 1070376 55108320 4281504 0 0 33450 33450 0 0 
_1.ptx 1447 : 1070376 7623032 0 0 0 0 0 0 0 
_1.ptx 1448 : 1070376 10865712 0 0 0 0 0 0 0 
_1.ptx 1039 : 1070376 40938200 0 0 0 0 0 0 0 
_1.ptx 1449 : 1070376 11815256 0 0 0 0 0 0 0 
_1.ptx 1040 : 1070376 11826456 0 0 0 0 0 0 0 
_1.ptx 1450 : 1070376 569646824 1280640 0 0 310231 33450 0 0 
_1.ptx 1041 : 1070376 57596616 4281504 0 0 33450 33450 0 0 
_1.ptx 1451 : 1070376 8613760 0 0 0 0 0 0 0 
_1.ptx 1452 : 1070376 6447344 0 0 0 0 0 0 0 
_1.ptx 1043 : 1070376 6469008 0 0 0 0 0 0 0 
_1.ptx 1044 : 1070376 41163648 0 0 0 0 0 0 0 
_1.ptx 1045 : 1070376 11811864 0 0 0 0 0 0 0 
_1.ptx 1046 : 1070376 57160872 4281504 0 0 33450 33450 0 0 
_1.ptx 1048 : 1070376 43618064 0 0 0 0 0 0 0 
_1.ptx 1049 : 1070376 11803896 0 0 0 0 0 0 0 
_1.ptx 1050 : 1070376 58533208 4281504 0 0 33450 33450 0 0 
_1.ptx 1052 : 1070376 6453168 0 0 0 0 0 0 0 
_1.ptx 1053 : 1070376 41250352 0 0 0 0 0 0 0 
_1.ptx 1054 : 1070376 11802584 0 0 0 0 0 0 0 
_1.ptx 1055 : 1070376 60971952 491040 0 0 33450 33450 0 0 
_1.ptx 1058 : 1070592 6470048 0 0 0 0 0 0 0 
_1.ptx 1470 : 1070376 154004952 0 0 0 310231 33450 0 0 
_1.ptx 1472 : 1070376 337043344 0 0 0 33450 33450 0 0 
_1.ptx 1473 : 1070376 8600928 0 0 0 0 0 0 0 
_1.ptx 1474 : 1070376 0 0 0 0 0 0 0 0 
_1.ptx 1475 : 1070376 8600768 0 0 0 0 0 0 0 
_1.ptx 1476 : 1070376 0 0 0 0 0 0 0 0 
_1.ptx 1477 : 1070376 59844984 0 0 0 0 0 0 0 
_1.ptx 1478 : 1070376 11798808 0 0 0 0 0 0 0 
_1.ptx 1479 : 1070376 534618128 4281600 0 0 33450 33450 0 0 
_1.ptx 1480 : 1070376 6445424 0 0 0 0 0 0 0 
_1.ptx 1481 : 1070376 8591776 0 0 0 0 0 0 0 
_1.ptx 1482 : 1070376 0 0 0 0 0 0 0 0 
_1.ptx 1483 : 1070376 7546104 0 0 0 0 0 0 0 
_1.ptx 1484 : 1070376 10846096 0 0 0 0 0 0 0 
_1.ptx 1485 : 1070376 28001752 0 0 0 0 0 0 0 
_1.ptx 1486 : 1070376 11816504 0 0 0 0 0 0 0 
_1.ptx 1487 : 1070376 495011496 4281600 0 0 33450 33450 0 0 
_1.ptx 1488 : 1070376 8593344 0 0 0 0 0 0 0 
_1.ptx 1489 : 1070376 0 0 0 0 0 0 0 0 
_1.ptx 1490 : 1070376 8592928 0 0 0 0 0 0 0 
_1.ptx 1491 : 1070376 0 0 0 0 0 0 0 0 
_1.ptx 1492 : 1070376 21140824 0 0 0 0 0 0 0 
_1.ptx 1493 : 1070376 11807096 0 0 0 0 0 0 0 
_1.ptx 1494 : 1070376 474830880 4281600 0 0 33450 33450 0 0 
_1.ptx 1085 : 1070592 3425280 0 0 0 0 0 0 0 
_1.ptx 1495 : 1070376 8592384 0 0 0 0 0 0 0 
_1.ptx 1086 : 1070592 3370880 0 0 0 0 0 0 0 
_1.ptx 1496 : 1070376 0 0 0 0 0 0 0 0 
_1.ptx 1087 : 1070592 8773440 0 0 0 0 0 0 0 
_1.ptx 1088 : 1070592 6887136 0 0 0 0 0 0 0 
_1.ptx 1498 : 1070376 6437808 0 0 0 0 0 0 0 
_1.ptx 1089 : 1070592 6860992 0 0 0 0 0 0 0 
_1.ptx 1499 : 1070376 23288376 0 0 0 0 0 0 0 
_1.ptx 1090 : 1070592 13416160 0 0 0 0 0 0 0 
_1.ptx 1500 : 1070376 11804120 0 0 0 0 0 0 0 
_1.ptx 1091 : 1070592 6823456 0 0 0 0 0 0 0 
_1.ptx 1501 : 1070376 40825896 332448 0 0 33450 33450 0 0 
_1.ptx 1092 : 1070592 12114688 0 0 0 0 0 0 0 
_1.ptx 1093 : 1070592 9895232 0 0 0 0 0 0 0 
_1.ptx 1094 : 1070592 8938112 0 0 0 0 0 0 0 
_1.ptx 1095 : 1070592 1384 0 0 0 0 0 0 1 
_1.ptx 1506 : 1070592 6436256 0 0 0 0 0 0 0 
_1.ptx 1097 : 1070376 7939864 0 0 0 0 0 0 0 
_1.ptx 1099 : 1070376 7876184 0 0 0 0 0 0 0 
_1.ptx 1100 : 1070376 11600496 0 0 0 0 0 0 0 
_1.ptx 1101 : 1070376 3411384 0 0 0 0 0 0 0 
_1.ptx 1102 : 1070376 11956440 0 0 0 0 0 0 0 
_1.ptx 1103 : 1070376 445341416 3572736 0 0 33450 33450 0 0 
_1.ptx 1104 : 1070376 8633696 0 0 0 0 0 0 0 
_1.ptx 1105 : 1070376 6480144 0 0 0 0 0 0 0 
_1.ptx 1123 : 1070376 7596504 0 0 0 0 0 0 0 
_1.ptx 1124 : 1070376 11250704 0 0 0 33450 33450 0 0 
_1.ptx 1126 : 1070376 7621880 0 0 0 0 0 0 0 
_1.ptx 1128 : 1070376 8564032 0 0 0 0 0 0 0 
_1.ptx 1129 : 1070376 11838584 0 0 0 0 0 0 0 
_1.ptx 1130 : 1070376 504922080 4281600 0 0 33450 33450 0 0 
_1.ptx 1131 : 1070376 6472656 0 0 0 0 0 0 0 
_1.ptx 1132 : 1070376 8655616 0 0 0 0 0 0 0 
_1.ptx 1133 : 1070376 0 0 0 0 0 0 0 0 
_1.ptx 1134 : 1070376 7620920 0 0 0 0 0 0 0 
_1.ptx 1135 : 1070376 6539888 0 0 0 0 0 0 0 
_1.ptx 1136 : 1070376 6552464 0 0 0 0 0 0 0 
_1.ptx 1137 : 1070376 6499280 0 0 0 0 0 0 0 
_1.ptx 1138 : 1070376 7622104 0 0 0 0 0 0 0 
_1.ptx 1142 : 2712798 673568852 51712 0 0 131780 131780 0 0 
_1.ptx 1143 : 2712798 21940693 0 0 0 0 0 0 0 
_1.ptx 1144 : 2712798 0 0 0 0 0 0 0 0 
_1.ptx 1146 : 2712798 16562534 0 0 0 0 0 0 0 
_1.ptx 1147 : 2712798 21924596 0 0 0 0 0 0 0 
_1.ptx 1148 : 2712798 0 0 0 0 0 0 0 0 
_1.ptx 1149 : 2712798 74108395 0 0 0 0 0 0 0 
_1.ptx 1150 : 2712798 30095127 0 0 0 0 0 0 0 
_1.ptx 1151 : 2712798 1106181554 4334848 0 0 131780 131780 0 0 
_1.ptx 1152 : 2712798 21918249 0 0 0 0 0 0 0 
_1.ptx 1153 : 2712798 0 0 0 0 0 0 0 0 
_1.ptx 1155 : 2712798 71257230 0 0 0 0 0 0 0 
_1.ptx 1156 : 2712798 19408647 0 0 0 0 0 0 0 
_1.ptx 1157 : 2712798 27538570 0 0 0 0 0 0 0 
_1.ptx 1158 : 2712798 30059343 0 0 0 0 0 0 0 
_1.ptx 1159 : 2712798 1114781503 4352768 0 0 131780 131780 0 0 
_1.ptx 1160 : 2712798 16528626 0 0 0 0 0 0 0 
_1.ptx 1180 : 2712798 30061096 0 0 0 0 0 0 0 
_1.ptx 1181 : 2712798 82764962 0 0 0 0 0 0 0 
_1.ptx 1182 : 2712798 27634537 0 0 0 0 0 0 0 
_1.ptx 1183 : 2712798 22086340 0 0 0 0 0 0 0 
_1.ptx 1184 : 2712798 19518565 0 0 0 0 0 0 0 
_1.ptx 1185 : 2712798 19439484 0 0 0 0 0 0 0 
_1.ptx 1186 : 2712798 21970143 0 0 0 0 0 0 0 
_1.ptx 1187 : 2712798 19382748 0 0 0 0 0 0 0 
_1.ptx 1188 : 2712798 22027574 0 0 0 0 0 0 0 
_1.ptx 1189 : 2712798 16722416 0 0 0 0 0 0 0 
_1.ptx 1190 : 2712798 21923383 0 0 0 0 0 0 0 
_1.ptx 1191 : 2712798 0 0 0 0 0 0 0 0 
_1.ptx 1193 : 2712798 88861175 128 0 0 0 0 0 0 
_1.ptx 1194 : 2712798 19385472 0 0 0 0 0 0 0 
_1.ptx 1195 : 2712798 27938128 0 0 0 0 0 0 0 
_1.ptx 1196 : 2712798 30132997 0 0 0 0 0 0 0 
_1.ptx 1197 : 2712798 1333089764 11276672 0 0 412114 131780 0 0 
_1.ptx 1198 : 2712798 16641943 0 0 0 0 0 0 0 
_1.ptx 1223 : 2712798 21927047 0 0 0 0 0 0 0 
_1.ptx 1224 : 2712798 5924476 0 0 0 0 0 0 82319 
_1.ptx 1226 : 1737183 505765163 6400 0 0 117803 117803 0 0 
