kernel line : count latency dram_traffic smem_bk_conflicts smem_warp gmem_access_generated gmem_warp exposed_latency warp_divergence
_1.ptx 1792 : 355762 2155878 0 0 0 0 0 0 0 
_1.ptx 1795 : 2097152 14932160 0 0 0 0 0 0 0 
_1.ptx 1798 : 4194304 26961440 0 0 0 0 0 0 0 
_1.ptx 1799 : 4194304 34432352 0 0 0 0 0 0 0 
_1.ptx 1800 : 4194304 23352675 0 0 0 0 0 0 54094 
_1.ptx 1802 : 558638 3372440 0 0 0 0 0 0 0 
_1.ptx 1803 : 558638 10579686 1664 0 0 0 0 0 0 
_1.ptx 1804 : 558638 9279047 6432 0 0 54094 54094 0 0 
_1.ptx 1806 : 4194304 43567872 0 0 0 0 0 0 0 
_1.ptx 1807 : 4194304 34388000 0 0 0 0 0 0 0 
_1.ptx 1808 : 4194304 13299072 0 0 0 0 0 0 0 
_1.ptx 1811 : 2097152 13204448 0 0 0 0 0 0 0 
_1.ptx 1628 : 2097152 13342432 0 0 0 0 0 0 0 
_1.ptx 1629 : 2097152 13342336 0 0 0 0 0 0 0 
_1.ptx 1630 : 2097152 43970112 0 0 0 0 0 0 0 
_1.ptx 1631 : 2097152 12824768 0 0 0 0 0 0 0 
_1.ptx 1632 : 2097152 426637344 0 0 0 0 0 0 0 
_1.ptx 1633 : 2097152 12945952 0 0 0 0 0 0 0 
_1.ptx 1634 : 2097152 23366880 0 0 0 0 0 0 0 
_1.ptx 1635 : 2097152 29990368 0 0 0 0 0 0 0 
_1.ptx 1636 : 2097152 16227488 0 0 0 0 0 0 0 
_1.ptx 1637 : 2097152 22185664 0 0 0 0 0 0 0 
_1.ptx 1638 : 2097152 28534976 0 0 0 0 0 0 0 
_1.ptx 1639 : 2097152 17876768 0 0 0 0 0 0 0 
_1.ptx 1640 : 2097152 0 0 0 0 0 0 0 0 
_1.ptx 1641 : 2097152 16414496 0 0 0 0 0 0 0 
_1.ptx 1642 : 2097152 11459488 0 0 0 0 0 0 0 
_1.ptx 1643 : 2097152 14378368 0 0 0 0 0 0 0 
_1.ptx 1644 : 2097152 16314944 0 0 0 0 0 0 0 
_1.ptx 1447 : 1048576 6355296 0 0 0 0 0 0 0 
_1.ptx 1448 : 1048576 6359296 0 0 0 0 0 0 0 
_1.ptx 1648 : 4194304 34990176 0 0 0 0 0 0 0 
_1.ptx 1449 : 1048576 19420896 0 0 0 0 0 0 0 
_1.ptx 1450 : 1048576 6336928 0 0 0 0 0 0 0 
_1.ptx 1649 : 4194304 13292768 0 0 0 0 0 0 0 
_1.ptx 1451 : 1048576 11764800 0 0 0 0 0 0 0 
_1.ptx 1651 : 2097152 14402016 0 0 0 0 0 0 0 
_1.ptx 1452 : 1048576 10229312 128 0 0 0 0 0 0 
_1.ptx 1652 : 2097152 14335744 0 0 0 0 0 0 0 
_1.ptx 1453 : 1048576 8552928 0 0 0 0 0 0 0 
_1.ptx 1454 : 1048576 0 0 0 0 0 0 0 0 
_1.ptx 1655 : 2097152 15211328 0 0 0 0 0 0 0 
_1.ptx 1456 : 1048576 6718016 0 0 0 0 0 0 0 
_1.ptx 1656 : 2097152 22147168 0 0 0 0 0 0 0 
_1.ptx 1457 : 1048576 3772832 0 0 0 0 0 0 0 
_1.ptx 1657 : 2097152 37845920 0 0 0 0 0 0 0 
_1.ptx 1458 : 1048576 7387392 0 0 0 0 0 0 0 
_1.ptx 1658 : 2097152 23370432 0 0 0 0 0 0 0 
_1.ptx 1459 : 1048576 15726560 0 0 0 0 0 0 0 
_1.ptx 1659 : 2097152 890770080 12451968 0 0 131072 65536 0 0 
_1.ptx 1460 : 1048576 11696832 0 0 0 0 0 0 0 
_1.ptx 1660 : 2097152 13117888 0 0 0 0 0 0 0 
_1.ptx 1461 : 1048576 55816800 4194304 0 0 32768 32768 0 0 
_1.ptx 1661 : 2097152 16937984 0 0 0 0 0 0 0 
_1.ptx 1662 : 2097152 2160014 0 0 0 0 0 0 65378 
_1.ptx 1663 : 1741390 12416674 0 0 0 0 0 0 0 
_1.ptx 1464 : 1048576 6432256 0 0 0 0 0 0 0 
_1.ptx 1664 : 1741390 10712904 0 0 0 0 0 0 0 
_1.ptx 1665 : 1741390 10542558 0 0 0 0 0 0 0 
_1.ptx 1666 : 1741390 12371011 0 0 0 0 0 0 0 
_1.ptx 1670 : 16519988 4875497657 70134784 0 0 6075212 4270526 0 0 
_1.ptx 1671 : 16519988 132958383 0 0 0 0 0 0 0 
_1.ptx 1672 : 16519988 0 0 0 0 0 0 0 0 
_1.ptx 1674 : 16519988 100187693 0 0 0 0 0 0 0 
_1.ptx 1675 : 16519988 132999047 0 0 0 0 0 0 0 
_1.ptx 1676 : 16519988 0 0 0 0 0 0 0 0 
_1.ptx 1677 : 16519988 643617308 0 0 0 0 0 0 0 
_1.ptx 1678 : 16519988 182663268 0 0 0 0 0 0 0 
_1.ptx 1679 : 16519988 5422746473 78725248 0 0 6075212 4270526 0 0 
_1.ptx 1680 : 16519988 132876836 0 0 0 0 0 0 0 
_1.ptx 1681 : 16519988 0 0 0 0 0 0 0 0 
_1.ptx 1683 : 16519988 644440408 0 0 0 0 0 0 0 
_1.ptx 1684 : 16519988 117533290 0 0 0 0 0 0 0 
_1.ptx 1685 : 16519988 168559105 0 0 0 0 0 0 0 
_1.ptx 1686 : 16519988 182607566 0 0 0 0 0 0 0 
_1.ptx 1687 : 16519988 5348881990 79450368 0 0 6075212 4270526 0 0 
_1.ptx 1688 : 16519988 100520768 0 0 0 0 0 0 0 
_1.ptx 1708 : 16519988 182387135 0 0 0 0 0 0 0 
_1.ptx 1709 : 16519988 679010930 0 0 0 0 0 0 0 
_1.ptx 1710 : 16519988 167088330 0 0 0 0 0 0 0 
_1.ptx 1711 : 16519988 133296377 0 0 0 0 0 0 0 
_1.ptx 1712 : 16519988 117313783 0 0 0 0 0 0 0 
_1.ptx 1713 : 16519988 117501946 0 0 0 0 0 0 0 
_1.ptx 1714 : 16519988 133070880 0 0 0 0 0 0 0 
_1.ptx 1715 : 16519988 116945123 0 0 0 0 0 0 0 
_1.ptx 1716 : 16519988 133434453 0 0 0 0 0 0 0 
_1.ptx 1717 : 16519988 100640584 0 0 0 0 0 0 0 
_1.ptx 1718 : 16519988 132931911 0 0 0 0 0 0 0 
_1.ptx 1719 : 16519988 0 0 0 0 0 0 0 0 
_1.ptx 1721 : 16519988 701510097 0 0 0 0 0 0 0 
_1.ptx 1722 : 16519988 117500478 0 0 0 0 0 0 0 
_1.ptx 1723 : 16519988 168506184 0 0 0 0 0 0 0 
_1.ptx 1724 : 16519988 182591646 0 0 0 0 0 0 0 
_1.ptx 1725 : 16519988 7750359753 359197952 0 0 13495818 4270526 0 0 
_1.ptx 1726 : 16519988 100555051 0 0 0 0 0 0 0 
_1.ptx 1751 : 16519988 132827697 0 0 0 0 0 0 0 
_1.ptx 1752 : 16519988 99686018 0 0 0 0 0 0 0 
_1.ptx 1758 : 16519988 828477433 0 0 0 0 0 0 0 
_1.ptx 1759 : 16519988 182613072 0 0 0 0 0 0 0 
_1.ptx 1760 : 16519988 5512037423 75264768 0 0 6075212 4270526 0 0 
_1.ptx 1761 : 16519988 166051810 0 0 0 0 0 0 0 
_1.ptx 1762 : 16519988 117341291 0 0 0 0 0 0 0 
_1.ptx 1763 : 16519988 167348144 0 0 0 0 0 0 0 
_1.ptx 1764 : 16519988 182308850 0 0 0 0 0 0 0 
_1.ptx 1765 : 16519988 10370803077 1833790720 0 0 16514380 4270526 0 0 
_1.ptx 1766 : 16519988 132802091 0 0 0 0 0 0 0 
_1.ptx 1767 : 16519988 88194153 0 0 0 0 0 0 883366 
_1.ptx 1769 : 1901258 654842958 339584 0 0 1901238 1168865 0 0 
_1.ptx 1770 : 1901258 13422304 0 0 0 0 0 0 0 
_1.ptx 1771 : 1901258 15273606 0 0 0 0 0 0 0 
_1.ptx 1772 : 1901258 1774 0 0 0 0 0 0 214 
_1.ptx 1774 : 1900965 11467130 0 0 0 0 0 0 0 
_1.ptx 1775 : 1900965 11488541 0 0 0 0 0 0 0 
_1.ptx 1779 : 14619023 88090699 0 0 0 0 0 0 0 
_1.ptx 1782 : 16519988 99751413 0 0 0 0 0 0 0 
_1.ptx 1783 : 16519988 132799545 0 0 0 0 0 0 0 
_1.ptx 1784 : 16519988 88171479 0 0 0 0 0 0 883320 
_1.ptx 1785 : 1900965 11496032 0 0 0 0 0 0 0 
_1.ptx 1787 : 16519988 166116578 0 0 0 0 0 0 0 
_1.ptx 1788 : 16519988 132822492 0 0 0 0 0 0 0 
_1.ptx 1789 : 16519988 89120897 0 0 0 0 0 0 807948 
_1.ptx 1790 : 1741390 10549952 0 0 0 0 0 0 0 
