kernel line : count latency dram_traffic smem_bk_conflicts smem_warp gmem_access_generated gmem_warp exposed_latency warp_divergence
_1.ptx 200 : 61440 391200 0 0 0 0 0 0 0 
_1.ptx 68 : 61440 389632 0 0 0 0 0 0 0 
_1.ptx 69 : 61440 394048 0 0 0 0 0 0 0 
_1.ptx 70 : 61440 1079680 0 0 0 0 0 0 0 
_1.ptx 71 : 61440 382272 0 0 0 0 0 0 0 
_1.ptx 72 : 61440 688896 0 0 0 0 0 0 0 
_1.ptx 73 : 61440 451904 0 0 0 0 0 0 0 
_1.ptx 74 : 61440 1177760 128 0 0 0 0 0 0 
_1.ptx 75 : 61440 504576 0 0 0 0 0 0 0 
_1.ptx 76 : 61440 0 0 0 0 0 0 0 0 
_1.ptx 77 : 61440 185760 0 0 0 0 0 0 0 
_1.ptx 78 : 61440 382912 0 0 0 0 0 0 0 
_1.ptx 79 : 61440 694528 0 0 0 0 0 0 0 
_1.ptx 80 : 61440 395776 0 0 0 0 0 0 0 
_1.ptx 81 : 61440 1176672 0 0 0 0 0 0 0 
_1.ptx 82 : 61440 451200 0 0 0 0 0 0 0 
_1.ptx 83 : 61440 1161984 0 0 0 0 0 0 0 
_1.ptx 84 : 61440 449856 0 0 0 0 0 0 0 
_1.ptx 85 : 61440 185280 0 0 0 0 0 0 0 
_1.ptx 86 : 61440 567008 0 0 0 0 0 0 0 
_1.ptx 87 : 61440 185536 0 0 0 0 0 0 0 
_1.ptx 88 : 61440 688960 0 0 0 0 0 0 0 
_1.ptx 89 : 61440 950912 0 0 0 0 0 0 0 
_1.ptx 90 : 61440 187072 0 0 0 0 0 0 0 
_1.ptx 91 : 61440 689632 0 0 0 0 0 0 0 
_1.ptx 92 : 61440 186400 0 0 0 0 0 0 0 
_1.ptx 93 : 61440 688928 0 0 0 0 0 0 0 
_1.ptx 94 : 61440 185920 0 0 0 0 0 0 0 
_1.ptx 95 : 61440 689312 0 0 0 0 0 0 0 
_1.ptx 96 : 61440 186944 0 0 0 0 0 0 0 
_1.ptx 97 : 61440 691776 0 0 0 0 0 0 0 
_1.ptx 101 : 2000000 612126688 8000000 0 0 62500 62500 0 0 
_1.ptx 102 : 2000000 612853152 8000000 0 0 62500 62500 0 0 
_1.ptx 103 : 2000000 617831968 8000000 0 0 62500 62500 0 0 
_1.ptx 104 : 2000000 22446432 0 0 0 0 0 0 0 
_1.ptx 105 : 2000000 117481952 0 0 0 0 0 0 0 
_1.ptx 106 : 2000000 43219712 0 0 0 0 0 0 0 
_1.ptx 107 : 2000000 14753184 0 0 0 0 0 0 0 
_1.ptx 108 : 2000000 41402016 0 0 0 0 0 0 0 
_1.ptx 109 : 2000000 22497888 0 0 0 0 0 0 0 
_1.ptx 110 : 2000000 12409888 0 0 0 0 0 0 0 
_1.ptx 111 : 2000000 22494528 0 0 0 0 0 0 0 
_1.ptx 112 : 2000000 12543616 0 0 0 0 0 0 0 
_1.ptx 113 : 2000000 22407072 0 0 0 0 0 0 0 
_1.ptx 114 : 2000000 40482112 0 0 0 0 0 0 0 
_1.ptx 115 : 2000000 18357824 0 0 0 0 0 0 0 
_1.ptx 116 : 2000000 22427392 0 0 0 0 0 0 0 
_1.ptx 117 : 2000000 102526912 0 0 0 0 0 0 0 
_1.ptx 118 : 2000000 22395520 0 0 0 0 0 0 0 
_1.ptx 119 : 2000000 22421120 0 0 0 0 0 0 0 
_1.ptx 120 : 2000000 12410976 0 0 0 0 0 0 0 
_1.ptx 121 : 2000000 16537184 0 0 0 0 0 0 0 
_1.ptx 122 : 2000000 12587328 0 0 0 0 0 0 0 
_1.ptx 123 : 2000000 22423744 0 0 0 0 0 0 0 
_1.ptx 124 : 2000000 16076384 0 0 0 0 0 0 0 
_1.ptx 125 : 2000000 13266144 0 0 0 0 0 0 0 
_1.ptx 126 : 2000000 16549184 0 0 0 0 0 0 0 
_1.ptx 127 : 2000000 13060736 0 0 0 0 0 0 0 
_1.ptx 128 : 2000000 22352864 0 0 0 0 0 0 0 
_1.ptx 129 : 2000000 14865568 0 0 0 0 0 0 0 
_1.ptx 130 : 2000000 22741824 0 0 0 0 0 0 0 
_1.ptx 131 : 2000000 13278144 0 0 0 0 0 0 0 
_1.ptx 132 : 2000000 13471360 0 0 0 0 0 0 0 
_1.ptx 133 : 2000000 18859616 0 0 0 0 0 0 0 
_1.ptx 134 : 2000000 23300576 0 0 0 0 0 0 0 
_1.ptx 135 : 2000000 13753024 0 0 0 0 0 0 0 
_1.ptx 136 : 2000000 13944992 0 0 0 0 0 0 0 
_1.ptx 137 : 2000000 18342752 0 0 0 0 0 0 0 
_1.ptx 138 : 2000000 12425856 0 0 0 0 0 0 0 
_1.ptx 139 : 2000000 22423296 0 0 0 0 0 0 0 
_1.ptx 140 : 2000000 41405984 0 0 0 0 0 0 0 
_1.ptx 141 : 2000000 12599488 0 0 0 0 0 0 0 
_1.ptx 142 : 2000000 22380864 0 0 0 0 0 0 0 
_1.ptx 143 : 2000000 54657824 0 0 0 0 0 0 0 
_1.ptx 144 : 2000000 56271840 0 0 0 0 0 0 0 
_1.ptx 145 : 2000000 12684512 0 0 0 0 0 0 0 
_1.ptx 146 : 2000000 12859360 0 0 0 0 0 0 0 
_1.ptx 147 : 2000000 18426944 0 0 0 0 0 0 0 
_1.ptx 148 : 2000000 65074400 0 0 0 0 0 0 0 
_1.ptx 149 : 2000000 12992512 0 0 0 0 0 0 0 
_1.ptx 150 : 2000000 13072960 0 0 0 0 0 0 0 
_1.ptx 151 : 2000000 18340160 0 0 0 0 0 0 0 
_1.ptx 152 : 2000000 12466560 0 0 0 0 0 0 0 
_1.ptx 153 : 2000000 22448320 0 0 0 0 0 0 0 
_1.ptx 154 : 2000000 12461152 0 0 0 0 0 0 0 
_1.ptx 155 : 2000000 18330240 0 0 0 0 0 0 0 
_1.ptx 156 : 2000000 12387296 0 0 0 0 0 0 0 
_1.ptx 157 : 2000000 22432640 0 0 0 0 0 0 0 
_1.ptx 158 : 2000000 12415008 0 0 0 0 0 0 0 
_1.ptx 159 : 2000000 18309664 0 0 0 0 0 0 0 
_1.ptx 160 : 2000000 12365792 0 0 0 0 0 0 0 
_1.ptx 161 : 2000000 18291168 0 0 0 0 0 0 0 
_1.ptx 162 : 2000000 12357056 0 0 0 0 0 0 0 
_1.ptx 163 : 2000000 18373760 0 0 0 0 0 0 0 
_1.ptx 164 : 2000000 12356608 0 0 0 0 0 0 0 
_1.ptx 165 : 2000000 18284608 0 0 0 0 0 0 0 
_1.ptx 166 : 2000000 12352704 0 0 0 0 0 0 0 
_1.ptx 167 : 2000000 18321024 0 0 0 0 0 0 0 
_1.ptx 168 : 2000000 22529344 0 0 0 0 0 0 0 
_1.ptx 169 : 2000000 22285024 0 0 0 0 0 0 0 
_1.ptx 170 : 2000000 22356064 0 0 0 0 0 0 0 
_1.ptx 171 : 2000000 22374368 0 0 0 0 0 0 0 
_1.ptx 172 : 2000000 12365696 0 0 0 0 0 0 0 
_1.ptx 173 : 2000000 22408288 0 0 0 0 0 0 0 
_1.ptx 174 : 2000000 12396096 0 0 0 0 0 0 0 
_1.ptx 175 : 2000000 22324992 0 0 0 0 0 0 0 
_1.ptx 176 : 2000000 18370464 0 0 0 0 0 0 0 
_1.ptx 177 : 2000000 18304832 0 0 0 0 0 0 0 
_1.ptx 178 : 2000000 22344128 0 0 0 0 0 0 0 
_1.ptx 179 : 2000000 22409728 0 0 0 0 0 0 0 
_1.ptx 180 : 2000000 22349632 0 0 0 0 0 0 0 
_1.ptx 181 : 2000000 10272928 8000000 0 0 62500 62500 0 0 
_1.ptx 182 : 2000000 12420800 0 0 0 0 0 0 0 
_1.ptx 183 : 2000000 22383296 0 0 0 0 0 0 0 
_1.ptx 184 : 2000000 22502016 0 0 0 0 0 0 0 
_1.ptx 185 : 2000000 12701952 0 0 0 0 0 0 0 
_1.ptx 186 : 2000000 22353600 0 0 0 0 0 0 0 
_1.ptx 187 : 2000000 22395456 0 0 0 0 0 0 0 
_1.ptx 188 : 2000000 22362176 0 0 0 0 0 0 0 
_1.ptx 189 : 2000000 10239840 8000000 0 0 62500 62500 0 0 
_1.ptx 190 : 2000000 22330496 0 0 0 0 0 0 0 
_1.ptx 191 : 2000000 22443392 0 0 0 0 0 0 0 
_1.ptx 192 : 2000000 22737280 0 0 0 0 0 0 0 
_1.ptx 193 : 2000000 22930016 0 0 0 0 0 0 0 
_1.ptx 194 : 2000000 23442944 0 0 0 0 0 0 0 
_1.ptx 195 : 2000000 23247584 0 0 0 0 0 0 0 
_1.ptx 196 : 2000000 17230528 0 0 0 0 0 0 0 
_1.ptx 197 : 2000000 12155200 0 0 0 0 0 0 0 
