kernel line : count latency dram_traffic smem_bk_conflicts smem_warp gmem_access_generated gmem_warp exposed_latency warp_divergence
_1.ptx 62 : 580608 3626112 0 0 0 0 0 0 0 
_1.ptx 63 : 580608 3638688 0 0 0 0 0 0 0 
_1.ptx 64 : 580608 8376896 0 0 0 0 0 0 0 
_1.ptx 65 : 580608 3606912 0 0 0 0 0 0 0 
_1.ptx 66 : 580608 6448320 0 0 0 0 0 0 0 
_1.ptx 67 : 580608 18423616 128 0 0 0 0 0 0 
_1.ptx 68 : 580608 15789248 128 0 0 0 0 0 0 
_1.ptx 69 : 580608 4253632 0 0 0 0 0 0 0 
_1.ptx 70 : 580608 7983904 0 0 0 0 0 0 0 
_1.ptx 71 : 580608 6467776 0 0 0 0 0 0 0 
_1.ptx 72 : 580608 41795520 2322432 0 0 18144 18144 0 0 
_1.ptx 73 : 580608 20084832 0 0 0 0 0 0 0 
_1.ptx 74 : 580608 19661152 0 0 0 0 0 0 0 
_1.ptx 75 : 580608 6435776 0 0 0 0 0 0 0 
_1.ptx 76 : 580608 4204128 0 0 0 0 0 0 0 
_1.ptx 77 : 580608 7194592 0 0 0 0 0 0 0 
_1.ptx 78 : 580608 6424672 0 0 0 0 0 0 0 
_1.ptx 79 : 580608 46421664 2322432 0 0 18144 18144 0 0 
_1.ptx 80 : 580608 26711616 0 0 0 0 0 0 0 
_1.ptx 81 : 580608 6791200 0 0 0 0 0 0 0 
_1.ptx 82 : 580608 6421312 0 0 0 0 0 0 0 
_1.ptx 83 : 580608 4174112 0 0 0 0 0 0 0 
_1.ptx 84 : 580608 6782816 0 0 0 0 0 0 0 
_1.ptx 85 : 580608 6415872 0 0 0 0 0 0 0 
_1.ptx 86 : 580608 47455392 2322432 0 0 18144 18144 0 0 
_1.ptx 87 : 580608 24884832 0 0 0 0 0 0 0 
_1.ptx 88 : 580608 6942048 0 0 0 0 0 0 0 
_1.ptx 89 : 580608 6415200 0 0 0 0 0 0 0 
_1.ptx 90 : 580608 4171488 0 0 0 0 0 0 0 
_1.ptx 91 : 580608 6753216 0 0 0 0 0 0 0 
_1.ptx 92 : 580608 6414336 0 0 0 0 0 0 0 
_1.ptx 93 : 580608 49255104 2322432 0 0 18144 18144 0 0 
_1.ptx 94 : 580608 26962592 0 0 0 0 0 0 0 
_1.ptx 95 : 580608 6784384 0 0 0 0 0 0 0 
_1.ptx 96 : 580608 6412512 0 0 0 0 0 0 0 
_1.ptx 97 : 580608 4176736 0 0 0 0 0 0 0 
_1.ptx 98 : 580608 6676448 0 0 0 0 0 0 0 
_1.ptx 99 : 580608 6426176 0 0 0 0 0 0 0 
_1.ptx 100 : 580608 53591456 2322432 0 0 18144 18144 0 0 
_1.ptx 102 : 580608 3532768 0 0 0 0 0 0 0 
_1.ptx 118 : 193536 1275840 0 0 0 0 0 0 0 
_1.ptx 119 : 193536 1294432 0 0 0 0 0 0 0 
_1.ptx 120 : 193536 1265280 0 0 0 0 0 0 0 
_1.ptx 121 : 193536 3758304 0 0 0 0 0 0 0 
_1.ptx 122 : 193536 2188960 0 0 0 0 0 0 0 
_1.ptx 123 : 193536 1479648 0 0 0 0 0 0 0 
_1.ptx 124 : 193536 4023360 0 0 0 0 0 0 0 
_1.ptx 125 : 193536 2873088 0 0 0 0 0 0 0 
_1.ptx 126 : 193536 2157312 0 0 0 0 0 0 0 
_1.ptx 127 : 193536 90390752 774144 0 0 6048 6048 0 0 
_1.ptx 129 : 193536 4688512 0 0 0 0 0 0 0 
_1.ptx 130 : 193536 2157792 0 0 0 0 0 0 0 
_1.ptx 131 : 193536 1430528 0 0 0 0 0 0 0 
_1.ptx 132 : 193536 3675488 0 0 0 0 0 0 0 
_1.ptx 133 : 193536 2155104 0 0 0 0 0 0 0 
_1.ptx 134 : 193536 93427296 774144 0 0 6048 6048 0 0 
_1.ptx 136 : 193536 3589472 0 0 0 0 0 0 0 
_1.ptx 137 : 193536 2151296 0 0 0 0 0 0 0 
_1.ptx 138 : 193536 1410976 0 0 0 0 0 0 0 
_1.ptx 139 : 193536 3627552 0 0 0 0 0 0 0 
_1.ptx 140 : 193536 2147008 0 0 0 0 0 0 0 
_1.ptx 141 : 193536 94535808 774144 0 0 6048 6048 0 0 
_1.ptx 143 : 193536 3564832 0 0 0 0 0 0 0 
_1.ptx 144 : 193536 2148832 0 0 0 0 0 0 0 
_1.ptx 145 : 193536 1404768 0 0 0 0 0 0 0 
_1.ptx 146 : 193536 3674016 0 0 0 0 0 0 0 
_1.ptx 147 : 193536 2149056 0 0 0 0 0 0 0 
_1.ptx 148 : 193536 94494976 774144 0 0 6048 6048 0 0 
_1.ptx 150 : 193536 10242240 0 0 0 0 0 0 0 
_1.ptx 151 : 193536 10363232 0 0 0 0 0 0 0 
_1.ptx 152 : 193536 10533600 0 0 0 0 0 0 0 
_1.ptx 153 : 193536 2163904 0 0 0 0 0 0 0 
_1.ptx 154 : 193536 1776512 0 0 0 0 0 0 0 
_1.ptx 155 : 193536 1782112 0 0 0 0 0 0 0 
_1.ptx 156 : 193536 1212832 0 0 0 0 0 0 0 
_1.ptx 157 : 193536 4730944 0 0 0 0 0 0 0 
_1.ptx 158 : 193536 5097184 0 0 0 0 0 0 0 
_1.ptx 159 : 193536 2147456 0 0 0 0 0 0 0 
_1.ptx 160 : 193536 1396832 0 0 0 0 0 0 0 
_1.ptx 161 : 193536 4250400 0 0 0 0 0 0 0 
_1.ptx 162 : 193536 2148128 0 0 0 0 0 0 0 
_1.ptx 163 : 193536 86511232 774144 0 0 6048 6048 0 0 
_1.ptx 164 : 193536 1199776 0 0 0 0 0 0 0 
_1.ptx 165 : 193536 2152896 0 0 0 0 0 0 0 
_1.ptx 166 : 193536 2151840 0 0 0 0 0 0 0 
_1.ptx 167 : 193536 2154400 0 0 0 0 0 0 0 
_1.ptx 168 : 193536 1206784 0 0 0 0 0 0 0 
_1.ptx 169 : 193536 2156320 0 0 0 0 0 0 0 
_1.ptx 170 : 193536 1208736 0 0 0 0 0 0 0 
_1.ptx 171 : 193536 2151456 0 0 0 0 0 0 0 
_1.ptx 172 : 193536 10940544 0 0 0 0 0 0 0 
_1.ptx 173 : 193536 4895648 0 0 0 0 0 0 0 
_1.ptx 174 : 193536 2145600 0 0 0 0 0 0 0 
_1.ptx 175 : 193536 4128896 0 0 0 0 0 0 0 
_1.ptx 176 : 193536 2147776 0 0 0 0 0 0 0 
_1.ptx 177 : 193536 116163168 774144 0 0 6048 6048 0 0 
_1.ptx 178 : 193536 4840544 0 0 0 0 0 0 0 
_1.ptx 179 : 193536 2142016 0 0 0 0 0 0 0 
_1.ptx 180 : 193536 11190528 0 0 0 0 0 0 0 
_1.ptx 182 : 193536 3676352 0 0 0 0 0 0 0 
_1.ptx 183 : 193536 2144896 0 0 0 0 0 0 0 
_1.ptx 184 : 193536 4098784 774144 0 0 6048 6048 0 0 
_1.ptx 186 : 193536 1191840 0 0 0 0 0 0 0 
_1.ptx 208 : 193536 1200224 0 0 0 0 0 0 0 
_1.ptx 209 : 193536 1204736 0 0 0 0 0 0 0 
_1.ptx 210 : 193536 1189888 0 0 0 0 0 0 0 
_1.ptx 211 : 193536 2952032 0 0 0 0 0 0 0 
_1.ptx 212 : 193536 2151936 0 0 0 0 0 0 0 
_1.ptx 213 : 193536 1430528 0 0 0 0 0 0 0 
_1.ptx 214 : 193536 2554592 0 0 0 0 0 0 0 
_1.ptx 215 : 193536 6339200 0 0 0 0 0 0 0 
_1.ptx 216 : 193536 2152960 0 0 0 0 0 0 0 
_1.ptx 217 : 193536 76897504 346368 0 0 6048 6048 0 0 
_1.ptx 219 : 193536 5115616 0 0 0 0 0 0 0 
_1.ptx 220 : 193536 2152480 0 0 0 0 0 0 0 
_1.ptx 221 : 193536 1455744 0 0 0 0 0 0 0 
_1.ptx 222 : 193536 2784864 0 0 0 0 0 0 0 
_1.ptx 223 : 193536 2153184 0 0 0 0 0 0 0 
_1.ptx 224 : 193536 78724608 365440 0 0 6048 6048 0 0 
_1.ptx 226 : 193536 2833952 0 0 0 0 0 0 0 
_1.ptx 227 : 193536 2159488 0 0 0 0 0 0 0 
_1.ptx 228 : 193536 1435264 0 0 0 0 0 0 0 
_1.ptx 229 : 193536 3073696 0 0 0 0 0 0 0 
_1.ptx 230 : 193536 2149120 0 0 0 0 0 0 0 
_1.ptx 231 : 193536 85477056 368768 0 0 6048 6048 0 0 
_1.ptx 233 : 193536 2804992 0 0 0 0 0 0 0 
_1.ptx 234 : 193536 2151328 0 0 0 0 0 0 0 
_1.ptx 235 : 193536 1405024 0 0 0 0 0 0 0 
_1.ptx 236 : 193536 2564800 0 0 0 0 0 0 0 
_1.ptx 237 : 193536 2141472 0 0 0 0 0 0 0 
_1.ptx 238 : 193536 82352704 365824 0 0 6048 6048 0 0 
_1.ptx 240 : 193536 2776992 0 0 0 0 0 0 0 
_1.ptx 241 : 193536 2152064 0 0 0 0 0 0 0 
_1.ptx 242 : 193536 1431904 0 0 0 0 0 0 0 
_1.ptx 243 : 193536 2903552 0 0 0 0 0 0 0 
_1.ptx 244 : 193536 2153920 0 0 0 0 0 0 0 
_1.ptx 245 : 193536 85755936 375040 0 0 6048 6048 0 0 
_1.ptx 247 : 193536 9004352 0 0 0 0 0 0 0 
_1.ptx 248 : 193536 2143680 0 0 0 0 0 0 0 
_1.ptx 249 : 193536 102581600 774144 0 0 6048 6048 0 0 
_1.ptx 251 : 193536 10825664 0 0 0 0 0 0 0 
_1.ptx 252 : 193536 2144608 0 0 0 0 0 0 0 
_1.ptx 253 : 193536 105253472 774144 0 0 6048 6048 0 0 
_1.ptx 255 : 193536 2145472 0 0 0 0 0 0 0 
_1.ptx 256 : 193536 108651680 774144 0 0 6048 6048 0 0 
_1.ptx 258 : 193536 2664640 0 0 0 0 0 0 0 
_1.ptx 259 : 193536 2149984 0 0 0 0 0 0 0 
_1.ptx 260 : 193536 1417440 0 0 0 0 0 0 0 
_1.ptx 261 : 193536 2384640 0 0 0 0 0 0 0 
_1.ptx 262 : 193536 2154240 0 0 0 0 0 0 0 
_1.ptx 263 : 193536 114881632 774144 0 0 6048 6048 0 0 
_1.ptx 264 : 193536 1187392 0 0 0 0 0 0 0 
_1.ptx 265 : 193536 1572736 0 0 0 0 0 0 0 
_1.ptx 266 : 193536 94025 0 0 0 0 0 0 3151 
_1.ptx 268 : 178150 1277782 0 0 0 0 0 0 0 
_1.ptx 269 : 178150 2073494 0 0 0 0 0 0 0 
_1.ptx 270 : 178150 1978014 0 0 0 0 0 0 0 
_1.ptx 271 : 178150 177837039 251904 0 0 114727 6046 0 0 
_1.ptx 273 : 178150 1975686 0 0 0 0 0 0 0 
_1.ptx 274 : 178150 1272599 0 0 0 0 0 0 0 
_1.ptx 275 : 178150 2066287 0 0 0 0 0 0 0 
_1.ptx 276 : 178150 1974250 0 0 0 0 0 0 0 
_1.ptx 277 : 178150 194724781 283264 0 0 114727 6046 0 0 
_1.ptx 279 : 178150 1973103 0 0 0 0 0 0 0 
_1.ptx 280 : 178150 1269877 0 0 0 0 0 0 0 
_1.ptx 281 : 178150 1993114 0 0 0 0 0 0 0 
_1.ptx 282 : 178150 1971940 0 0 0 0 0 0 0 
_1.ptx 283 : 178150 200919836 237952 0 0 114727 6046 0 0 
_1.ptx 285 : 178150 1971888 0 0 0 0 0 0 0 
_1.ptx 286 : 178150 1266223 0 0 0 0 0 0 0 
_1.ptx 287 : 178150 2009692 0 0 0 0 0 0 0 
_1.ptx 288 : 178150 1976563 0 0 0 0 0 0 0 
_1.ptx 289 : 178150 201235115 231168 0 0 114727 6046 0 0 
_1.ptx 291 : 178150 1971651 0 0 0 0 0 0 0 
_1.ptx 292 : 178150 1267162 0 0 0 0 0 0 0 
_1.ptx 293 : 178150 2117780 0 0 0 0 0 0 0 
_1.ptx 294 : 178150 1970058 0 0 0 0 0 0 0 
_1.ptx 295 : 178150 198177605 252800 0 0 114727 6046 0 0 
_1.ptx 297 : 178150 8670125 0 0 0 0 0 0 0 
_1.ptx 298 : 178150 9109964 0 0 0 0 0 0 0 
_1.ptx 299 : 178150 9502529 0 0 0 0 0 0 0 
_1.ptx 300 : 178150 1078782 0 0 0 0 0 0 0 
_1.ptx 301 : 178150 1977149 0 0 0 0 0 0 0 
_1.ptx 302 : 178150 9063064 0 0 0 0 0 0 0 
_1.ptx 303 : 178150 9230044 0 0 0 0 0 0 0 
_1.ptx 304 : 178150 9029302 0 0 0 0 0 0 0 
_1.ptx 305 : 178150 1079131 0 0 0 0 0 0 0 
_1.ptx 306 : 178150 1970196 0 0 0 0 0 0 0 
_1.ptx 307 : 178150 1982918 0 0 0 0 0 0 0 
_1.ptx 308 : 178150 1979979 0 0 0 0 0 0 0 
_1.ptx 309 : 178150 1620317 0 0 0 0 0 0 0 
_1.ptx 310 : 178150 1618566 0 0 0 0 0 0 0 
_1.ptx 311 : 178150 1617535 0 0 0 0 0 0 0 
_1.ptx 312 : 178150 1620740 0 0 0 0 0 0 0 
_1.ptx 313 : 178150 1979248 0 0 0 0 0 0 0 
_1.ptx 314 : 178150 1971720 0 0 0 0 0 0 0 
_1.ptx 315 : 178150 1976724 0 0 0 0 0 0 0 
_1.ptx 316 : 178150 1977364 0 0 0 0 0 0 0 
_1.ptx 317 : 178150 1090873 0 0 0 0 0 0 0 
_1.ptx 318 : 178150 1978496 0 0 0 0 0 0 0 
_1.ptx 319 : 178150 1090026 0 0 0 0 0 0 0 
_1.ptx 320 : 178150 1976800 0 0 0 0 0 0 0 
_1.ptx 321 : 178150 2961190 0 0 0 0 0 0 0 
_1.ptx 322 : 178150 4012569 0 0 0 0 0 0 0 
_1.ptx 323 : 178150 1975661 0 0 0 0 0 0 0 
_1.ptx 324 : 178150 1085616 0 0 0 0 0 0 0 
_1.ptx 325 : 178150 1972892 0 0 0 0 0 0 0 
_1.ptx 326 : 178150 8580855 0 0 0 0 0 0 0 
_1.ptx 327 : 178150 2895666 0 0 0 0 0 0 0 
_1.ptx 328 : 178150 1976338 0 0 0 0 0 0 0 
_1.ptx 329 : 178150 1087749 0 0 0 0 0 0 0 
_1.ptx 330 : 178150 1974877 0 0 0 0 0 0 0 
_1.ptx 331 : 178150 8557883 0 0 0 0 0 0 0 
_1.ptx 332 : 178150 2889776 0 0 0 0 0 0 0 
_1.ptx 333 : 178150 1975570 0 0 0 0 0 0 0 
_1.ptx 334 : 178150 1988642 0 0 0 0 0 0 0 
_1.ptx 335 : 178150 1622139 0 0 0 0 0 0 0 
_1.ptx 336 : 178150 1624975 0 0 0 0 0 0 0 
_1.ptx 337 : 178150 2827671 0 0 0 0 0 0 0 
_1.ptx 338 : 178150 1277961 0 0 0 0 0 0 0 
_1.ptx 339 : 178150 1098999 0 0 0 0 0 0 0 
_1.ptx 340 : 178150 1986437 0 0 0 0 0 0 0 
_1.ptx 341 : 178150 1093416 0 0 0 0 0 0 0 
_1.ptx 342 : 178150 1980465 0 0 0 0 0 0 0 
_1.ptx 343 : 178150 1978746 0 0 0 0 0 0 0 
_1.ptx 345 : 178150 1093486 0 0 0 0 0 0 0 
_1.ptx 346 : 178150 1981382 0 0 0 0 0 0 0 
_1.ptx 347 : 178150 1101008 0 0 0 0 0 0 0 
_1.ptx 348 : 178150 1982200 0 0 0 0 0 0 0 
_1.ptx 349 : 178150 1101156 0 0 0 0 0 0 0 
_1.ptx 350 : 178150 1981690 0 0 0 0 0 0 0 
_1.ptx 351 : 178150 1100097 0 0 0 0 0 0 0 
_1.ptx 352 : 178150 1983814 0 0 0 0 0 0 0 
_1.ptx 353 : 178150 1624113 0 0 0 0 0 0 0 
_1.ptx 354 : 178150 1992377 0 0 0 0 0 0 0 
_1.ptx 355 : 178150 1623387 0 0 0 0 0 0 0 
_1.ptx 356 : 178150 1991885 0 0 0 0 0 0 0 
_1.ptx 357 : 178150 1625272 0 0 0 0 0 0 0 
_1.ptx 358 : 178150 1994359 0 0 0 0 0 0 0 
_1.ptx 359 : 178150 1624331 0 0 0 0 0 0 0 
_1.ptx 361 : 178150 1987814 0 0 0 0 0 0 0 
_1.ptx 362 : 178150 1986103 0 0 0 0 0 0 0 
_1.ptx 363 : 178150 1121389 0 0 0 0 0 0 0 
_1.ptx 364 : 178150 1989955 0 0 0 0 0 0 0 
_1.ptx 365 : 178150 1625479 0 0 0 0 0 0 0 
_1.ptx 366 : 178150 1991804 0 0 0 0 0 0 0 
_1.ptx 367 : 178150 1622823 0 0 0 0 0 0 0 
_1.ptx 368 : 178150 1626912 0 0 0 0 0 0 0 
_1.ptx 369 : 178150 1990727 0 0 0 0 0 0 0 
_1.ptx 370 : 178150 1622243 0 0 0 0 0 0 0 
_1.ptx 371 : 178150 1624632 0 0 0 0 0 0 0 
_1.ptx 372 : 178150 2003632 0 0 0 0 0 0 0 
_1.ptx 373 : 178150 1620784 0 0 0 0 0 0 0 
_1.ptx 374 : 178150 1624685 0 0 0 0 0 0 0 
_1.ptx 376 : 178150 1992226 0 0 0 0 0 0 0 
_1.ptx 377 : 178150 1995435 0 0 0 0 0 0 0 
_1.ptx 378 : 178150 1996717 0 0 0 0 0 0 0 
_1.ptx 379 : 178150 1990781 0 0 0 0 0 0 0 
_1.ptx 380 : 178150 1984884 0 0 0 0 0 0 0 
_1.ptx 381 : 178150 1990590 0 0 0 0 0 0 0 
_1.ptx 382 : 178150 1122805 0 0 0 0 0 0 0 
_1.ptx 383 : 178150 1993358 0 0 0 0 0 0 0 
_1.ptx 384 : 178150 1623019 0 0 0 0 0 0 0 
_1.ptx 385 : 178150 1624096 0 0 0 0 0 0 0 
_1.ptx 386 : 178150 1636429 0 0 0 0 0 0 0 
_1.ptx 387 : 178150 1980257 0 0 0 0 0 0 0 
_1.ptx 388 : 178150 1620667 0 0 0 0 0 0 0 
_1.ptx 389 : 178150 1625041 0 0 0 0 0 0 0 
_1.ptx 390 : 178150 1626389 0 0 0 0 0 0 0 
_1.ptx 392 : 178150 2012902 0 0 0 0 0 0 0 
_1.ptx 393 : 178150 1994730 0 0 0 0 0 0 0 
_1.ptx 394 : 178150 1979720 0 0 0 0 0 0 0 
_1.ptx 395 : 178150 1096390 0 0 0 0 0 0 0 
_1.ptx 396 : 178150 1977860 0 0 0 0 0 0 0 
_1.ptx 397 : 178150 1630145 0 0 0 0 0 0 0 
_1.ptx 398 : 178150 1646225 0 0 0 0 0 0 0 
_1.ptx 399 : 178150 1628104 0 0 0 0 0 0 0 
_1.ptx 400 : 178150 1652293 0 0 0 0 0 0 0 
_1.ptx 401 : 178150 1983937 0 0 0 0 0 0 0 
_1.ptx 402 : 178150 1625375 0 0 0 0 0 0 0 
_1.ptx 403 : 178150 1630198 0 0 0 0 0 0 0 
_1.ptx 405 : 178150 1117940 0 0 0 0 0 0 0 
_1.ptx 406 : 178150 2000679 0 0 0 0 0 0 0 
_1.ptx 407 : 178150 1622890 0 0 0 0 0 0 0 
_1.ptx 408 : 178150 1621989 0 0 0 0 0 0 0 
_1.ptx 409 : 178150 1621560 0 0 0 0 0 0 0 
_1.ptx 410 : 178150 1633200 0 0 0 0 0 0 0 
_1.ptx 411 : 178150 1626260 0 0 0 0 0 0 0 
_1.ptx 412 : 178150 1982529 0 0 0 0 0 0 0 
_1.ptx 413 : 178150 1622838 0 0 0 0 0 0 0 
_1.ptx 414 : 178150 1107093 0 0 0 0 0 0 0 
_1.ptx 416 : 15386 94058 0 0 0 0 0 0 0 
_1.ptx 417 : 15386 125445 0 0 0 0 0 0 0 
_1.ptx 418 : 15386 5306 0 0 0 0 0 0 55 
_1.ptx 420 : 14510 823099 0 0 0 0 0 0 0 
_1.ptx 421 : 14510 919441 0 0 0 0 0 0 0 
_1.ptx 422 : 14510 973177 0 0 0 0 0 0 0 
_1.ptx 423 : 14510 88522 0 0 0 0 0 0 0 
_1.ptx 424 : 14510 161886 0 0 0 0 0 0 0 
_1.ptx 425 : 14510 162622 0 0 0 0 0 0 0 
_1.ptx 426 : 14510 133183 0 0 0 0 0 0 0 
_1.ptx 427 : 14510 133517 0 0 0 0 0 0 0 
_1.ptx 428 : 14510 163357 0 0 0 0 0 0 0 
_1.ptx 429 : 14510 162473 0 0 0 0 0 0 0 
_1.ptx 430 : 14510 90814 0 0 0 0 0 0 0 
_1.ptx 431 : 14510 163350 0 0 0 0 0 0 0 
_1.ptx 432 : 14510 96325 0 0 0 0 0 0 0 
_1.ptx 433 : 14510 135476 0 0 0 0 0 0 0 
_1.ptx 435 : 14510 94813 0 0 0 0 0 0 0 
_1.ptx 436 : 14510 134716 0 0 0 0 0 0 0 
_1.ptx 438 : 14510 94264 0 0 0 0 0 0 0 
_1.ptx 439 : 14510 135617 0 0 0 0 0 0 0 
_1.ptx 440 : 14510 92875 0 0 0 0 0 0 0 
_1.ptx 441 : 14510 93880 0 0 0 0 0 0 0 
_1.ptx 442 : 14510 93440 0 0 0 0 0 0 0 
_1.ptx 444 : 876 5271 0 0 0 0 0 0 0 
_1.ptx 445 : 876 7080 0 0 0 0 0 0 0 
_1.ptx 446 : 876 0 0 0 0 0 0 0 0 
_1.ptx 448 : 876 5357 0 0 0 0 0 0 0 
_1.ptx 449 : 876 9834 0 0 0 0 0 0 0 
_1.ptx 450 : 876 5665 0 0 0 0 0 0 0 
_1.ptx 451 : 876 9717 0 0 0 0 0 0 0 
_1.ptx 452 : 876 5407 0 0 0 0 0 0 0 
_1.ptx 453 : 876 9875 0 0 0 0 0 0 0 
_1.ptx 454 : 876 5668 0 0 0 0 0 0 0 
_1.ptx 455 : 876 209631 0 0 0 0 0 0 0 
_1.ptx 456 : 876 9716 0 0 0 0 0 0 0 
_1.ptx 457 : 876 8002 0 0 0 0 0 0 0 
_1.ptx 458 : 876 192379 0 0 0 0 0 0 0 
_1.ptx 459 : 876 9810 0 0 0 0 0 0 0 
_1.ptx 460 : 876 8022 0 0 0 0 0 0 0 
_1.ptx 461 : 876 141754 0 0 0 0 0 0 0 
_1.ptx 462 : 876 9770 0 0 0 0 0 0 0 
_1.ptx 463 : 876 8144 0 0 0 0 0 0 0 
_1.ptx 465 : 876 49031 0 0 0 0 0 0 0 
_1.ptx 466 : 876 54335 0 0 0 0 0 0 0 
_1.ptx 467 : 876 55311 0 0 0 0 0 0 0 
_1.ptx 468 : 876 5348 0 0 0 0 0 0 0 
_1.ptx 469 : 876 9689 0 0 0 0 0 0 0 
_1.ptx 470 : 876 9819 0 0 0 0 0 0 0 
_1.ptx 471 : 876 8014 0 0 0 0 0 0 0 
_1.ptx 472 : 876 7969 0 0 0 0 0 0 0 
_1.ptx 473 : 876 9754 0 0 0 0 0 0 0 
_1.ptx 474 : 876 9756 0 0 0 0 0 0 0 
_1.ptx 475 : 876 5507 0 0 0 0 0 0 0 
_1.ptx 476 : 876 9708 0 0 0 0 0 0 0 
_1.ptx 477 : 876 9741 0 0 0 0 0 0 0 
_1.ptx 478 : 876 5504 0 0 0 0 0 0 0 
_1.ptx 479 : 876 225216 256 0 0 0 0 0 0 
_1.ptx 480 : 876 7974 0 0 0 0 0 0 0 
_1.ptx 481 : 876 8164 0 0 0 0 0 0 0 
_1.ptx 482 : 876 116486 0 0 0 0 0 0 0 
_1.ptx 483 : 876 7983 0 0 0 0 0 0 0 
_1.ptx 484 : 876 7980 0 0 0 0 0 0 0 
_1.ptx 485 : 876 85858 0 0 0 0 0 0 0 
_1.ptx 486 : 876 8130 0 0 0 0 0 0 0 
_1.ptx 487 : 876 8221 0 0 0 0 0 0 0 
_1.ptx 489 : 876 10091 0 0 0 0 0 0 0 
_1.ptx 490 : 876 10411 0 0 0 0 0 0 0 
_1.ptx 491 : 876 6310 0 0 0 0 0 0 0 
_1.ptx 492 : 876 216782 256 0 0 0 0 0 0 
_1.ptx 493 : 876 8046 0 0 0 0 0 0 0 
_1.ptx 494 : 876 9945 0 0 0 0 0 0 0 
_1.ptx 495 : 876 7983 0 0 0 0 0 0 0 
_1.ptx 496 : 876 56426 0 0 0 0 0 0 0 
_1.ptx 497 : 876 9819 0 0 0 0 0 0 0 
_1.ptx 498 : 876 8058 0 0 0 0 0 0 0 
_1.ptx 499 : 876 57380 0 0 0 0 0 0 0 
_1.ptx 500 : 876 9812 0 0 0 0 0 0 0 
_1.ptx 501 : 876 8276 0 0 0 0 0 0 0 
_1.ptx 503 : 876 10064 0 0 0 0 0 0 0 
_1.ptx 504 : 876 6697 0 0 0 0 0 0 0 
_1.ptx 505 : 876 147186 256 0 0 0 0 0 0 
_1.ptx 506 : 876 9926 0 0 0 0 0 0 0 
_1.ptx 507 : 876 8097 0 0 0 0 0 0 0 
_1.ptx 508 : 876 60537 0 0 0 0 0 0 0 
_1.ptx 509 : 876 8143 0 0 0 0 0 0 0 
_1.ptx 510 : 876 9966 0 0 0 0 0 0 0 
_1.ptx 511 : 876 8290 0 0 0 0 0 0 0 
_1.ptx 512 : 876 46722 0 0 0 0 0 0 0 
_1.ptx 513 : 876 10126 0 0 0 0 0 0 0 
_1.ptx 514 : 876 8110 0 0 0 0 0 0 0 
_1.ptx 516 : 876 5930 0 0 0 0 0 0 0 
_1.ptx 517 : 876 132023 256 0 0 0 0 0 0 
_1.ptx 518 : 876 9847 0 0 0 0 0 0 0 
_1.ptx 519 : 876 8087 0 0 0 0 0 0 0 
_1.ptx 520 : 876 44711 0 0 0 0 0 0 0 
_1.ptx 521 : 876 9884 0 0 0 0 0 0 0 
_1.ptx 522 : 876 8117 0 0 0 0 0 0 0 
_1.ptx 523 : 876 30885 0 0 0 0 0 0 0 
_1.ptx 524 : 876 8150 0 0 0 0 0 0 0 
_1.ptx 525 : 876 9896 0 0 0 0 0 0 0 
_1.ptx 526 : 876 8194 0 0 0 0 0 0 0 
_1.ptx 527 : 876 5776 0 0 0 0 0 0 0 
_1.ptx 538 : 193536 2143584 0 0 0 0 0 0 0 
_1.ptx 539 : 193536 125240096 774144 0 0 6048 6048 0 0 
_1.ptx 541 : 193536 2146656 0 0 0 0 0 0 0 
_1.ptx 542 : 193536 113087968 774144 0 0 6048 6048 0 0 
_1.ptx 544 : 193536 2479968 0 0 0 0 0 0 0 
_1.ptx 545 : 193536 2150304 0 0 0 0 0 0 0 
_1.ptx 546 : 193536 1399488 0 0 0 0 0 0 0 
_1.ptx 547 : 193536 2426976 0 0 0 0 0 0 0 
_1.ptx 548 : 193536 2150304 0 0 0 0 0 0 0 
_1.ptx 549 : 193536 114165408 774144 0 0 6048 6048 0 0 
_1.ptx 551 : 193536 2452544 0 0 0 0 0 0 0 
_1.ptx 552 : 193536 2149408 0 0 0 0 0 0 0 
_1.ptx 553 : 193536 1404960 0 0 0 0 0 0 0 
_1.ptx 554 : 193536 2433216 0 0 0 0 0 0 0 
_1.ptx 555 : 193536 2151008 0 0 0 0 0 0 0 
_1.ptx 556 : 193536 114716480 774144 0 0 6048 6048 0 0 
_1.ptx 557 : 193536 1179008 0 0 0 0 0 0 0 
_1.ptx 558 : 193536 1574240 0 0 0 0 0 0 0 
_1.ptx 559 : 193536 0 0 0 0 0 0 0 0 
_1.ptx 561 : 193536 1385920 0 0 0 0 0 0 0 
_1.ptx 562 : 193536 2649600 0 0 0 0 0 0 0 
_1.ptx 563 : 193536 2152832 0 0 0 0 0 0 0 
_1.ptx 564 : 193536 134187904 25728 0 0 46866 6048 0 0 
_1.ptx 566 : 193536 2152480 0 0 0 0 0 0 0 
_1.ptx 567 : 193536 1391648 0 0 0 0 0 0 0 
_1.ptx 568 : 193536 2466848 0 0 0 0 0 0 0 
_1.ptx 569 : 193536 2150784 0 0 0 0 0 0 0 
_1.ptx 570 : 193536 138555936 28288 0 0 46866 6048 0 0 
_1.ptx 572 : 193536 2148000 0 0 0 0 0 0 0 
_1.ptx 573 : 193536 1382784 0 0 0 0 0 0 0 
_1.ptx 574 : 193536 2403776 0 0 0 0 0 0 0 
_1.ptx 575 : 193536 2147904 0 0 0 0 0 0 0 
_1.ptx 576 : 193536 140060672 25088 0 0 46866 6048 0 0 
_1.ptx 578 : 193536 2147648 0 0 0 0 0 0 0 
_1.ptx 579 : 193536 1384960 0 0 0 0 0 0 0 
_1.ptx 580 : 193536 2441568 0 0 0 0 0 0 0 
_1.ptx 581 : 193536 2148608 0 0 0 0 0 0 0 
_1.ptx 582 : 193536 140927296 22912 0 0 46866 6048 0 0 
_1.ptx 584 : 193536 2145792 0 0 0 0 0 0 0 
_1.ptx 585 : 193536 1378752 0 0 0 0 0 0 0 
_1.ptx 586 : 193536 2288416 0 0 0 0 0 0 0 
_1.ptx 587 : 193536 2144160 0 0 0 0 0 0 0 
_1.ptx 588 : 193536 140027776 22400 0 0 46866 6048 0 0 
_1.ptx 590 : 193536 9424992 0 0 0 0 0 0 0 
_1.ptx 591 : 193536 9878528 0 0 0 0 0 0 0 
_1.ptx 592 : 193536 10349056 0 0 0 0 0 0 0 
_1.ptx 593 : 193536 1174912 0 0 0 0 0 0 0 
_1.ptx 594 : 193536 2148544 0 0 0 0 0 0 0 
_1.ptx 595 : 193536 9848160 0 0 0 0 0 0 0 
_1.ptx 596 : 193536 9991392 0 0 0 0 0 0 0 
_1.ptx 597 : 193536 9587712 0 0 0 0 0 0 0 
_1.ptx 598 : 193536 1181088 0 0 0 0 0 0 0 
_1.ptx 599 : 193536 2156352 0 0 0 0 0 0 0 
_1.ptx 600 : 193536 2210784 0 0 0 0 0 0 0 
_1.ptx 601 : 193536 2182816 0 0 0 0 0 0 0 
_1.ptx 602 : 193536 1774400 0 0 0 0 0 0 0 
_1.ptx 603 : 193536 1770528 0 0 0 0 0 0 0 
_1.ptx 604 : 193536 1772032 0 0 0 0 0 0 0 
_1.ptx 605 : 193536 1776480 0 0 0 0 0 0 0 
_1.ptx 606 : 193536 2170848 0 0 0 0 0 0 0 
_1.ptx 607 : 193536 2152896 0 0 0 0 0 0 0 
_1.ptx 608 : 193536 2157344 0 0 0 0 0 0 0 
_1.ptx 609 : 193536 2153600 0 0 0 0 0 0 0 
_1.ptx 610 : 193536 1186816 0 0 0 0 0 0 0 
_1.ptx 611 : 193536 2165728 0 0 0 0 0 0 0 
_1.ptx 612 : 193536 1191456 0 0 0 0 0 0 0 
_1.ptx 613 : 193536 2155136 0 0 0 0 0 0 0 
_1.ptx 614 : 193536 5167200 0 0 0 0 0 0 0 
_1.ptx 615 : 193536 7057824 0 0 0 0 0 0 0 
_1.ptx 616 : 193536 2162304 0 0 0 0 0 0 0 
_1.ptx 617 : 193536 1183744 0 0 0 0 0 0 0 
_1.ptx 618 : 193536 2148448 0 0 0 0 0 0 0 
_1.ptx 619 : 193536 10660032 0 0 0 0 0 0 0 
_1.ptx 620 : 193536 3861088 0 0 0 0 0 0 0 
_1.ptx 621 : 193536 2148928 0 0 0 0 0 0 0 
_1.ptx 622 : 193536 1181440 0 0 0 0 0 0 0 
_1.ptx 623 : 193536 2148256 0 0 0 0 0 0 0 
_1.ptx 624 : 193536 10132672 0 0 0 0 0 0 0 
_1.ptx 625 : 193536 3742048 0 0 0 0 0 0 0 
_1.ptx 626 : 193536 2151552 0 0 0 0 0 0 0 
_1.ptx 627 : 193536 2167008 0 0 0 0 0 0 0 
_1.ptx 628 : 193536 1764192 0 0 0 0 0 0 0 
_1.ptx 629 : 193536 1769600 0 0 0 0 0 0 0 
_1.ptx 630 : 193536 5183712 0 0 0 0 0 0 0 
_1.ptx 631 : 193536 1416224 0 0 0 0 0 0 0 
_1.ptx 632 : 193536 1226304 0 0 0 0 0 0 0 
_1.ptx 633 : 193536 2196384 0 0 0 0 0 0 0 
_1.ptx 634 : 193536 1225088 0 0 0 0 0 0 0 
_1.ptx 635 : 193536 2180960 0 0 0 0 0 0 0 
_1.ptx 636 : 193536 2185056 0 0 0 0 0 0 0 
_1.ptx 638 : 193536 2184544 0 0 0 0 0 0 0 
_1.ptx 639 : 193536 1791552 0 0 0 0 0 0 0 
_1.ptx 641 : 193536 2181760 0 0 0 0 0 0 0 
_1.ptx 642 : 193536 1784768 0 0 0 0 0 0 0 
_1.ptx 644 : 193536 2184480 0 0 0 0 0 0 0 
_1.ptx 645 : 193536 1781696 0 0 0 0 0 0 0 
_1.ptx 647 : 193536 2180672 0 0 0 0 0 0 0 
_1.ptx 648 : 193536 1774560 0 0 0 0 0 0 0 
_1.ptx 650 : 193536 2155872 0 0 0 0 0 0 0 
_1.ptx 651 : 193536 1772032 0 0 0 0 0 0 0 
_1.ptx 653 : 193536 1223360 0 0 0 0 0 0 0 
_1.ptx 654 : 193536 2165824 0 0 0 0 0 0 0 
_1.ptx 655 : 193536 2174368 0 0 0 0 0 0 0 
_1.ptx 656 : 193536 1792480 0 0 0 0 0 0 0 
_1.ptx 658 : 193536 2182784 0 0 0 0 0 0 0 
_1.ptx 659 : 193536 2181600 0 0 0 0 0 0 0 
_1.ptx 660 : 193536 2173088 0 0 0 0 0 0 0 
_1.ptx 661 : 193536 1772928 0 0 0 0 0 0 0 
_1.ptx 662 : 193536 1775680 0 0 0 0 0 0 0 
_1.ptx 664 : 193536 1776416 0 0 0 0 0 0 0 
_1.ptx 665 : 193536 1777056 0 0 0 0 0 0 0 
_1.ptx 666 : 193536 2171104 0 0 0 0 0 0 0 
_1.ptx 667 : 193536 1781888 0 0 0 0 0 0 0 
_1.ptx 669 : 193536 2205920 0 0 0 0 0 0 0 
_1.ptx 670 : 193536 2150656 0 0 0 0 0 0 0 
_1.ptx 671 : 193536 2154016 0 0 0 0 0 0 0 
_1.ptx 672 : 193536 1785568 0 0 0 0 0 0 0 
_1.ptx 674 : 193536 2242752 0 0 0 0 0 0 0 
_1.ptx 675 : 193536 2189632 0 0 0 0 0 0 0 
_1.ptx 676 : 193536 2165344 0 0 0 0 0 0 0 
_1.ptx 677 : 193536 1778880 0 0 0 0 0 0 0 
_1.ptx 679 : 193536 1243200 0 0 0 0 0 0 0 
_1.ptx 680 : 193536 2169600 0 0 0 0 0 0 0 
_1.ptx 681 : 193536 2174912 0 0 0 0 0 0 0 
_1.ptx 682 : 193536 1789920 0 0 0 0 0 0 0 
_1.ptx 684 : 193536 2192576 0 0 0 0 0 0 0 
_1.ptx 685 : 193536 1774272 0 0 0 0 0 0 0 
_1.ptx 686 : 193536 1769120 0 0 0 0 0 0 0 
_1.ptx 688 : 193536 1772544 0 0 0 0 0 0 0 
_1.ptx 690 : 193536 1772864 0 0 0 0 0 0 0 
_1.ptx 691 : 193536 1780896 0 0 0 0 0 0 0 
_1.ptx 692 : 193536 2155296 0 0 0 0 0 0 0 
_1.ptx 693 : 193536 1786976 0 0 0 0 0 0 0 
_1.ptx 695 : 193536 2196992 0 0 0 0 0 0 0 
_1.ptx 696 : 193536 2192064 0 0 0 0 0 0 0 
_1.ptx 697 : 193536 2162176 0 0 0 0 0 0 0 
_1.ptx 698 : 193536 1788448 0 0 0 0 0 0 0 
_1.ptx 700 : 193536 1251360 0 0 0 0 0 0 0 
_1.ptx 701 : 193536 2176192 0 0 0 0 0 0 0 
_1.ptx 702 : 193536 2180320 0 0 0 0 0 0 0 
_1.ptx 703 : 193536 1796832 0 0 0 0 0 0 0 
_1.ptx 705 : 193536 2208224 0 0 0 0 0 0 0 
_1.ptx 706 : 193536 1783872 0 0 0 0 0 0 0 
_1.ptx 707 : 193536 1773120 0 0 0 0 0 0 0 
_1.ptx 709 : 193536 1778336 0 0 0 0 0 0 0 
_1.ptx 711 : 193536 1797824 0 0 0 0 0 0 0 
_1.ptx 713 : 193536 1771488 0 0 0 0 0 0 0 
_1.ptx 714 : 193536 1778048 0 0 0 0 0 0 0 
_1.ptx 715 : 193536 2160736 0 0 0 0 0 0 0 
_1.ptx 716 : 193536 1777600 0 0 0 0 0 0 0 
_1.ptx 717 : 193536 1224832 0 0 0 0 0 0 0 
_1.ptx 834 : 193536 2144160 0 0 0 0 0 0 0 
_1.ptx 835 : 193536 118097824 774144 0 0 6048 6048 0 0 
_1.ptx 837 : 193536 2142848 0 0 0 0 0 0 0 
_1.ptx 838 : 193536 107620896 774144 0 0 6048 6048 0 0 
_1.ptx 840 : 193536 2393920 0 0 0 0 0 0 0 
_1.ptx 841 : 193536 2152576 0 0 0 0 0 0 0 
_1.ptx 842 : 193536 1408864 0 0 0 0 0 0 0 
_1.ptx 843 : 193536 2403360 0 0 0 0 0 0 0 
_1.ptx 844 : 193536 2153056 0 0 0 0 0 0 0 
_1.ptx 845 : 193536 110372672 774144 0 0 6048 6048 0 0 
_1.ptx 847 : 193536 2375104 0 0 0 0 0 0 0 
_1.ptx 848 : 193536 2165184 0 0 0 0 0 0 0 
_1.ptx 849 : 193536 1402368 0 0 0 0 0 0 0 
_1.ptx 850 : 193536 2374304 0 0 0 0 0 0 0 
_1.ptx 851 : 193536 2155744 0 0 0 0 0 0 0 
_1.ptx 852 : 193536 111658048 774144 0 0 6048 6048 0 0 
_1.ptx 853 : 193536 1189536 0 0 0 0 0 0 0 
_1.ptx 854 : 193536 1578880 0 0 0 0 0 0 0 
_1.ptx 855 : 193536 0 0 0 0 0 0 0 0 
_1.ptx 857 : 193536 1398240 0 0 0 0 0 0 0 
_1.ptx 858 : 193536 2361184 0 0 0 0 0 0 0 
_1.ptx 859 : 193536 2158208 0 0 0 0 0 0 0 
_1.ptx 860 : 193536 86092736 1280 0 0 13843 6048 0 0 
_1.ptx 862 : 193536 2154944 0 0 0 0 0 0 0 
_1.ptx 863 : 193536 1412320 0 0 0 0 0 0 0 
_1.ptx 864 : 193536 2340416 0 0 0 0 0 0 0 
_1.ptx 865 : 193536 2155040 0 0 0 0 0 0 0 
_1.ptx 866 : 193536 89039840 2176 0 0 13843 6048 0 0 
_1.ptx 868 : 193536 2150016 0 0 0 0 0 0 0 
_1.ptx 869 : 193536 1392160 0 0 0 0 0 0 0 
_1.ptx 870 : 193536 2607008 0 0 0 0 0 0 0 
_1.ptx 871 : 193536 2151520 0 0 0 0 0 0 0 
_1.ptx 872 : 193536 89297440 3840 0 0 13843 6048 0 0 
_1.ptx 874 : 193536 2152128 0 0 0 0 0 0 0 
_1.ptx 875 : 193536 1399264 0 0 0 0 0 0 0 
_1.ptx 876 : 193536 2293024 0 0 0 0 0 0 0 
_1.ptx 877 : 193536 2151808 0 0 0 0 0 0 0 
_1.ptx 878 : 193536 85591648 640 0 0 13843 6048 0 0 
_1.ptx 880 : 193536 2149472 0 0 0 0 0 0 0 
_1.ptx 881 : 193536 1393088 0 0 0 0 0 0 0 
_1.ptx 882 : 193536 2430528 0 0 0 0 0 0 0 
_1.ptx 883 : 193536 2150368 0 0 0 0 0 0 0 
_1.ptx 884 : 193536 83880544 768 0 0 13843 6048 0 0 
_1.ptx 886 : 193536 10020576 0 0 0 0 0 0 0 
_1.ptx 887 : 193536 10571168 0 0 0 0 0 0 0 
_1.ptx 888 : 193536 10989056 0 0 0 0 0 0 0 
_1.ptx 889 : 193536 1180896 0 0 0 0 0 0 0 
_1.ptx 890 : 193536 2151680 0 0 0 0 0 0 0 
_1.ptx 891 : 193536 11124576 0 0 0 0 0 0 0 
_1.ptx 892 : 193536 12167008 0 0 0 0 0 0 0 
_1.ptx 893 : 193536 12084800 0 0 0 0 0 0 0 
_1.ptx 894 : 193536 1192608 0 0 0 0 0 0 0 
_1.ptx 895 : 193536 2169600 0 0 0 0 0 0 0 
_1.ptx 896 : 193536 2182304 0 0 0 0 0 0 0 
_1.ptx 897 : 193536 2206848 0 0 0 0 0 0 0 
_1.ptx 898 : 193536 1790976 0 0 0 0 0 0 0 
_1.ptx 899 : 193536 1784800 0 0 0 0 0 0 0 
_1.ptx 900 : 193536 1786592 0 0 0 0 0 0 0 
_1.ptx 901 : 193536 1800992 0 0 0 0 0 0 0 
_1.ptx 902 : 193536 2193760 0 0 0 0 0 0 0 
_1.ptx 903 : 193536 2170016 0 0 0 0 0 0 0 
_1.ptx 904 : 193536 2189952 0 0 0 0 0 0 0 
_1.ptx 905 : 193536 2160000 0 0 0 0 0 0 0 
_1.ptx 906 : 193536 1245920 0 0 0 0 0 0 0 
_1.ptx 907 : 193536 2181920 0 0 0 0 0 0 0 
_1.ptx 908 : 193536 1254880 0 0 0 0 0 0 0 
_1.ptx 909 : 193536 2196864 0 0 0 0 0 0 0 
_1.ptx 910 : 193536 7154720 0 0 0 0 0 0 0 
_1.ptx 911 : 193536 9864928 0 0 0 0 0 0 0 
_1.ptx 912 : 193536 2172480 0 0 0 0 0 0 0 
_1.ptx 913 : 193536 1186016 0 0 0 0 0 0 0 
_1.ptx 914 : 193536 2147840 0 0 0 0 0 0 0 
_1.ptx 915 : 193536 12776096 0 0 0 0 0 0 0 
_1.ptx 916 : 193536 5175104 0 0 0 0 0 0 0 
_1.ptx 917 : 193536 2148064 0 0 0 0 0 0 0 
_1.ptx 918 : 193536 1186624 0 0 0 0 0 0 0 
_1.ptx 919 : 193536 2153056 0 0 0 0 0 0 0 
_1.ptx 920 : 193536 11458656 0 0 0 0 0 0 0 
_1.ptx 921 : 193536 6414880 0 0 0 0 0 0 0 
_1.ptx 922 : 193536 2151456 0 0 0 0 0 0 0 
_1.ptx 923 : 193536 2177824 0 0 0 0 0 0 0 
_1.ptx 924 : 193536 1770464 0 0 0 0 0 0 0 
_1.ptx 925 : 193536 1782784 0 0 0 0 0 0 0 
_1.ptx 926 : 193536 6120640 0 0 0 0 0 0 0 
_1.ptx 927 : 193536 1441408 0 0 0 0 0 0 0 
_1.ptx 928 : 193536 1247648 0 0 0 0 0 0 0 
_1.ptx 929 : 193536 2193248 0 0 0 0 0 0 0 
_1.ptx 930 : 193536 1244288 0 0 0 0 0 0 0 
_1.ptx 931 : 193536 2187296 0 0 0 0 0 0 0 
_1.ptx 932 : 193536 2186720 0 0 0 0 0 0 0 
_1.ptx 934 : 193536 2190400 0 0 0 0 0 0 0 
_1.ptx 935 : 193536 1785152 0 0 0 0 0 0 0 
_1.ptx 937 : 193536 2177024 0 0 0 0 0 0 0 
_1.ptx 938 : 193536 1775808 0 0 0 0 0 0 0 
_1.ptx 940 : 193536 2152736 0 0 0 0 0 0 0 
_1.ptx 941 : 193536 1805952 0 0 0 0 0 0 0 
_1.ptx 943 : 193536 2206624 0 0 0 0 0 0 0 
_1.ptx 944 : 193536 1811200 0 0 0 0 0 0 0 
_1.ptx 946 : 193536 2230496 0 0 0 0 0 0 0 
_1.ptx 947 : 193536 1814336 0 0 0 0 0 0 0 
_1.ptx 949 : 193536 1296896 0 0 0 0 0 0 0 
_1.ptx 950 : 193536 2202560 0 0 0 0 0 0 0 
_1.ptx 951 : 193536 2214080 0 0 0 0 0 0 0 
_1.ptx 952 : 193536 1829472 0 0 0 0 0 0 0 
_1.ptx 954 : 193536 2249504 0 0 0 0 0 0 0 
_1.ptx 955 : 193536 2242016 0 0 0 0 0 0 0 
_1.ptx 956 : 193536 2198720 0 0 0 0 0 0 0 
_1.ptx 957 : 193536 1789856 0 0 0 0 0 0 0 
_1.ptx 958 : 193536 1780480 0 0 0 0 0 0 0 
_1.ptx 960 : 193536 1795296 0 0 0 0 0 0 0 
_1.ptx 961 : 193536 1769120 0 0 0 0 0 0 0 
_1.ptx 962 : 193536 2168064 0 0 0 0 0 0 0 
_1.ptx 963 : 193536 1817088 0 0 0 0 0 0 0 
_1.ptx 965 : 193536 2223136 0 0 0 0 0 0 0 
_1.ptx 966 : 193536 2217984 0 0 0 0 0 0 0 
_1.ptx 967 : 193536 2196288 0 0 0 0 0 0 0 
_1.ptx 968 : 193536 1831264 0 0 0 0 0 0 0 
_1.ptx 970 : 193536 2236416 0 0 0 0 0 0 0 
_1.ptx 971 : 193536 2230624 0 0 0 0 0 0 0 
_1.ptx 972 : 193536 2214592 0 0 0 0 0 0 0 
_1.ptx 973 : 193536 1819840 0 0 0 0 0 0 0 
_1.ptx 975 : 193536 1309888 0 0 0 0 0 0 0 
_1.ptx 976 : 193536 2209376 0 0 0 0 0 0 0 
_1.ptx 977 : 193536 2215808 0 0 0 0 0 0 0 
_1.ptx 978 : 193536 1817952 0 0 0 0 0 0 0 
_1.ptx 980 : 193536 2220992 0 0 0 0 0 0 0 
_1.ptx 981 : 193536 1764608 0 0 0 0 0 0 0 
_1.ptx 982 : 193536 1788608 0 0 0 0 0 0 0 
_1.ptx 984 : 193536 1809728 0 0 0 0 0 0 0 
_1.ptx 986 : 193536 1792544 0 0 0 0 0 0 0 
_1.ptx 987 : 193536 1822848 0 0 0 0 0 0 0 
_1.ptx 988 : 193536 2186208 0 0 0 0 0 0 0 
_1.ptx 989 : 193536 1819776 0 0 0 0 0 0 0 
_1.ptx 991 : 193536 2217728 0 0 0 0 0 0 0 
_1.ptx 992 : 193536 2232160 0 0 0 0 0 0 0 
_1.ptx 993 : 193536 2208864 0 0 0 0 0 0 0 
_1.ptx 994 : 193536 1812256 0 0 0 0 0 0 0 
_1.ptx 996 : 193536 1306528 0 0 0 0 0 0 0 
_1.ptx 997 : 193536 2208576 0 0 0 0 0 0 0 
_1.ptx 998 : 193536 2207520 0 0 0 0 0 0 0 
_1.ptx 999 : 193536 1804832 0 0 0 0 0 0 0 
_1.ptx 1001 : 193536 2243040 0 0 0 0 0 0 0 
_1.ptx 1002 : 193536 1764064 0 0 0 0 0 0 0 
_1.ptx 1003 : 193536 1783840 0 0 0 0 0 0 0 
_1.ptx 1005 : 193536 1797664 0 0 0 0 0 0 0 
_1.ptx 1007 : 193536 1825728 0 0 0 0 0 0 0 
_1.ptx 1009 : 193536 1810624 0 0 0 0 0 0 0 
_1.ptx 1010 : 193536 1799968 0 0 0 0 0 0 0 
_1.ptx 1011 : 193536 2179424 0 0 0 0 0 0 0 
_1.ptx 1012 : 193536 1792608 0 0 0 0 0 0 0 
_1.ptx 1013 : 193536 1240480 0 0 0 0 0 0 0 
_1.ptx 1130 : 193536 2142336 0 0 0 0 0 0 0 
_1.ptx 1131 : 193536 103109856 774144 0 0 6048 6048 0 0 
_1.ptx 1133 : 193536 2143008 0 0 0 0 0 0 0 
_1.ptx 1134 : 193536 102888256 774144 0 0 6048 6048 0 0 
_1.ptx 1136 : 193536 2446880 0 0 0 0 0 0 0 
_1.ptx 1137 : 193536 2149184 0 0 0 0 0 0 0 
_1.ptx 1138 : 193536 1411168 0 0 0 0 0 0 0 
_1.ptx 1139 : 193536 2423520 0 0 0 0 0 0 0 
_1.ptx 1140 : 193536 2147328 0 0 0 0 0 0 0 
_1.ptx 1141 : 193536 106111936 774144 0 0 6048 6048 0 0 
_1.ptx 1143 : 193536 2305952 0 0 0 0 0 0 0 
_1.ptx 1144 : 193536 2142368 0 0 0 0 0 0 0 
_1.ptx 1145 : 193536 1391808 0 0 0 0 0 0 0 
_1.ptx 1146 : 193536 2600960 0 0 0 0 0 0 0 
_1.ptx 1147 : 193536 2146528 0 0 0 0 0 0 0 
_1.ptx 1148 : 193536 110360384 774144 0 0 6048 6048 0 0 
_1.ptx 1149 : 193536 1188064 0 0 0 0 0 0 0 
_1.ptx 1150 : 193536 1571520 0 0 0 0 0 0 0 
_1.ptx 1151 : 193536 0 0 0 0 0 0 0 0 
_1.ptx 1153 : 193536 1392928 0 0 0 0 0 0 0 
_1.ptx 1154 : 193536 2254592 0 0 0 0 0 0 0 
_1.ptx 1155 : 193536 2145376 0 0 0 0 0 0 0 
_1.ptx 1156 : 193536 203372288 687616 0 0 128577 6048 0 0 
_1.ptx 1158 : 193536 2143488 0 0 0 0 0 0 0 
_1.ptx 1159 : 193536 1382208 0 0 0 0 0 0 0 
_1.ptx 1160 : 193536 2182816 0 0 0 0 0 0 0 
_1.ptx 1161 : 193536 2141568 0 0 0 0 0 0 0 
_1.ptx 1162 : 193536 229550752 705280 0 0 128577 6048 0 0 
_1.ptx 1164 : 193536 2137408 0 0 0 0 0 0 0 
_1.ptx 1165 : 193536 1366784 0 0 0 0 0 0 0 
_1.ptx 1166 : 193536 2131200 0 0 0 0 0 0 0 
_1.ptx 1167 : 193536 2136160 0 0 0 0 0 0 0 
_1.ptx 1168 : 193536 228165920 687616 0 0 128577 6048 0 0 
_1.ptx 1170 : 193536 2137632 0 0 0 0 0 0 0 
_1.ptx 1171 : 193536 1366528 0 0 0 0 0 0 0 
_1.ptx 1172 : 193536 2025408 0 0 0 0 0 0 0 
_1.ptx 1173 : 193536 2135488 0 0 0 0 0 0 0 
_1.ptx 1174 : 193536 229694784 657792 0 0 128577 6048 0 0 
_1.ptx 1176 : 193536 2134848 0 0 0 0 0 0 0 
_1.ptx 1177 : 193536 1363968 0 0 0 0 0 0 0 
_1.ptx 1178 : 193536 2063904 0 0 0 0 0 0 0 
_1.ptx 1179 : 193536 2135808 0 0 0 0 0 0 0 
_1.ptx 1180 : 193536 227035392 641024 0 0 128577 6048 0 0 
_1.ptx 1182 : 193536 9098784 0 0 0 0 0 0 0 
_1.ptx 1183 : 193536 9620224 0 0 0 0 0 0 0 
_1.ptx 1184 : 193536 10315264 0 0 0 0 0 0 0 
_1.ptx 1185 : 193536 1164672 0 0 0 0 0 0 0 
_1.ptx 1186 : 193536 2136192 0 0 0 0 0 0 0 
_1.ptx 1187 : 193536 10030560 0 0 0 0 0 0 0 
_1.ptx 1188 : 193536 10446528 0 0 0 0 0 0 0 
_1.ptx 1189 : 193536 10232672 0 0 0 0 0 0 0 
_1.ptx 1190 : 193536 1165536 0 0 0 0 0 0 0 
_1.ptx 1191 : 193536 2135808 0 0 0 0 0 0 0 
_1.ptx 1192 : 193536 2151040 0 0 0 0 0 0 0 
_1.ptx 1193 : 193536 2146848 0 0 0 0 0 0 0 
_1.ptx 1194 : 193536 1750688 0 0 0 0 0 0 0 
_1.ptx 1195 : 193536 1751328 0 0 0 0 0 0 0 
_1.ptx 1196 : 193536 1749536 0 0 0 0 0 0 0 
_1.ptx 1197 : 193536 1757504 0 0 0 0 0 0 0 
_1.ptx 1198 : 193536 2145568 0 0 0 0 0 0 0 
_1.ptx 1199 : 193536 2136256 0 0 0 0 0 0 0 
_1.ptx 1200 : 193536 2145632 0 0 0 0 0 0 0 
_1.ptx 1201 : 193536 2141472 0 0 0 0 0 0 0 
_1.ptx 1202 : 193536 1176000 0 0 0 0 0 0 0 
_1.ptx 1203 : 193536 2153568 0 0 0 0 0 0 0 
_1.ptx 1204 : 193536 1177088 0 0 0 0 0 0 0 
_1.ptx 1205 : 193536 2142144 0 0 0 0 0 0 0 
_1.ptx 1206 : 193536 3135680 0 0 0 0 0 0 0 
_1.ptx 1207 : 193536 4293600 0 0 0 0 0 0 0 
_1.ptx 1208 : 193536 2143200 0 0 0 0 0 0 0 
_1.ptx 1209 : 193536 1174112 0 0 0 0 0 0 0 
_1.ptx 1210 : 193536 2262240 0 0 0 0 0 0 0 
_1.ptx 1211 : 193536 9247552 0 0 0 0 0 0 0 
_1.ptx 1212 : 193536 2982688 0 0 0 0 0 0 0 
_1.ptx 1213 : 193536 2142272 0 0 0 0 0 0 0 
_1.ptx 1214 : 193536 1173472 0 0 0 0 0 0 0 
_1.ptx 1215 : 193536 2138752 0 0 0 0 0 0 0 
_1.ptx 1216 : 193536 9311488 0 0 0 0 0 0 0 
_1.ptx 1217 : 193536 3216448 0 0 0 0 0 0 0 
_1.ptx 1218 : 193536 2141888 0 0 0 0 0 0 0 
_1.ptx 1219 : 193536 2157504 0 0 0 0 0 0 0 
_1.ptx 1220 : 193536 1760032 0 0 0 0 0 0 0 
_1.ptx 1221 : 193536 1763776 0 0 0 0 0 0 0 
_1.ptx 1222 : 193536 3155872 0 0 0 0 0 0 0 
_1.ptx 1223 : 193536 1385568 0 0 0 0 0 0 0 
_1.ptx 1224 : 193536 1197088 0 0 0 0 0 0 0 
_1.ptx 1225 : 193536 2154944 0 0 0 0 0 0 0 
_1.ptx 1226 : 193536 1182944 0 0 0 0 0 0 0 
_1.ptx 1227 : 193536 2147712 0 0 0 0 0 0 0 
_1.ptx 1228 : 193536 2143136 0 0 0 0 0 0 0 
_1.ptx 1230 : 193536 2150144 0 0 0 0 0 0 0 
_1.ptx 1231 : 193536 1756448 0 0 0 0 0 0 0 
_1.ptx 1233 : 193536 2144480 0 0 0 0 0 0 0 
_1.ptx 1234 : 193536 1764480 0 0 0 0 0 0 0 
_1.ptx 1236 : 193536 2158240 0 0 0 0 0 0 0 
_1.ptx 1237 : 193536 1759136 0 0 0 0 0 0 0 
_1.ptx 1239 : 193536 2155872 0 0 0 0 0 0 0 
_1.ptx 1240 : 193536 1758528 0 0 0 0 0 0 0 
_1.ptx 1242 : 193536 2162048 0 0 0 0 0 0 0 
_1.ptx 1243 : 193536 1762688 0 0 0 0 0 0 0 
_1.ptx 1245 : 193536 1203200 0 0 0 0 0 0 0 
_1.ptx 1246 : 193536 2146528 0 0 0 0 0 0 0 
_1.ptx 1247 : 193536 2156160 0 0 0 0 0 0 0 
_1.ptx 1248 : 193536 1762240 0 0 0 0 0 0 0 
_1.ptx 1250 : 193536 2155488 0 0 0 0 0 0 0 
_1.ptx 1251 : 193536 2155200 0 0 0 0 0 0 0 
_1.ptx 1252 : 193536 2149248 0 0 0 0 0 0 0 
_1.ptx 1253 : 193536 1757600 0 0 0 0 0 0 0 
_1.ptx 1254 : 193536 1753728 0 0 0 0 0 0 0 
_1.ptx 1256 : 193536 1762976 0 0 0 0 0 0 0 
_1.ptx 1257 : 193536 1761920 0 0 0 0 0 0 0 
_1.ptx 1258 : 193536 2146784 0 0 0 0 0 0 0 
_1.ptx 1259 : 193536 1766528 0 0 0 0 0 0 0 
_1.ptx 1261 : 193536 2164416 0 0 0 0 0 0 0 
_1.ptx 1262 : 193536 2169600 0 0 0 0 0 0 0 
_1.ptx 1263 : 193536 2154304 0 0 0 0 0 0 0 
_1.ptx 1264 : 193536 1779840 0 0 0 0 0 0 0 
_1.ptx 1266 : 193536 2228896 0 0 0 0 0 0 0 
_1.ptx 1267 : 193536 2176480 0 0 0 0 0 0 0 
_1.ptx 1268 : 193536 2157056 0 0 0 0 0 0 0 
_1.ptx 1269 : 193536 1766528 0 0 0 0 0 0 0 
_1.ptx 1271 : 193536 1211712 0 0 0 0 0 0 0 
_1.ptx 1272 : 193536 2151840 0 0 0 0 0 0 0 
_1.ptx 1273 : 193536 2155488 0 0 0 0 0 0 0 
_1.ptx 1274 : 193536 1759232 0 0 0 0 0 0 0 
_1.ptx 1276 : 193536 2181504 0 0 0 0 0 0 0 
_1.ptx 1277 : 193536 1761376 0 0 0 0 0 0 0 
_1.ptx 1278 : 193536 1762592 0 0 0 0 0 0 0 
_1.ptx 1280 : 193536 1763104 0 0 0 0 0 0 0 
_1.ptx 1282 : 193536 1774240 0 0 0 0 0 0 0 
_1.ptx 1283 : 193536 1778432 0 0 0 0 0 0 0 
_1.ptx 1284 : 193536 2152352 0 0 0 0 0 0 0 
_1.ptx 1285 : 193536 1773984 0 0 0 0 0 0 0 
_1.ptx 1287 : 193536 2178784 0 0 0 0 0 0 0 
_1.ptx 1288 : 193536 2171168 0 0 0 0 0 0 0 
_1.ptx 1289 : 193536 2158528 0 0 0 0 0 0 0 
_1.ptx 1290 : 193536 1775168 0 0 0 0 0 0 0 
_1.ptx 1292 : 193536 1225440 0 0 0 0 0 0 0 
_1.ptx 1293 : 193536 2153920 0 0 0 0 0 0 0 
_1.ptx 1294 : 193536 2159456 0 0 0 0 0 0 0 
_1.ptx 1295 : 193536 1757952 0 0 0 0 0 0 0 
_1.ptx 1297 : 193536 2169152 0 0 0 0 0 0 0 
_1.ptx 1298 : 193536 1764192 0 0 0 0 0 0 0 
_1.ptx 1299 : 193536 1758464 0 0 0 0 0 0 0 
_1.ptx 1301 : 193536 1764000 0 0 0 0 0 0 0 
_1.ptx 1303 : 193536 1777120 0 0 0 0 0 0 0 
_1.ptx 1305 : 193536 1775776 0 0 0 0 0 0 0 
_1.ptx 1306 : 193536 1778368 0 0 0 0 0 0 0 
_1.ptx 1307 : 193536 2153760 0 0 0 0 0 0 0 
_1.ptx 1308 : 193536 1764576 0 0 0 0 0 0 0 
_1.ptx 1309 : 193536 1209312 0 0 0 0 0 0 0 
_1.ptx 1426 : 193536 20793696 0 0 0 0 0 0 0 
_1.ptx 1427 : 193536 2140672 0 0 0 0 0 0 0 
_1.ptx 1428 : 193536 15111040 774144 0 0 6048 6048 0 0 
_1.ptx 1430 : 193536 2146880 0 0 0 0 0 0 0 
_1.ptx 1431 : 193536 12025376 774144 0 0 6048 6048 0 0 
_1.ptx 1433 : 193536 2144864 0 0 0 0 0 0 0 
_1.ptx 1434 : 193536 14442976 774144 0 0 6048 6048 0 0 
_1.ptx 1436 : 193536 2142528 0 0 0 0 0 0 0 
_1.ptx 1437 : 193536 12045760 774144 0 0 6048 6048 0 0 
_1.ptx 1439 : 193536 2150048 0 0 0 0 0 0 0 
_1.ptx 1440 : 193536 12267008 774144 0 0 6048 6048 0 0 
_1.ptx 1442 : 193536 1175552 0 0 0 0 0 0 0 
