kernel line : count latency dram_traffic smem_bk_conflicts smem_warp gmem_access_generated gmem_warp exposed_latency warp_divergence
_1.ptx 1227 : 1737183 14061883 0 0 0 0 0 0 0 
_1.ptx 1228 : 1737183 0 0 0 0 0 0 0 0 
_1.ptx 1230 : 1737183 10717251 0 0 0 0 0 0 0 
_1.ptx 1231 : 1737183 14061902 0 0 0 0 0 0 0 
_1.ptx 1232 : 1737183 0 0 0 0 0 0 0 0 
_1.ptx 1233 : 1737183 40438216 0 0 0 0 0 0 0 
_1.ptx 1234 : 1737183 19286254 0 0 0 0 0 0 0 
_1.ptx 1235 : 1737183 421921677 13568 0 0 117803 117803 0 0 
_1.ptx 1236 : 1737183 14056109 0 0 0 0 0 0 0 
_1.ptx 1237 : 1737183 0 0 0 0 0 0 0 0 
_1.ptx 1239 : 1737183 41698448 0 0 0 0 0 0 0 
_1.ptx 1240 : 1737183 12478971 0 0 0 0 0 0 0 
_1.ptx 1241 : 1737183 17754150 0 0 0 0 0 0 0 
_1.ptx 1242 : 1737183 19285603 0 0 0 0 0 0 0 
_1.ptx 1243 : 1737183 407391608 16768 0 0 117803 117803 0 0 
_1.ptx 1244 : 1737183 10701389 0 0 0 0 0 0 0 
_1.ptx 1264 : 1737183 19233372 0 0 0 0 0 0 0 
_1.ptx 1265 : 1737183 44538365 0 0 0 0 0 0 0 
_1.ptx 1266 : 1737183 17748600 0 0 0 0 0 0 0 
_1.ptx 1267 : 1737183 14115140 0 0 0 0 0 0 0 
_1.ptx 1268 : 1737183 12493536 0 0 0 0 0 0 0 
_1.ptx 1269 : 1737183 12473066 0 0 0 0 0 0 0 
_1.ptx 1270 : 1737183 14182472 0 0 0 0 0 0 0 
_1.ptx 1271 : 1737183 12417642 0 0 0 0 0 0 0 
_1.ptx 1272 : 1737183 14075438 0 0 0 0 0 0 0 
_1.ptx 1273 : 1737183 10583540 0 0 0 0 0 0 0 
_1.ptx 1274 : 1737183 14043458 0 0 0 0 0 0 0 
_1.ptx 1275 : 1737183 0 0 0 0 0 0 0 0 
_1.ptx 1277 : 1737183 49768665 0 0 0 0 0 0 0 
_1.ptx 1278 : 1737183 12403395 0 0 0 0 0 0 0 
_1.ptx 1279 : 1737183 17769617 0 0 0 0 0 0 0 
_1.ptx 1280 : 1737183 19279308 0 0 0 0 0 0 0 
_1.ptx 1281 : 1737183 853298990 10956160 0 0 339151 117803 0 0 
_1.ptx 1282 : 1737183 10667642 0 0 0 0 0 0 0 
_1.ptx 1307 : 1737183 12343347 0 0 0 0 0 0 0 
_1.ptx 1309 : 1737183 12418524 0 0 0 0 0 0 0 
_1.ptx 1310 : 1737183 17705176 0 0 0 0 0 0 0 
_1.ptx 1311 : 1737183 19216320 0 0 0 0 0 0 0 
_1.ptx 1312 : 1737183 822209047 1980160 0 0 520928 117803 0 0 
_1.ptx 1313 : 1737183 14014639 0 0 0 0 0 0 0 
_1.ptx 1314 : 1737183 10576716 0 0 0 0 0 0 0 
_1.ptx 1332 : 1737183 108216487 0 0 0 520928 117803 0 0 
_1.ptx 1334 : 1737183 14305618 0 0 0 0 0 0 0 
_1.ptx 1335 : 1737183 0 0 0 0 0 0 0 0 
_1.ptx 1337 : 1737183 12391528 0 0 0 0 0 0 0 
_1.ptx 1339 : 1737183 12434394 0 0 0 0 0 0 0 
_1.ptx 1342 : 2712798 27467249 0 0 0 0 0 0 0 
_1.ptx 1343 : 2712798 21934850 0 0 0 0 0 0 0 
_1.ptx 1344 : 2712798 9990156 0 0 0 0 0 0 93884 
_1.ptx 1345 : 1070376 6528880 0 0 0 0 0 0 0 
_1.ptx 1350 : 1070376 21319544 0 0 0 0 0 0 0 
_1.ptx 1351 : 1070376 11861528 0 0 0 0 0 0 0 
_1.ptx 1352 : 1070376 21733384 4281504 0 0 33450 33450 0 0 
_1.ptx 1353 : 1070376 7623480 0 0 0 0 0 0 0 
_1.ptx 1354 : 1070376 10931152 0 0 0 0 0 0 0 
_1.ptx 1355 : 1070376 17666776 0 0 0 0 0 0 0 
_1.ptx 1356 : 1070376 11870584 0 0 0 0 0 0 0 
_1.ptx 1357 : 1070376 537522616 4281600 0 0 33450 33450 0 0 
_1.ptx 1358 : 1070376 8639552 0 0 0 0 0 0 0 
_1.ptx 1359 : 1070376 0 0 0 0 0 0 0 0 
_1.ptx 1360 : 1070376 8638208 0 0 0 0 0 0 0 
_1.ptx 1361 : 1070376 0 0 0 0 0 0 0 0 
_1.ptx 1363 : 1070376 379903352 0 0 0 66899 33450 0 0 
_1.ptx 1364 : 1070376 7592344 0 0 0 0 0 0 0 
_1.ptx 1365 : 1070376 8626592 0 0 0 0 0 0 0 
_1.ptx 1366 : 1070376 0 0 0 0 0 0 0 0 
_1.ptx 1368 : 1070376 20726136 0 0 0 0 0 0 0 
_1.ptx 1369 : 1070376 11850488 0 0 0 0 0 0 0 
_1.ptx 1370 : 1070376 20160040 4281504 0 0 33450 33450 0 0 
_1.ptx 1372 : 1070376 15318904 0 0 0 0 0 0 0 
_1.ptx 1373 : 1070376 11857560 0 0 0 0 0 0 0 
_1.ptx 1374 : 1070376 22642824 4281504 0 0 33450 33450 0 0 
_1.ptx 1379 : 1070592 6525024 0 0 0 0 0 0 0 
_1.ptx 973 : 1071104 6426624 0 0 0 0 0 0 0 
_1.ptx 974 : 1071104 6426624 0 0 0 0 0 0 0 
_1.ptx 975 : 1071104 21244704 0 0 0 0 0 0 0 
_1.ptx 976 : 1071104 6539808 0 0 0 0 0 0 0 
_1.ptx 977 : 1071104 11910848 0 0 0 0 0 0 0 
_1.ptx 978 : 1071104 8085824 128 0 0 0 0 0 0 
_1.ptx 979 : 1071104 9269024 0 0 0 0 0 0 0 
_1.ptx 980 : 1071104 4976 0 0 0 0 0 0 1 
_1.ptx 982 : 1070376 7844376 0 0 0 0 0 0 0 
_1.ptx 983 : 1070376 15590824 0 0 0 0 0 0 0 
_1.ptx 984 : 1070376 6682768 0 0 0 0 0 0 0 
_1.ptx 985 : 1070376 11999576 0 0 0 0 0 0 0 
_1.ptx 986 : 1070376 12080152 0 0 0 0 0 0 0 
_1.ptx 987 : 1070376 25415976 4281504 0 0 33450 33450 0 0 
_1.ptx 989 : 1070376 23173784 0 0 0 0 0 0 0 
_1.ptx 990 : 1070376 11796056 0 0 0 0 0 0 0 
_1.ptx 991 : 1070376 37257848 4281504 0 0 33450 33450 0 0 
_1.ptx 1400 : 1070592 23089344 0 0 0 0 0 0 0 
_1.ptx 1401 : 1070592 18407680 0 0 0 0 0 0 0 
_1.ptx 1402 : 1070592 8930720 0 0 0 0 0 0 0 
_1.ptx 1403 : 1070592 6686432 0 0 0 0 0 0 0 
_1.ptx 994 : 1071104 6451744 0 0 0 0 0 0 0 
_1.ptx 1404 : 1070592 6831040 0 0 0 0 0 0 0 
_1.ptx 1405 : 1070592 12473184 0 0 0 0 0 0 0 
_1.ptx 1406 : 1070592 6840320 0 0 0 0 0 0 0 
_1.ptx 1407 : 1070592 12164448 0 0 0 0 0 0 0 
_1.ptx 1408 : 1070592 9857600 0 0 0 0 0 0 0 
_1.ptx 1409 : 1070592 8809984 0 0 0 0 0 0 0 
_1.ptx 1410 : 1070592 1296 0 0 0 0 0 0 1 
_1.ptx 1412 : 1070376 7839992 0 0 0 0 0 0 0 
_1.ptx 1414 : 1070376 7789568 0 0 0 0 0 0 0 
_1.ptx 1415 : 1070376 11108568 0 0 0 0 0 0 0 
_1.ptx 1416 : 1070376 28481336 0 0 0 0 0 0 0 
_1.ptx 1417 : 1070376 11923328 0 0 0 0 0 0 0 
_1.ptx 1418 : 1070376 454334096 2439808 0 0 33450 33450 0 0 
_1.ptx 1419 : 1070376 8606848 0 0 0 0 0 0 0 
_1.ptx 1420 : 1070376 6471344 0 0 0 0 0 0 0 
_1.ptx 1015 : 1070592 26735488 0 0 0 0 0 0 0 
_1.ptx 1016 : 1070592 26022816 128 0 0 0 0 0 0 
_1.ptx 1017 : 1070592 8781632 0 0 0 0 0 0 0 
_1.ptx 1018 : 1070592 6554784 0 0 0 0 0 0 0 
_1.ptx 1019 : 1070592 6619104 0 0 0 0 0 0 0 
_1.ptx 1020 : 1070592 12175136 0 0 0 0 0 0 0 
_1.ptx 1021 : 1070592 6579648 0 0 0 0 0 0 0 
_1.ptx 1022 : 1070592 11955904 0 0 0 0 0 0 0 
_1.ptx 1023 : 1070592 9726272 0 0 0 0 0 0 0 
_1.ptx 1024 : 1070592 8669088 0 0 0 0 0 0 0 
_1.ptx 1025 : 1070592 1296 0 0 0 0 0 0 1 
_1.ptx 1027 : 1070376 7645592 0 0 0 0 0 0 0 
_1.ptx 1028 : 1070376 10973744 0 0 0 0 0 0 0 
_1.ptx 1438 : 1070376 7559256 0 0 0 0 0 0 0 
_1.ptx 1029 : 1070376 6495248 0 0 0 0 0 0 0 
_1.ptx 1439 : 1070376 44951304 0 0 0 33450 33450 0 0 
_1.ptx 1030 : 1070376 31576296 0 0 0 0 0 0 0 
_1.ptx 1031 : 1070376 11847928 0 0 0 0 0 0 0 
_1.ptx 1441 : 1070376 35665184 0 0 0 0 0 0 0 
_1.ptx 1032 : 1070376 52654984 4281504 0 0 33450 33450 0 0 
_1.ptx 1442 : 1070376 11830840 0 0 0 0 0 0 0 
_1.ptx 1443 : 1070376 557551840 4281600 0 0 33450 33450 0 0 
_1.ptx 1034 : 1070376 6507376 0 0 0 0 0 0 0 
_1.ptx 1035 : 1070376 40401672 0 0 0 0 0 0 0 
_1.ptx 1445 : 1070376 7562104 0 0 0 0 0 0 0 
_1.ptx 1036 : 1070376 11816984 0 0 0 0 0 0 0 
_1.ptx 1037 : 1070376 53858856 4281504 0 0 33450 33450 0 0 
_1.ptx 1447 : 1070376 7551416 0 0 0 0 0 0 0 
_1.ptx 1448 : 1070376 10796048 0 0 0 0 0 0 0 
_1.ptx 1039 : 1070376 39489816 0 0 0 0 0 0 0 
_1.ptx 1449 : 1070376 11814008 0 0 0 0 0 0 0 
_1.ptx 1040 : 1070376 11814904 0 0 0 0 0 0 0 
_1.ptx 1450 : 1070376 580555896 2021376 0 0 310231 33450 0 0 
_1.ptx 1041 : 1070376 54653960 4281504 0 0 33450 33450 0 0 
_1.ptx 1451 : 1070376 8592064 0 0 0 0 0 0 0 
_1.ptx 1452 : 1070376 6451568 0 0 0 0 0 0 0 
_1.ptx 1043 : 1070376 6486896 0 0 0 0 0 0 0 
_1.ptx 1044 : 1070376 42716920 0 0 0 0 0 0 0 
_1.ptx 1045 : 1070376 11818712 0 0 0 0 0 0 0 
_1.ptx 1046 : 1070376 53042096 4281504 0 0 33450 33450 0 0 
_1.ptx 1048 : 1070376 43609656 0 0 0 0 0 0 0 
_1.ptx 1049 : 1070376 11819576 0 0 0 0 0 0 0 
_1.ptx 1050 : 1070376 53188200 4281504 0 0 33450 33450 0 0 
_1.ptx 1052 : 1070376 6462224 0 0 0 0 0 0 0 
_1.ptx 1053 : 1070376 42752984 0 0 0 0 0 0 0 
_1.ptx 1054 : 1070376 11829624 0 0 0 0 0 0 0 
_1.ptx 1055 : 1070376 51212072 499264 0 0 33450 33450 0 0 
_1.ptx 1058 : 1070592 6464640 0 0 0 0 0 0 0 
_1.ptx 1470 : 1070376 129464848 0 0 0 310231 33450 0 0 
_1.ptx 1472 : 1070376 197585552 0 0 0 33450 33450 0 0 
_1.ptx 1473 : 1070376 8600928 0 0 0 0 0 0 0 
_1.ptx 1474 : 1070376 0 0 0 0 0 0 0 0 
_1.ptx 1475 : 1070376 8603424 0 0 0 0 0 0 0 
_1.ptx 1476 : 1070376 0 0 0 0 0 0 0 0 
_1.ptx 1477 : 1070376 54275992 0 0 0 0 0 0 0 
_1.ptx 1478 : 1070376 11821624 0 0 0 0 0 0 0 
_1.ptx 1479 : 1070376 565904776 4281600 0 0 33450 33450 0 0 
_1.ptx 1480 : 1070376 6475632 0 0 0 0 0 0 0 
_1.ptx 1481 : 1070376 8621376 0 0 0 0 0 0 0 
_1.ptx 1482 : 1070376 0 0 0 0 0 0 0 0 
_1.ptx 1483 : 1070376 7578808 0 0 0 0 0 0 0 
_1.ptx 1484 : 1070376 10841200 0 0 0 0 0 0 0 
_1.ptx 1485 : 1070376 35691672 0 0 0 0 0 0 0 
_1.ptx 1486 : 1070376 11854072 0 0 0 0 0 0 0 
_1.ptx 1487 : 1070376 543830608 4281600 0 0 33450 33450 0 0 
_1.ptx 1488 : 1070376 8608928 0 0 0 0 0 0 0 
_1.ptx 1489 : 1070376 0 0 0 0 0 0 0 0 
_1.ptx 1490 : 1070376 8618080 0 0 0 0 0 0 0 
_1.ptx 1491 : 1070376 0 0 0 0 0 0 0 0 
_1.ptx 1492 : 1070376 41665560 0 0 0 0 0 0 0 
_1.ptx 1493 : 1070376 11839800 0 0 0 0 0 0 0 
_1.ptx 1494 : 1070376 547675048 4281600 0 0 33450 33450 0 0 
_1.ptx 1085 : 1070592 7065824 0 0 0 0 0 0 0 
_1.ptx 1495 : 1070376 8602336 0 0 0 0 0 0 0 
_1.ptx 1086 : 1070592 6426048 0 0 0 0 0 0 0 
_1.ptx 1496 : 1070376 0 0 0 0 0 0 0 0 
_1.ptx 1087 : 1070592 9190752 0 0 0 0 0 0 0 
_1.ptx 1088 : 1070592 6991200 0 0 0 0 0 0 0 
_1.ptx 1498 : 1070376 6450832 0 0 0 0 0 0 0 
_1.ptx 1089 : 1070592 7249888 0 0 0 0 0 0 0 
_1.ptx 1499 : 1070376 48994872 0 0 0 0 0 0 0 
_1.ptx 1090 : 1070592 12817056 0 0 0 0 0 0 0 
_1.ptx 1500 : 1070376 11832984 0 0 0 0 0 0 0 
_1.ptx 1091 : 1070592 7468032 0 0 0 0 0 0 0 
_1.ptx 1501 : 1070376 55080552 379680 0 0 33450 33450 0 0 
_1.ptx 1092 : 1070592 12478688 0 0 0 0 0 0 0 
_1.ptx 1093 : 1070592 10152608 0 0 0 0 0 0 0 
_1.ptx 1094 : 1070592 9140608 0 0 0 0 0 0 0 
_1.ptx 1095 : 1070592 1360 0 0 0 0 0 0 1 
_1.ptx 1506 : 1070592 6478848 0 0 0 0 0 0 0 
_1.ptx 1097 : 1070376 8331200 0 0 0 0 0 0 0 
_1.ptx 1099 : 1070376 8098520 0 0 0 0 0 0 0 
_1.ptx 1100 : 1070376 11394768 0 0 0 0 0 0 0 
_1.ptx 1101 : 1070376 12474472 0 0 0 0 0 0 0 
_1.ptx 1102 : 1070376 12072664 0 0 0 0 0 0 0 
_1.ptx 1103 : 1070376 482306704 3472768 0 0 33450 33450 0 0 
_1.ptx 1104 : 1070376 8644896 0 0 0 0 0 0 0 
_1.ptx 1105 : 1070376 6533104 0 0 0 0 0 0 0 
_1.ptx 1123 : 1070376 7614072 0 0 0 0 0 0 0 
_1.ptx 1124 : 1070376 24831640 0 0 0 33450 33450 0 0 
_1.ptx 1126 : 1070376 7727192 0 0 0 0 0 0 0 
_1.ptx 1128 : 1070376 20167368 0 0 0 0 0 0 0 
_1.ptx 1129 : 1070376 11895896 0 0 0 0 0 0 0 
_1.ptx 1130 : 1070376 547275752 4281600 0 0 33450 33450 0 0 
_1.ptx 1131 : 1070376 6610480 0 0 0 0 0 0 0 
_1.ptx 1132 : 1070376 8673088 0 0 0 0 0 0 0 
_1.ptx 1133 : 1070376 0 0 0 0 0 0 0 0 
_1.ptx 1134 : 1070376 7645432 0 0 0 0 0 0 0 
_1.ptx 1135 : 1070376 6567664 0 0 0 0 0 0 0 
_1.ptx 1136 : 1070376 6607344 0 0 0 0 0 0 0 
_1.ptx 1137 : 1070376 6539856 0 0 0 0 0 0 0 
_1.ptx 1138 : 1070376 7649912 0 0 0 0 0 0 0 
_1.ptx 1142 : 2712798 522584761 22528 0 0 131780 131780 0 0 
_1.ptx 1143 : 2712798 21997491 0 0 0 0 0 0 0 
_1.ptx 1144 : 2712798 0 0 0 0 0 0 0 0 
_1.ptx 1146 : 2712798 16802487 0 0 0 0 0 0 0 
_1.ptx 1147 : 2712798 21983312 0 0 0 0 0 0 0 
_1.ptx 1148 : 2712798 0 0 0 0 0 0 0 0 
_1.ptx 1149 : 2712798 62339459 0 0 0 0 0 0 0 
_1.ptx 1150 : 2712798 30127703 0 0 0 0 0 0 0 
_1.ptx 1151 : 2712798 968926955 4308224 0 0 131780 131780 0 0 
_1.ptx 1152 : 2712798 21930936 0 0 0 0 0 0 0 
_1.ptx 1153 : 2712798 0 0 0 0 0 0 0 0 
_1.ptx 1155 : 2712798 57792323 0 0 0 0 0 0 0 
_1.ptx 1156 : 2712798 19493674 0 0 0 0 0 0 0 
_1.ptx 1157 : 2712798 27724482 0 0 0 0 0 0 0 
_1.ptx 1158 : 2712798 30119620 0 0 0 0 0 0 0 
_1.ptx 1159 : 2712798 964712724 4312960 0 0 131780 131780 0 0 
_1.ptx 1160 : 2712798 16700228 0 0 0 0 0 0 0 
_1.ptx 1180 : 2712798 30041134 0 0 0 0 0 0 0 
_1.ptx 1181 : 2712798 60399348 0 0 0 0 0 0 0 
_1.ptx 1182 : 2712798 27754842 0 0 0 0 0 0 0 
_1.ptx 1183 : 2712798 22080376 0 0 0 0 0 0 0 
_1.ptx 1184 : 2712798 19579695 0 0 0 0 0 0 0 
_1.ptx 1185 : 2712798 19545167 0 0 0 0 0 0 0 
_1.ptx 1186 : 2712798 22019430 0 0 0 0 0 0 0 
_1.ptx 1187 : 2712798 19444127 0 0 0 0 0 0 0 
_1.ptx 1188 : 2712798 22025156 0 0 0 0 0 0 0 
_1.ptx 1189 : 2712798 16565535 0 0 0 0 0 0 0 
_1.ptx 1190 : 2712798 21961573 0 0 0 0 0 0 0 
_1.ptx 1191 : 2712798 0 0 0 0 0 0 0 0 
_1.ptx 1193 : 2712798 69945505 128 0 0 0 0 0 0 
_1.ptx 1194 : 2712798 19388347 0 0 0 0 0 0 0 
_1.ptx 1195 : 2712798 27906284 0 0 0 0 0 0 0 
_1.ptx 1196 : 2712798 30127202 0 0 0 0 0 0 0 
_1.ptx 1197 : 2712798 1243310428 11009664 0 0 412114 131780 0 0 
_1.ptx 1198 : 2712798 16685066 0 0 0 0 0 0 0 
_1.ptx 1223 : 2712798 21926134 0 0 0 0 0 0 0 
_1.ptx 1224 : 2712798 5957043 0 0 0 0 0 0 82319 
_1.ptx 1226 : 1737183 397738492 13056 0 0 117803 117803 0 0 
