kernel line : count latency dram_traffic smem_bk_conflicts smem_warp gmem_access_generated gmem_warp exposed_latency warp_divergence
_1.ptx 8247 : 3529536 21211904 0 0 0 0 0 0 0 
_1.ptx 8248 : 3529536 28348096 0 0 0 0 0 0 0 
_1.ptx 8249 : 3529536 21214496 0 0 0 0 0 0 0 
_1.ptx 10752 : 118528 951232 0 0 0 0 0 0 0 
_1.ptx 10753 : 118528 402080 0 0 0 0 0 0 0 
_1.ptx 10755 : 51712 364704 0 0 0 0 0 0 0 
_1.ptx 10757 : 51712 365760 0 0 0 0 0 0 0 
_1.ptx 10761 : 262144 2900672 0 0 0 0 0 0 0 
_1.ptx 10762 : 262144 2921184 0 0 0 0 0 0 0 
_1.ptx 10763 : 262144 2112544 0 0 0 0 0 0 0 
_1.ptx 10764 : 262144 1482208 0 0 0 0 0 0 0 
_1.ptx 10765 : 16384 99008 0 0 0 0 0 0 0 
_1.ptx 10771 : 16384 97240 0 0 0 0 0 0 256 
_1.ptx 10773 : 256 4479 0 0 0 0 0 0 0 
_1.ptx 10774 : 256 2564 0 0 0 0 0 0 0 
_1.ptx 8305 : 3529536 21213280 0 0 0 0 0 0 0 
_1.ptx 10775 : 256 1799 0 0 0 0 0 0 0 
_1.ptx 8306 : 3529536 28351360 0 0 0 0 0 0 0 
_1.ptx 10776 : 256 2564 0 0 0 0 0 0 0 
_1.ptx 8307 : 3529536 21230912 0 0 0 0 0 0 0 
_1.ptx 10777 : 256 2823 0 0 0 0 0 0 0 
_1.ptx 10778 : 256 6047 5376 0 0 256 256 0 0 
_1.ptx 10780 : 256 1800 0 0 0 0 0 0 0 
_1.ptx 10781 : 256 4732 5344 0 0 256 256 0 0 
_1.ptx 10784 : 16384 98560 0 0 0 0 0 0 0 
_1.ptx 8363 : 3529536 21215680 0 0 0 0 0 0 0 
_1.ptx 8364 : 3529536 28337920 0 0 0 0 0 0 0 
_1.ptx 8365 : 3529536 21234720 0 0 0 0 0 0 0 
_1.ptx 7555 : 16384 98688 0 0 0 0 0 0 0 
_1.ptx 7556 : 16384 99232 0 0 0 0 0 0 0 
_1.ptx 7557 : 16384 194304 0 0 0 0 0 0 0 
_1.ptx 7558 : 16384 99264 0 0 0 0 0 0 0 
_1.ptx 7559 : 16384 182240 0 0 0 0 0 0 0 
_1.ptx 7560 : 16384 1167520 128 0 0 0 0 0 0 
_1.ptx 7561 : 16384 193952 0 0 0 0 0 0 0 
_1.ptx 7562 : 16384 114304 0 0 0 0 0 0 0 
_1.ptx 7563 : 16384 182048 0 0 0 0 0 0 0 
_1.ptx 7564 : 16384 117632 0 0 0 0 0 0 0 
_1.ptx 7565 : 16384 100768 0 0 0 0 0 0 0 
_1.ptx 7566 : 16384 63232 0 0 0 0 0 0 0 
_1.ptx 7567 : 16384 134560 0 0 0 0 0 0 0 
_1.ptx 7568 : 16384 0 0 0 0 0 0 0 0 
_1.ptx 7569 : 16384 86784 0 0 0 0 0 0 0 
_1.ptx 7570 : 16384 181856 0 0 0 0 0 0 0 
_1.ptx 7571 : 16384 116128 0 0 0 0 0 0 0 
_1.ptx 7572 : 16384 108544 0 0 0 0 0 0 0 
_1.ptx 7573 : 16384 181696 0 0 0 0 0 0 0 
_1.ptx 7574 : 16384 117152 0 0 0 0 0 0 0 
_1.ptx 7575 : 16384 88896 0 0 0 0 0 0 0 
_1.ptx 7576 : 16384 192800 0 0 0 0 0 0 0 
_1.ptx 7577 : 16384 116448 0 0 0 0 0 0 0 
_1.ptx 7578 : 16384 185792 0 0 0 0 0 0 0 
_1.ptx 7579 : 16384 183136 0 0 0 0 0 0 0 
_1.ptx 7580 : 16384 100032 0 0 0 0 0 0 0 
_1.ptx 7581 : 16384 133248 0 0 0 0 0 0 0 
_1.ptx 7582 : 16384 63680 0 0 0 0 0 0 0 
_1.ptx 7583 : 16384 119200 0 0 0 0 0 0 0 
_1.ptx 7584 : 16384 174752 0 0 0 0 0 0 0 
_1.ptx 7585 : 16384 121824 0 0 0 0 0 0 0 
_1.ptx 7586 : 16384 179904 0 0 0 0 0 0 0 
_1.ptx 7587 : 16384 121344 0 0 0 0 0 0 0 
_1.ptx 7588 : 16384 109696 0 0 0 0 0 0 0 
_1.ptx 7589 : 16384 99776 0 0 0 0 0 0 0 
_1.ptx 7590 : 16384 99968 0 0 0 0 0 0 0 
_1.ptx 7591 : 16384 101120 0 0 0 0 0 0 0 
_1.ptx 7595 : 262144 2892768 0 0 0 0 0 0 0 
_1.ptx 7596 : 262144 76512544 324864 0 0 8192 8192 0 0 
_1.ptx 8421 : 3529536 21220928 0 0 0 0 0 0 0 
_1.ptx 7598 : 262144 1848800 0 0 0 0 0 0 0 
_1.ptx 8422 : 3529536 28394976 0 0 0 0 0 0 0 
_1.ptx 7599 : 262144 2750656 0 0 0 0 0 0 0 
_1.ptx 8423 : 3529536 21236384 0 0 0 0 0 0 0 
_1.ptx 7600 : 262144 2892704 0 0 0 0 0 0 0 
_1.ptx 7601 : 262144 72858240 323968 0 0 8192 8192 0 0 
_1.ptx 7603 : 262144 2106880 0 0 0 0 0 0 0 
_1.ptx 7604 : 262144 866528 0 0 0 0 0 0 0 
_1.ptx 7605 : 118528 961280 0 0 0 0 0 0 0 
_1.ptx 7606 : 118528 968768 0 0 0 0 0 0 0 
_1.ptx 7607 : 118528 776960 0 0 0 0 0 0 0 
_1.ptx 7608 : 118528 955104 0 0 0 0 0 0 0 
_1.ptx 7609 : 118528 2609888 0 0 0 0 0 0 0 
_1.ptx 7610 : 118528 838912 0 0 0 0 0 0 0 
_1.ptx 7611 : 118528 720416 0 0 0 0 0 0 0 
_1.ptx 7612 : 118528 959936 0 0 0 0 0 0 0 
_1.ptx 7613 : 118528 0 0 0 0 0 0 0 0 
_1.ptx 7615 : 118528 0 0 0 0 0 0 0 0 
_1.ptx 7616 : 118528 720576 0 0 0 0 0 0 0 
_1.ptx 7617 : 118528 722624 0 0 0 0 0 0 0 
_1.ptx 7618 : 118528 1347488 0 0 0 0 0 0 0 
_1.ptx 7619 : 118528 862144 0 0 0 0 0 0 0 
_1.ptx 7620 : 118528 731296 0 0 0 0 0 0 0 
_1.ptx 7621 : 118528 1324160 0 0 0 0 0 0 0 
_1.ptx 7622 : 118528 845792 0 0 0 0 0 0 0 
_1.ptx 7623 : 118528 842560 0 0 0 0 0 0 0 
_1.ptx 7624 : 118528 1313632 0 0 0 0 0 0 0 
_1.ptx 7628 : 7585792 45980096 0 0 0 0 0 0 0 
_1.ptx 7629 : 7585792 73238336 5166048 0 0 237056 237056 0 0 
_1.ptx 7630 : 7585792 83899680 0 0 0 0 0 0 0 
_1.ptx 7631 : 7585792 84009952 0 0 0 0 0 0 0 
_1.ptx 7632 : 7585792 61391104 0 0 0 0 0 0 0 
_1.ptx 7633 : 7585792 45373760 0 0 0 0 0 0 0 
_1.ptx 7635 : 118528 0 0 0 0 0 0 0 0 
_1.ptx 7636 : 118528 725760 0 0 0 0 0 0 0 
_1.ptx 7637 : 118528 718144 0 0 0 0 0 0 0 
_1.ptx 7638 : 118528 1316832 0 0 0 0 0 0 0 
_1.ptx 7639 : 118528 850912 0 0 0 0 0 0 0 
_1.ptx 7640 : 118528 747040 0 0 0 0 0 0 0 
_1.ptx 7641 : 118528 1315360 0 0 0 0 0 0 0 
_1.ptx 7642 : 118528 839744 0 0 0 0 0 0 0 
_1.ptx 7643 : 118528 842720 0 0 0 0 0 0 0 
_1.ptx 7644 : 118528 1197600 0 0 0 0 0 0 0 
_1.ptx 7645 : 118528 1215072 0 0 0 0 0 0 0 
_1.ptx 7646 : 118528 1310048 0 0 0 0 0 0 0 
_1.ptx 7650 : 253724 1533967 0 0 0 0 0 0 0 
_1.ptx 7651 : 253724 4035636 1149248 0 0 16908 9260 0 0 
_1.ptx 7652 : 253724 2802996 0 0 0 0 0 0 0 
_1.ptx 7653 : 253724 2805577 0 0 0 0 0 0 0 
_1.ptx 7654 : 253724 2046247 0 0 0 0 0 0 0 
_1.ptx 7655 : 253724 818403 0 0 0 0 0 0 1852 
_1.ptx 8479 : 3529536 21214944 0 0 0 0 0 0 0 
_1.ptx 8480 : 3529536 28362048 0 0 0 0 0 0 0 
_1.ptx 7657 : 118528 705636 0 0 0 0 0 0 1852 
_1.ptx 8481 : 3529536 21238336 0 0 0 0 0 0 0 
_1.ptx 7659 : 1852 11179 0 0 0 0 0 0 0 
_1.ptx 7660 : 1852 20416 0 0 0 0 0 0 0 
_1.ptx 7661 : 1852 21085 5984 0 0 1852 1852 0 0 
_1.ptx 7664 : 118528 714304 0 0 0 0 0 0 0 
_1.ptx 7666 : 118528 838656 0 0 0 0 0 0 0 
_1.ptx 7668 : 118528 955840 0 0 0 0 0 0 0 
_1.ptx 7669 : 118528 139709 0 0 0 0 0 0 1002 
_1.ptx 7671 : 95531 1068874 0 0 0 0 0 0 0 
_1.ptx 7672 : 95531 924832 0 0 0 0 0 0 0 
_1.ptx 7673 : 95531 1053624 0 0 0 0 0 0 0 
_1.ptx 7674 : 95531 675605 0 0 0 0 0 0 0 
_1.ptx 7675 : 95531 978435 0 0 0 0 0 0 0 
_1.ptx 7676 : 95531 1054252 0 0 0 0 0 0 0 
_1.ptx 7677 : 95531 30695022 612608 0 0 6350 3463 0 0 
_1.ptx 7679 : 95531 576694 0 0 0 0 0 0 0 
_1.ptx 7680 : 95531 576145 0 0 0 0 0 0 0 
_1.ptx 7681 : 95531 1066207 0 0 0 0 0 0 0 
_1.ptx 7682 : 95531 576935 0 0 0 0 0 0 0 
_1.ptx 7683 : 95531 1060786 0 0 0 0 0 0 0 
_1.ptx 7684 : 95531 1054098 0 0 0 0 0 0 0 
_1.ptx 7685 : 95531 768128 0 0 0 0 0 0 0 
_1.ptx 7686 : 95531 443914 0 0 0 0 0 0 764 
_1.ptx 7688 : 22056 243003 0 0 0 0 0 0 0 
_1.ptx 7689 : 22056 155521 0 0 0 0 0 0 0 
_1.ptx 7690 : 22056 221929 0 0 0 0 0 0 0 
_1.ptx 7691 : 22056 243509 0 0 0 0 0 0 0 
_1.ptx 7692 : 22056 6213442 87296 0 0 1794 1145 0 0 
_1.ptx 7694 : 22056 222387 0 0 0 0 0 0 0 
_1.ptx 7695 : 22056 243165 0 0 0 0 0 0 0 
_1.ptx 7696 : 22056 177279 0 0 0 0 0 0 0 
_1.ptx 7697 : 22056 132364 0 0 0 0 0 0 22 
_1.ptx 7699 : 103 1133 0 0 0 0 0 0 0 
_1.ptx 7700 : 103 1142 0 0 0 0 0 0 0 
_1.ptx 7701 : 103 731 0 0 0 0 0 0 0 
_1.ptx 7702 : 103 1039 0 0 0 0 0 0 0 
_1.ptx 7703 : 103 1133 0 0 0 0 0 0 0 
_1.ptx 7704 : 103 9069 256 0 0 24 22 0 0 
_1.ptx 7706 : 103 1031 0 0 0 0 0 0 0 
_1.ptx 7707 : 103 1133 0 0 0 0 0 0 0 
_1.ptx 7708 : 103 824 0 0 0 0 0 0 0 
_1.ptx 7709 : 103 627 0 0 0 0 0 0 0 
_1.ptx 8537 : 3529536 21213056 0 0 0 0 0 0 0 
_1.ptx 8538 : 3529536 28373312 0 0 0 0 0 0 0 
_1.ptx 8539 : 3529536 21242080 0 0 0 0 0 0 0 
_1.ptx 8595 : 3529536 21213344 0 0 0 0 0 0 0 
_1.ptx 8596 : 3529536 28350944 0 0 0 0 0 0 0 
_1.ptx 8597 : 3529536 21247840 0 0 0 0 0 0 0 
_1.ptx 7815 : 22997 139272 0 0 0 0 0 0 0 
_1.ptx 7816 : 22997 140566 0 0 0 0 0 0 0 
_1.ptx 7817 : 22997 139070 0 0 0 0 0 0 0 
_1.ptx 7818 : 22997 139729 0 0 0 0 0 0 0 
_1.ptx 7819 : 22997 139191 0 0 0 0 0 0 0 
_1.ptx 7820 : 22997 139929 0 0 0 0 0 0 0 
_1.ptx 7821 : 22997 139927 0 0 0 0 0 0 0 
_1.ptx 7822 : 22997 140367 0 0 0 0 0 0 0 
_1.ptx 7823 : 22997 139696 0 0 0 0 0 0 0 
_1.ptx 7824 : 22997 141517 0 0 0 0 0 0 0 
_1.ptx 7825 : 22997 139798 0 0 0 0 0 0 0 
_1.ptx 7826 : 22997 139988 0 0 0 0 0 0 0 
_1.ptx 7827 : 22997 139884 0 0 0 0 0 0 0 
_1.ptx 7829 : 73475 444956 0 0 0 0 0 0 0 
_1.ptx 8653 : 3529536 21227840 0 0 0 0 0 0 0 
_1.ptx 7830 : 73475 447968 0 0 0 0 0 0 0 
_1.ptx 7831 : 73475 444885 0 0 0 0 0 0 0 
_1.ptx 7832 : 73475 447801 0 0 0 0 0 0 0 
_1.ptx 7833 : 73475 444424 0 0 0 0 0 0 0 
_1.ptx 7834 : 73475 445503 0 0 0 0 0 0 0 
_1.ptx 7835 : 73475 444069 0 0 0 0 0 0 0 
_1.ptx 7836 : 73475 445614 0 0 0 0 0 0 0 
_1.ptx 7837 : 73475 444622 0 0 0 0 0 0 0 
_1.ptx 7838 : 73475 446700 0 0 0 0 0 0 0 
_1.ptx 7839 : 73475 444469 0 0 0 0 0 0 0 
_1.ptx 7840 : 73475 445522 0 0 0 0 0 0 0 
_1.ptx 7842 : 21953 132383 0 0 0 0 0 0 0 
_1.ptx 7843 : 21953 132503 0 0 0 0 0 0 0 
_1.ptx 7844 : 21953 132512 0 0 0 0 0 0 0 
_1.ptx 7845 : 21953 133180 0 0 0 0 0 0 0 
_1.ptx 7846 : 21953 132618 0 0 0 0 0 0 0 
_1.ptx 7847 : 21953 133086 0 0 0 0 0 0 0 
_1.ptx 7848 : 21953 132766 0 0 0 0 0 0 0 
_1.ptx 7849 : 21953 133162 0 0 0 0 0 0 0 
_1.ptx 7850 : 21953 132618 0 0 0 0 0 0 0 
_1.ptx 7851 : 21953 133157 0 0 0 0 0 0 0 
_1.ptx 7852 : 21953 132696 0 0 0 0 0 0 0 
_1.ptx 7854 : 103 618 0 0 0 0 0 0 0 
_1.ptx 7855 : 103 618 0 0 0 0 0 0 0 
_1.ptx 7856 : 103 618 0 0 0 0 0 0 0 
_1.ptx 7857 : 103 621 0 0 0 0 0 0 0 
_1.ptx 7858 : 103 619 0 0 0 0 0 0 0 
_1.ptx 7859 : 103 622 0 0 0 0 0 0 0 
_1.ptx 7860 : 103 618 0 0 0 0 0 0 0 
_1.ptx 7861 : 103 622 0 0 0 0 0 0 0 
_1.ptx 7862 : 103 618 0 0 0 0 0 0 0 
_1.ptx 7863 : 103 621 0 0 0 0 0 0 0 
_1.ptx 3793 : 16384 98400 0 0 0 0 0 0 0 
_1.ptx 3794 : 16384 98624 0 0 0 0 0 0 0 
_1.ptx 3795 : 16384 200416 0 0 0 0 0 0 0 
_1.ptx 3796 : 16384 1048256 128 0 0 0 0 0 0 
_1.ptx 3797 : 16384 180608 0 0 0 0 0 0 0 
_1.ptx 8736 : 3529536 24936064 0 0 0 0 0 0 0 
_1.ptx 3798 : 16384 165088 0 0 0 0 0 0 0 
_1.ptx 3799 : 16384 2593984 0 0 0 0 0 0 0 
_1.ptx 8738 : 3529536 69478432 0 110298 110298 0 0 0 0 
_1.ptx 3800 : 16384 116000 0 0 0 0 0 0 0 
_1.ptx 3801 : 16384 98560 0 0 0 0 0 0 0 
_1.ptx 8740 : 3529536 37463296 0 110298 110298 0 0 0 0 
_1.ptx 7917 : 118528 719072 0 0 0 0 0 0 0 
_1.ptx 3802 : 16384 183200 0 0 0 0 0 0 0 
_1.ptx 3803 : 16384 98752 0 0 0 0 0 0 0 
_1.ptx 8742 : 3529536 21279872 0 0 0 0 0 0 0 
_1.ptx 7919 : 118528 0 0 0 0 0 0 0 0 
_1.ptx 3804 : 16384 180960 0 0 0 0 0 0 0 
_1.ptx 8743 : 3529536 21101838 0 0 0 0 0 0 55149 
_1.ptx 7920 : 118528 720352 0 0 0 0 0 0 0 
_1.ptx 3805 : 16384 164224 0 0 0 0 0 0 0 
_1.ptx 8744 : 55149 337510 0 0 0 0 0 0 0 
_1.ptx 7921 : 118528 726944 0 0 0 0 0 0 0 
_1.ptx 3806 : 16384 196032 0 0 0 0 0 0 0 
_1.ptx 8745 : 55149 445914 0 0 0 0 0 0 0 
_1.ptx 7922 : 118528 1358368 0 0 0 0 0 0 0 
_1.ptx 3807 : 16384 131776 0 0 0 0 0 0 0 
_1.ptx 8746 : 55149 0 0 0 0 0 0 0 0 
_1.ptx 7923 : 118528 838336 0 0 0 0 0 0 0 
_1.ptx 3808 : 16384 99072 0 0 0 0 0 0 0 
_1.ptx 8747 : 55149 554681 0 0 0 0 0 0 0 
_1.ptx 7924 : 118528 2870016 0 0 0 0 0 0 0 
_1.ptx 8748 : 55149 332473 0 0 0 0 0 0 0 
_1.ptx 7925 : 118528 1339648 0 0 0 0 0 0 0 
_1.ptx 8749 : 55149 333494 0 0 0 0 0 0 0 
_1.ptx 7926 : 118528 738432 0 0 0 0 0 0 0 
_1.ptx 8750 : 55149 389182 0 0 0 0 0 0 0 
_1.ptx 7927 : 118528 1380704 0 0 0 0 0 0 0 
_1.ptx 7928 : 118528 1446112 0 0 0 0 0 0 0 
_1.ptx 7929 : 118528 1237120 0 0 0 0 0 0 0 
_1.ptx 7930 : 118528 1311552 0 0 0 0 0 0 0 
_1.ptx 3815 : 16384 98528 0 0 0 0 0 0 0 
_1.ptx 8754 : 3474387 38293054 0 0 0 0 0 0 0 
_1.ptx 7931 : 118528 1318880 0 0 0 0 0 0 0 
_1.ptx 3816 : 16384 131360 0 0 0 0 0 0 0 
_1.ptx 8755 : 3474387 41002334 0 3474387 3474387 0 0 0 0 
_1.ptx 7932 : 118528 1311936 0 0 0 0 0 0 0 
_1.ptx 3817 : 16384 73968 0 0 0 0 0 0 256 
_1.ptx 8756 : 3474387 27862187 0 0 0 0 0 0 0 
_1.ptx 7933 : 118528 964064 0 0 0 0 0 0 0 
_1.ptx 3818 : 4096 46336 0 0 0 0 0 0 0 
_1.ptx 8757 : 3474387 1014480 0 0 0 0 0 0 0 
_1.ptx 7934 : 118528 725280 0 0 0 0 0 0 0 
_1.ptx 3819 : 4096 25552 0 0 0 0 0 0 0 
_1.ptx 8758 : 3306066 26506773 0 0 0 0 0 0 0 
_1.ptx 7935 : 118528 730464 0 0 0 0 0 0 0 
_1.ptx 3820 : 4096 26736 0 0 0 0 0 0 0 
_1.ptx 8759 : 3306066 18482151 0 0 0 0 0 0 0 
_1.ptx 7936 : 118528 723456 0 0 0 0 0 0 0 
_1.ptx 3821 : 4096 48976 0 0 0 0 0 0 0 
_1.ptx 8760 : 241381 2661427 0 0 0 0 0 0 0 
_1.ptx 7937 : 118528 727456 0 0 0 0 0 0 0 
_1.ptx 3822 : 4096 28848 0 0 0 0 0 0 0 
_1.ptx 8761 : 241381 3086023 0 241381 241381 0 0 0 0 
_1.ptx 7938 : 118528 723936 0 0 0 0 0 0 0 
_1.ptx 3823 : 4096 42704 0 0 0 0 0 0 0 
_1.ptx 8762 : 241381 2821126 0 241381 241381 0 0 0 0 
_1.ptx 7939 : 118528 729312 0 0 0 0 0 0 0 
_1.ptx 3824 : 4096 45440 0 0 0 0 0 0 0 
_1.ptx 8763 : 241381 1939303 0 0 0 0 0 0 0 
_1.ptx 7940 : 118528 724896 0 0 0 0 0 0 0 
_1.ptx 3825 : 4096 24640 0 0 0 0 0 0 0 
_1.ptx 8764 : 241381 1455524 0 0 0 0 0 0 0 
_1.ptx 7941 : 118528 731680 0 0 0 0 0 0 0 
_1.ptx 3826 : 4096 36976 0 0 0 0 0 0 0 
_1.ptx 7942 : 118528 725024 0 0 0 0 0 0 0 
_1.ptx 3827 : 4096 29488 0 0 0 0 0 0 0 
_1.ptx 7943 : 118528 729536 0 0 0 0 0 0 0 
_1.ptx 3828 : 4096 25744 0 0 0 0 0 0 0 
_1.ptx 8767 : 168321 1857257 0 0 0 0 0 0 0 
_1.ptx 7944 : 118528 724320 0 0 0 0 0 0 0 
_1.ptx 3829 : 4096 24832 0 0 0 0 0 0 0 
_1.ptx 8768 : 168321 1775356 0 168321 168321 0 0 0 0 
_1.ptx 7945 : 118528 728352 0 0 0 0 0 0 0 
_1.ptx 3830 : 4096 56928 0 0 0 0 0 0 0 
_1.ptx 7946 : 118528 724000 0 0 0 0 0 0 0 
_1.ptx 3831 : 4096 25232 0 0 0 0 0 0 0 
_1.ptx 7947 : 118528 727840 0 0 0 0 0 0 0 
_1.ptx 3832 : 4096 28784 0 0 0 0 0 0 0 
_1.ptx 8771 : 168321 1186564 0 0 0 0 0 0 0 
_1.ptx 3833 : 4096 51504 0 0 0 0 0 0 0 
_1.ptx 3834 : 4096 45344 0 0 0 0 0 0 0 
_1.ptx 8773 : 168321 773721 0 168321 168321 0 0 0 0 
_1.ptx 7950 : 3529536 25413536 0 0 0 0 0 0 0 
_1.ptx 3835 : 4096 24784 0 0 0 0 0 0 0 
_1.ptx 7951 : 3529536 22023008 0 0 0 0 0 0 0 
_1.ptx 3836 : 4096 24880 0 0 0 0 0 0 0 
_1.ptx 7952 : 3529536 28436288 0 0 0 0 0 0 0 
_1.ptx 8776 : 3474387 34933068 0 0 0 0 0 0 0 
_1.ptx 7953 : 3529536 6793710 0 0 0 0 0 0 98795 
_1.ptx 8777 : 3474387 34857502 0 0 0 0 0 0 0 
_1.ptx 3839 : 4096 0 0 0 0 0 0 0 0 
_1.ptx 8778 : 3474387 27910998 0 0 0 0 0 0 0 
_1.ptx 7955 : 2404788 16970072 0 0 0 0 0 0 0 
_1.ptx 3840 : 4096 28736 0 0 0 0 0 0 0 
_1.ptx 8779 : 3474387 20619339 0 0 0 0 0 0 0 
_1.ptx 7956 : 2404788 26561994 0 0 0 0 0 0 0 
_1.ptx 3841 : 4096 46464 0 0 0 0 0 0 0 
_1.ptx 7957 : 2404788 641052295 8204288 0 0 735774 107137 0 0 
_1.ptx 3842 : 4096 50336 0 0 0 0 0 0 0 
_1.ptx 8781 : 55149 442568 0 0 0 0 0 0 0 
_1.ptx 7958 : 2404788 14463344 0 0 0 0 0 0 0 
_1.ptx 3843 : 4096 45104 0 0 0 0 0 0 0 
_1.ptx 8782 : 55149 321101 0 0 0 0 0 0 0 
_1.ptx 7959 : 2404788 19317874 0 0 0 0 0 0 0 
_1.ptx 3844 : 4096 29216 0 0 0 0 0 0 0 
_1.ptx 7960 : 2404788 262931 0 0 0 0 0 0 43682 
_1.ptx 3845 : 4096 45136 0 0 0 0 0 0 0 
_1.ptx 8784 : 1852 11127 0 0 0 0 0 0 0 
_1.ptx 7961 : 2361052 50300175 0 0 0 0 0 0 0 
_1.ptx 3846 : 4096 31600 0 0 0 0 0 0 0 
_1.ptx 8785 : 1852 35539 0 1852 1852 0 0 0 0 
_1.ptx 7962 : 2361052 26041737 0 0 0 0 0 0 0 
_1.ptx 3847 : 4096 41872 0 0 0 0 0 0 0 
_1.ptx 7963 : 2361052 396702090 537216 0 0 729311 107083 0 0 
_1.ptx 3848 : 4096 45216 0 0 0 0 0 0 0 
_1.ptx 7964 : 2361052 14194075 0 0 0 0 0 0 0 
_1.ptx 3849 : 4096 24800 0 0 0 0 0 0 0 
_1.ptx 7965 : 2361052 18977209 0 0 0 0 0 0 0 
_1.ptx 3850 : 4096 28832 0 0 0 0 0 0 0 
_1.ptx 8789 : 3529536 21262592 0 0 0 0 0 0 0 
_1.ptx 7966 : 2361052 14206698 0 0 0 0 0 0 0 
_1.ptx 8791 : 3529536 43172608 0 110298 110298 0 0 0 0 
_1.ptx 7968 : 43736 262918 0 0 0 0 0 0 0 
_1.ptx 8792 : 3529536 21254336 0 0 0 0 0 0 0 
_1.ptx 7969 : 43736 263268 0 0 0 0 0 0 0 
_1.ptx 3854 : 561152 5623392 0 0 0 0 0 0 0 
_1.ptx 8793 : 3529536 28468512 0 0 0 0 0 0 0 
_1.ptx 7970 : 43736 262897 0 0 0 0 0 0 0 
_1.ptx 3855 : 561152 81693584 2244992 0 0 561152 35072 0 0 
_1.ptx 8794 : 3529536 713248 0 0 0 0 0 0 0 
_1.ptx 3856 : 561152 3371328 0 0 0 0 0 0 0 
_1.ptx 8795 : 3411008 20468075 0 0 0 0 0 0 53297 
_1.ptx 7972 : 2361052 164166198 0 0 0 0 0 0 0 
_1.ptx 3857 : 561152 4492256 0 0 0 0 0 0 0 
_1.ptx 7973 : 2361052 14200796 0 0 0 0 0 0 0 
_1.ptx 3858 : 561152 5060064 0 0 0 0 0 0 0 
_1.ptx 8797 : 53297 321484 0 0 0 0 0 0 0 
_1.ptx 7974 : 2361052 18994637 0 0 0 0 0 0 0 
_1.ptx 3859 : 561152 5624304 0 0 0 0 0 0 0 
_1.ptx 8798 : 53297 377895 0 0 0 0 0 0 0 
_1.ptx 7975 : 2361052 14210207 0 0 0 0 0 0 0 
_1.ptx 3860 : 561152 5631888 0 0 0 0 0 0 0 
_1.ptx 8799 : 53297 587698 0 0 0 0 0 0 0 
_1.ptx 3861 : 561152 4494544 0 0 0 0 0 0 0 
_1.ptx 8800 : 53297 459609 326688 0 0 53297 53297 0 0 
_1.ptx 3862 : 561152 3346064 0 0 0 0 0 0 0 
_1.ptx 3863 : 4096 24656 0 0 0 0 0 0 0 
_1.ptx 8803 : 3411008 24332096 0 0 0 0 0 0 0 
_1.ptx 8805 : 3411008 34780352 0 0 0 0 0 0 0 
_1.ptx 8806 : 3411008 22610208 0 0 0 0 0 0 0 
_1.ptx 3868 : 4096 28816 0 0 0 0 0 0 0 
_1.ptx 3869 : 4096 41648 0 0 0 0 0 0 0 
_1.ptx 3870 : 4096 45104 0 0 0 0 0 0 0 
_1.ptx 8809 : 118528 715744 0 0 0 0 0 0 0 
_1.ptx 3871 : 4096 32016 8768 0 0 256 256 0 0 
_1.ptx 3872 : 4096 45568 0 0 0 0 0 0 0 
_1.ptx 3873 : 4096 45104 0 0 0 0 0 0 0 
_1.ptx 8812 : 3529536 21957312 0 0 0 0 0 0 0 
_1.ptx 3874 : 4096 45056 0 0 0 0 0 0 0 
_1.ptx 3875 : 4096 32912 0 0 0 0 0 0 0 
_1.ptx 8814 : 3529536 28494688 0 0 0 0 0 0 0 
_1.ptx 3876 : 4096 0 0 0 0 0 0 0 0 
_1.ptx 8815 : 3529536 0 0 0 0 0 0 0 0 
_1.ptx 8816 : 3529536 21602048 0 0 0 0 0 0 0 
_1.ptx 7993 : 2361052 99698904 0 0 0 0 0 0 0 
_1.ptx 8817 : 3529536 28400928 0 0 0 0 0 0 0 
_1.ptx 7994 : 2361052 27241914 0 0 0 0 0 0 0 
_1.ptx 3879 : 16384 98528 0 0 0 0 0 0 0 
_1.ptx 8818 : 3529536 20648736 0 0 0 0 0 0 0 
_1.ptx 7995 : 2361052 26049262 0 0 0 0 0 0 0 
_1.ptx 8819 : 118528 717152 0 0 0 0 0 0 0 
_1.ptx 7996 : 2361052 16670560 0 0 0 0 0 0 0 
_1.ptx 7997 : 2361052 24088557 0 0 0 0 0 0 0 
_1.ptx 7998 : 2361052 26079450 0 0 0 0 0 0 0 
_1.ptx 7999 : 2361052 1872561254 252573952 0 0 2361052 107083 0 0 
_1.ptx 8824 : 118528 837120 0 0 0 0 0 0 0 
_1.ptx 8001 : 2361052 18918636 0 0 0 0 0 0 0 
_1.ptx 8825 : 118528 725248 0 0 0 0 0 0 0 
_1.ptx 8002 : 2361052 21309559 0 0 0 0 0 0 0 
_1.ptx 8003 : 2361052 18924612 0 0 0 0 0 0 0 
_1.ptx 8004 : 2361052 5940904 0 0 0 0 0 0 89585 
_1.ptx 8005 : 1371911 9643004 0 0 0 0 0 0 0 
_1.ptx 8006 : 1371911 9654089 0 0 0 0 0 0 0 
_1.ptx 8007 : 1371911 8260245 0 0 0 0 0 0 0 
_1.ptx 8009 : 989141 5940062 0 0 0 0 0 0 0 
_1.ptx 8010 : 989141 5942547 0 0 0 0 0 0 0 
_1.ptx 8012 : 1124748 6766222 0 0 0 0 0 0 0 
_1.ptx 8015 : 3529536 21205600 0 0 0 0 0 0 0 
_1.ptx 8016 : 3529536 28337952 0 0 0 0 0 0 0 
_1.ptx 8017 : 3529536 16048861 0 0 0 0 0 0 50512 
_1.ptx 8019 : 859330 6029398 0 0 0 0 0 0 0 
_1.ptx 8020 : 859330 9467574 0 0 0 0 0 0 0 
_1.ptx 8021 : 859330 359022366 3506048 0 0 307763 52709 0 0 
_1.ptx 8022 : 859330 5159502 0 0 0 0 0 0 0 
_1.ptx 8023 : 859330 6891737 0 0 0 0 0 0 0 
_1.ptx 8024 : 859330 57295 0 0 0 0 0 0 9498 
_1.ptx 8025 : 849797 41975754 0 0 0 0 0 0 0 
_1.ptx 8026 : 849797 9371597 0 0 0 0 0 0 0 
_1.ptx 8027 : 849797 169778458 349696 0 0 306404 52674 0 0 
_1.ptx 8028 : 849797 5106150 0 0 0 0 0 0 0 
_1.ptx 8029 : 849797 6819076 0 0 0 0 0 0 0 
_1.ptx 8030 : 849797 5109165 0 0 0 0 0 0 0 
_1.ptx 8032 : 9533 57290 0 0 0 0 0 0 0 
_1.ptx 8033 : 9533 57427 0 0 0 0 0 0 0 
_1.ptx 8035 : 849797 24570506 0 0 0 0 0 0 0 
_1.ptx 8036 : 849797 5105895 0 0 0 0 0 0 0 
_1.ptx 8037 : 849797 6824349 0 0 0 0 0 0 0 
_1.ptx 8038 : 849797 5108091 0 0 0 0 0 0 0 
_1.ptx 8056 : 849797 11600395 0 0 0 0 0 0 0 
_1.ptx 8057 : 849797 9698020 0 0 0 0 0 0 0 
_1.ptx 8058 : 849797 9369382 0 0 0 0 0 0 0 
_1.ptx 8059 : 849797 5983301 0 0 0 0 0 0 0 
_1.ptx 8060 : 849797 8786019 0 0 0 0 0 0 0 
_1.ptx 8061 : 849797 9378491 0 0 0 0 0 0 0 
_1.ptx 8062 : 849797 540710990 94238080 0 0 849797 52674 0 0 
_1.ptx 8064 : 849797 6816667 0 0 0 0 0 0 0 
_1.ptx 8065 : 849797 7674713 0 0 0 0 0 0 0 
_1.ptx 8066 : 849797 6817040 0 0 0 0 0 0 0 
_1.ptx 8067 : 849797 3162704 0 0 0 0 0 0 44350 
_1.ptx 8068 : 323686 2274422 0 0 0 0 0 0 0 
_1.ptx 8069 : 323686 2309508 0 0 0 0 0 0 0 
_1.ptx 8073 : 3529536 21292640 0 0 0 0 0 0 0 
_1.ptx 8074 : 3529536 28320544 0 0 0 0 0 0 0 
_1.ptx 8075 : 3529536 21183979 0 0 0 0 0 0 1084 
_1.ptx 8077 : 4305 30320 0 0 0 0 0 0 0 
_1.ptx 8078 : 4305 47450 0 0 0 0 0 0 0 
_1.ptx 8079 : 4305 550930 2816 0 0 1280 1084 0 0 
_1.ptx 8080 : 4305 25877 0 0 0 0 0 0 0 
_1.ptx 8081 : 4305 34517 0 0 0 0 0 0 0 
_1.ptx 8082 : 4305 168 0 0 0 0 0 0 28 
_1.ptx 8083 : 4277 88706 0 0 0 0 0 0 0 
_1.ptx 8084 : 4277 47155 0 0 0 0 0 0 0 
_1.ptx 8085 : 4277 227440 0 0 0 1280 1084 0 0 
_1.ptx 8086 : 4277 25735 0 0 0 0 0 0 0 
_1.ptx 8087 : 4277 34344 0 0 0 0 0 0 0 
_1.ptx 8088 : 4277 25708 0 0 0 0 0 0 0 
_1.ptx 8090 : 28 168 0 0 0 0 0 0 0 
_1.ptx 8091 : 28 169 0 0 0 0 0 0 0 
_1.ptx 8093 : 4277 28623 0 0 0 0 0 0 0 
_1.ptx 8094 : 4277 25733 0 0 0 0 0 0 0 
_1.ptx 8095 : 4277 34335 0 0 0 0 0 0 0 
_1.ptx 8096 : 4277 25744 0 0 0 0 0 0 0 
_1.ptx 8114 : 4277 57066 0 0 0 0 0 0 0 
_1.ptx 8115 : 4277 47175 0 0 0 0 0 0 0 
_1.ptx 8116 : 4277 47140 0 0 0 0 0 0 0 
_1.ptx 8117 : 4277 30125 0 0 0 0 0 0 0 
_1.ptx 8118 : 4277 42905 0 0 0 0 0 0 0 
_1.ptx 8119 : 4277 47156 0 0 0 0 0 0 0 
_1.ptx 8120 : 4277 1442315 506112 0 0 4277 1084 0 0 
_1.ptx 8122 : 4277 34371 0 0 0 0 0 0 0 
_1.ptx 8123 : 4277 38664 0 0 0 0 0 0 0 
_1.ptx 8124 : 4277 34288 0 0 0 0 0 0 0 
_1.ptx 8125 : 4277 22332 0 0 0 0 0 0 440 
_1.ptx 8126 : 568 3985 0 0 0 0 0 0 0 
_1.ptx 8127 : 568 4087 0 0 0 0 0 0 0 
_1.ptx 8131 : 3529536 21210624 0 0 0 0 0 0 0 
_1.ptx 8132 : 3529536 28319648 0 0 0 0 0 0 0 
_1.ptx 8133 : 3529536 21215072 0 0 0 0 0 0 0 
_1.ptx 8189 : 3529536 21211456 0 0 0 0 0 0 0 
_1.ptx 8190 : 3529536 28389248 0 0 0 0 0 0 0 
_1.ptx 8191 : 3529536 21221920 0 0 0 0 0 0 0 
