kernel line : count latency dram_traffic smem_bk_conflicts smem_warp gmem_access_generated gmem_warp exposed_latency warp_divergence
_1.ptx 206 : 1048576 5327456 0 0 0 0 0 0 0 
_1.ptx 207 : 1048576 15034112 0 0 0 0 0 0 0 
_1.ptx 208 : 1048576 13266176 0 0 0 0 0 0 0 
_1.ptx 209 : 1048576 11261792 0 0 0 0 0 0 0 
_1.ptx 210 : 1048576 11174560 0 0 0 0 0 0 0 
_1.ptx 211 : 1048576 11193056 0 0 0 0 0 0 0 
_1.ptx 212 : 1048576 14022208 0 0 0 0 0 0 0 
_1.ptx 213 : 1048576 14007296 0 0 0 0 0 0 0 
_1.ptx 214 : 1048576 11413408 0 0 0 0 0 0 0 
_1.ptx 215 : 1048576 14026176 0 0 0 0 0 0 0 
_1.ptx 216 : 1048576 14981568 0 0 0 0 0 0 0 
_1.ptx 217 : 1048576 5358528 0 0 0 0 0 0 0 
_1.ptx 218 : 1048576 14487008 0 0 0 0 0 0 0 
_1.ptx 219 : 1048576 14517280 0 0 0 0 0 0 0 
_1.ptx 220 : 1048576 4830464 0 0 0 0 0 0 0 
_1.ptx 221 : 1048576 13400960 0 0 0 0 0 0 0 
_1.ptx 222 : 1048576 14847424 0 0 0 0 0 0 0 
_1.ptx 223 : 1048576 11275840 0 0 0 0 0 0 0 
_1.ptx 224 : 1048576 12525664 0 0 0 0 0 0 0 
_1.ptx 225 : 1048576 14598336 0 0 0 0 0 0 0 
_1.ptx 226 : 1048576 14659264 0 0 0 0 0 0 0 
_1.ptx 227 : 1048576 14519424 0 0 0 0 0 0 0 
_1.ptx 228 : 1048576 10861568 0 0 0 0 0 0 0 
_1.ptx 229 : 1048576 12146752 0 0 0 0 0 0 0 
_1.ptx 230 : 1048576 5320576 0 0 0 0 0 0 0 
_1.ptx 231 : 1048576 14560928 0 0 0 0 0 0 0 
_1.ptx 232 : 1048576 5025696 0 0 0 0 0 0 0 
_1.ptx 233 : 1048576 14727072 0 0 0 0 0 0 0 
_1.ptx 234 : 1048576 422541600 4456576 0 0 65536 32768 0 0 
_1.ptx 235 : 1048576 12953216 0 0 0 0 0 0 0 
_1.ptx 236 : 1048576 472101056 4456576 0 0 65536 32768 0 0 
_1.ptx 237 : 1048576 12787168 0 0 0 0 0 0 0 
_1.ptx 238 : 1048576 12140352 0 0 0 0 0 0 0 
_1.ptx 239 : 1048576 19487648 0 0 0 0 0 0 0 
_1.ptx 240 : 1048576 222416384 262272 0 0 34816 32768 0 0 
_1.ptx 241 : 1048576 11419264 0 0 0 0 0 0 0 
_1.ptx 242 : 1048576 7337792 512 0 0 32768 32768 0 0 
_1.ptx 243 : 1048576 12107168 0 0 0 0 0 0 0 
_1.ptx 244 : 1048576 12098144 0 0 0 0 0 0 0 
_1.ptx 245 : 1048576 22207424 0 0 0 0 0 0 0 
_1.ptx 246 : 1048576 26728384 0 0 0 0 0 0 0 
_1.ptx 247 : 1048576 26031360 0 0 0 0 0 0 0 
_1.ptx 248 : 1048576 15345184 0 0 0 0 0 0 0 
_1.ptx 249 : 1048576 9753248 0 0 0 65536 32768 0 0 
_1.ptx 251 : 1048576 35796320 0 0 0 65536 32768 0 0 
_1.ptx 252 : 1048576 13080928 0 0 0 0 0 0 0 
_1.ptx 253 : 1048576 12374816 0 0 0 0 0 0 0 
_1.ptx 254 : 1048576 20304128 0 0 0 0 0 0 0 
_1.ptx 255 : 1048576 8432128 0 0 0 34816 32768 0 0 
_1.ptx 256 : 1048576 14805632 0 0 0 0 0 0 0 
_1.ptx 257 : 1048576 7246976 128 0 0 32768 32768 0 0 
_1.ptx 258 : 1048576 13813568 0 0 0 0 0 0 0 
_1.ptx 259 : 1048576 13105056 0 0 0 0 0 0 0 
_1.ptx 260 : 1048576 21143072 0 0 0 0 0 0 0 
_1.ptx 261 : 1048576 22040960 0 0 0 0 0 0 0 
_1.ptx 262 : 1048576 13847424 0 0 0 0 0 0 0 
_1.ptx 263 : 1048576 10515104 0 0 0 65536 32768 0 0 
_1.ptx 265 : 1048576 12374752 0 0 0 0 0 0 0 
_1.ptx 266 : 1048576 10426656 0 0 0 0 0 0 0 
_1.ptx 67 : 1048576 7461248 0 0 0 0 0 0 0 
_1.ptx 267 : 1048576 11173856 0 0 0 0 0 0 0 
_1.ptx 68 : 1048576 7614880 0 0 0 0 0 0 0 
_1.ptx 268 : 1048576 10199168 0 0 0 0 0 0 0 
_1.ptx 69 : 1048576 9227264 0 0 0 0 0 0 0 
_1.ptx 269 : 1048576 9196672 0 0 0 0 0 0 0 
_1.ptx 70 : 1048576 7301408 0 0 0 0 0 0 0 
_1.ptx 270 : 1048576 10068352 0 0 0 0 0 0 0 
_1.ptx 71 : 1048576 8442144 0 0 0 0 0 0 0 
_1.ptx 271 : 1048576 9892352 0 0 0 0 0 0 0 
_1.ptx 72 : 1048576 7587392 0 0 0 0 0 0 0 
_1.ptx 272 : 1048576 10628096 0 0 0 0 0 0 0 
_1.ptx 73 : 1048576 32933280 0 0 0 0 0 0 0 
_1.ptx 273 : 1048576 8966048 0 0 0 0 0 0 0 
_1.ptx 74 : 1048576 12334272 0 0 0 0 0 0 0 
_1.ptx 274 : 1048576 10450144 0 0 0 0 0 0 0 
_1.ptx 75 : 1048576 7648160 0 0 0 0 0 0 0 
_1.ptx 275 : 1048576 9519216 0 0 0 0 0 0 1 
_1.ptx 76 : 1048576 7409040 0 0 0 0 0 0 32768 
_1.ptx 277 : 16 176 0 0 0 0 0 0 0 
_1.ptx 78 : 65536 441908 128 0 0 0 0 0 0 
_1.ptx 278 : 16 176 0 0 0 0 0 0 0 
_1.ptx 79 : 65536 1930446 0 0 0 0 0 0 0 
_1.ptx 279 : 16 3456 0 0 0 1 1 0 0 
_1.ptx 80 : 65536 767216 0 0 0 0 0 0 0 
_1.ptx 280 : 16 112 0 0 0 0 0 0 0 
_1.ptx 81 : 65536 536628 0 0 0 0 0 0 0 
_1.ptx 281 : 16 2400 0 0 0 1 1 0 0 
_1.ptx 82 : 65536 1845914 0 0 0 0 0 0 0 
_1.ptx 282 : 16 128 0 0 0 0 0 0 0 
_1.ptx 83 : 65536 765120 0 0 0 0 0 0 0 
_1.ptx 283 : 16 96 0 0 0 0 0 0 0 
_1.ptx 84 : 65536 6757452 262272 0 0 34816 32768 0 0 
_1.ptx 284 : 16 240 0 0 0 0 0 0 0 
_1.ptx 85 : 65536 355768 0 32768 32768 0 0 0 0 
_1.ptx 285 : 16 80 0 0 0 1 1 0 0 
_1.ptx 286 : 16 112 0 0 0 0 0 0 0 
_1.ptx 287 : 16 96 0 0 0 0 0 0 0 
_1.ptx 88 : 1048576 7232288 0 0 0 0 0 0 0 
_1.ptx 288 : 16 256 0 0 0 0 0 0 0 
_1.ptx 89 : 1048576 7551072 0 0 0 0 0 0 0 
_1.ptx 289 : 16 240 0 0 0 0 0 0 0 
_1.ptx 290 : 16 112 0 0 0 0 0 0 0 
_1.ptx 91 : 1048576 3414048 0 0 0 0 0 0 0 
_1.ptx 291 : 16 96 0 0 0 1 1 0 0 
_1.ptx 92 : 1048576 11196544 0 0 0 0 0 0 0 
_1.ptx 93 : 1048576 35272608 0 0 0 0 0 0 0 
_1.ptx 293 : 16 64 0 0 0 1 1 0 0 
_1.ptx 94 : 1048576 8385600 0 0 0 0 0 0 0 
_1.ptx 294 : 16 112 0 0 0 0 0 0 0 
_1.ptx 95 : 1048576 34220896 0 0 0 0 0 0 0 
_1.ptx 295 : 16 112 0 0 0 0 0 0 0 
_1.ptx 96 : 1048576 11541984 0 0 0 0 0 0 0 
_1.ptx 296 : 16 240 0 0 0 0 0 0 0 
_1.ptx 97 : 1048576 32583648 0 0 0 0 0 0 0 
_1.ptx 297 : 16 64 0 0 0 1 1 0 0 
_1.ptx 98 : 1048576 12333472 0 0 0 0 0 0 0 
_1.ptx 298 : 16 128 0 0 0 0 0 0 0 
_1.ptx 99 : 1048576 32188896 0 0 0 0 0 0 0 
_1.ptx 299 : 16 128 0 0 0 0 0 0 0 
_1.ptx 100 : 1048576 12351168 0 0 0 0 0 0 0 
_1.ptx 300 : 16 256 0 0 0 0 0 0 0 
_1.ptx 101 : 1048576 31933664 0 0 0 0 0 0 0 
_1.ptx 301 : 16 112 0 0 0 0 0 0 0 
_1.ptx 102 : 1048576 12318496 0 0 0 0 0 0 0 
_1.ptx 302 : 16 96 0 0 0 1 1 0 0 
_1.ptx 103 : 1048576 3913280 0 0 0 0 0 0 0 
_1.ptx 104 : 1048576 12248800 0 0 0 0 0 0 0 
_1.ptx 105 : 1048576 12294816 0 0 0 0 0 0 0 
_1.ptx 305 : 1048576 9886720 0 0 0 0 0 0 0 
_1.ptx 106 : 1048576 8729376 0 0 0 0 0 0 0 
_1.ptx 107 : 1048576 36907360 0 0 0 0 0 0 0 
_1.ptx 108 : 1048576 12317216 0 0 0 0 0 0 0 
_1.ptx 109 : 1048576 308990304 4456576 0 0 65536 32768 0 0 
_1.ptx 110 : 1048576 5840384 0 32768 32768 0 0 0 0 
_1.ptx 112 : 1048576 7426944 0 0 0 0 0 0 0 
_1.ptx 114 : 1048576 9265184 0 32768 32768 0 0 0 0 
_1.ptx 115 : 1048576 9266944 0 32768 32768 0 0 0 0 
_1.ptx 116 : 1048576 12405504 0 0 0 0 0 0 0 
_1.ptx 117 : 1048576 5771616 0 32768 32768 0 0 0 0 
_1.ptx 119 : 1048576 7501280 0 0 0 0 0 0 0 
_1.ptx 121 : 1048576 7941888 0 0 0 0 0 0 0 
_1.ptx 122 : 1048576 50090656 0 0 0 0 0 0 0 
_1.ptx 123 : 1048576 7394944 0 0 0 0 0 0 0 
_1.ptx 124 : 1048576 9038016 0 0 0 0 0 0 0 
_1.ptx 125 : 1048576 0 0 0 0 0 0 0 0 
_1.ptx 126 : 1048576 7302528 0 0 0 0 0 0 0 
_1.ptx 127 : 1048576 7054688 0 0 0 0 0 0 0 
_1.ptx 128 : 1048576 59834016 0 0 0 0 0 0 0 
_1.ptx 129 : 1048576 6914656 0 0 0 0 0 0 0 
_1.ptx 133 : 4194304 50018912 0 0 0 0 0 0 0 
_1.ptx 134 : 4194304 211057376 0 0 0 0 0 0 0 
_1.ptx 135 : 4194304 32650720 0 0 0 0 0 0 0 
_1.ptx 136 : 4194304 36386912 0 0 0 0 0 0 0 
_1.ptx 137 : 4194304 29273088 0 0 0 0 0 0 0 
_1.ptx 138 : 4194304 36459840 0 0 0 0 0 0 0 
_1.ptx 139 : 4194304 22511504 0 0 0 0 0 0 61440 
_1.ptx 141 : 983040 8491104 0 61440 61440 0 0 0 0 
_1.ptx 142 : 983040 7755120 0 0 0 0 0 0 0 
_1.ptx 143 : 983040 7016016 0 0 0 0 0 0 0 
_1.ptx 144 : 983040 8645296 0 0 0 0 0 0 0 
_1.ptx 145 : 983040 11441664 0 0 0 0 0 0 0 
_1.ptx 146 : 983040 8077504 0 0 0 0 0 0 0 
_1.ptx 147 : 983040 11466672 0 0 0 0 0 0 0 
_1.ptx 148 : 983040 8093312 0 0 0 0 0 0 0 
_1.ptx 149 : 983040 32679104 0 0 0 0 0 0 0 
_1.ptx 150 : 983040 11537328 0 0 0 0 0 0 0 
_1.ptx 151 : 983040 27270528 0 0 0 0 0 0 0 
_1.ptx 152 : 983040 11474912 0 0 0 0 0 0 0 
_1.ptx 153 : 983040 8629120 0 61440 61440 0 0 0 0 
_1.ptx 154 : 983040 11385056 0 0 0 0 0 0 0 
_1.ptx 155 : 983040 5438384 0 61440 61440 0 0 0 0 
_1.ptx 158 : 4194304 29488160 0 0 0 0 0 0 0 
_1.ptx 160 : 4194304 45731488 0 0 0 0 0 0 0 
_1.ptx 161 : 4194304 37554464 0 0 0 0 0 0 0 
_1.ptx 162 : 4194304 38185760 0 0 0 0 0 0 0 
_1.ptx 163 : 4194304 24284864 0 0 0 0 0 0 0 
_1.ptx 166 : 1048576 9209856 0 32768 32768 0 0 0 0 
_1.ptx 167 : 1048576 9947136 0 0 0 65536 32768 0 0 
_1.ptx 169 : 1048576 6630336 0 0 0 0 0 0 0 
_1.ptx 170 : 1048576 6604260 0 0 0 0 0 0 32768 
_1.ptx 172 : 65536 1909398 0 0 0 0 0 0 0 
_1.ptx 173 : 65536 779072 0 0 0 0 0 0 0 
_1.ptx 174 : 65536 2009100 0 0 0 0 0 0 0 
_1.ptx 175 : 65536 772944 0 0 0 0 0 0 0 
_1.ptx 176 : 65536 569376 0 32768 32768 0 0 0 0 
_1.ptx 177 : 65536 232522 0 0 0 0 0 0 0 
_1.ptx 178 : 65536 2000788 0 0 0 0 0 0 0 
_1.ptx 179 : 65536 764468 0 0 0 0 0 0 0 
_1.ptx 180 : 65536 555628 0 0 0 0 0 0 0 
_1.ptx 181 : 65536 1982290 0 0 0 0 0 0 0 
_1.ptx 182 : 65536 777342 0 0 0 0 0 0 0 
_1.ptx 183 : 65536 362848 261376 0 0 32768 32768 0 0 
_1.ptx 186 : 1048576 7594176 0 0 0 0 0 0 0 
