kernel line : count latency dram_traffic smem_bk_conflicts smem_warp gmem_access_generated gmem_warp exposed_latency warp_divergence
_2.ptx 995 : 135936 1138240 0 0 0 0 0 0 0 
_2.ptx 996 : 135936 711217 0 0 0 0 0 0 295 
_2.ptx 998 : 30149 202000 0 0 0 0 0 0 0 
_2.ptx 999 : 30149 251260 0 0 0 0 0 0 0 
_2.ptx 1000 : 30149 251836 0 0 0 0 0 0 0 
_2.ptx 1001 : 30149 343026 0 0 0 0 0 0 0 
_2.ptx 1002 : 30149 321626 0 0 0 0 0 0 0 
_2.ptx 1003 : 30149 232539 0 0 0 0 0 0 0 
_2.ptx 1004 : 30149 342674 0 0 0 0 0 0 0 
_2.ptx 1005 : 30149 228317 0 0 0 0 0 0 0 
_2.ptx 1006 : 30149 342891 0 0 0 0 0 0 0 
_2.ptx 1007 : 30149 339479 0 0 0 0 0 0 0 
_2.ptx 1008 : 30149 290105 0 2006 1180 0 0 0 0 
_2.ptx 1010 : 30149 340119 0 0 0 0 0 0 0 
_2.ptx 1011 : 30149 317387 0 0 0 0 0 0 0 
_2.ptx 1012 : 30149 231891 0 0 0 0 0 0 0 
_2.ptx 1013 : 30149 342127 0 0 0 0 0 0 0 
_2.ptx 1014 : 30149 229506 0 0 0 0 0 0 0 
_2.ptx 1015 : 30149 325063 0 0 0 0 0 0 0 
_2.ptx 1016 : 30149 338920 0 0 0 0 0 0 0 
_2.ptx 1017 : 30149 309925 0 2006 1180 0 0 0 0 
_2.ptx 1018 : 30149 222887 0 2006 1180 0 0 0 0 
_2.ptx 1020 : 30149 346246 0 2006 1180 0 0 0 0 
_2.ptx 1021 : 30149 336506 0 0 0 0 0 0 0 
_2.ptx 1022 : 30149 208859 0 2006 1180 0 0 0 0 
_2.ptx 1025 : 135936 1609696 0 0 0 0 0 0 0 
_2.ptx 1026 : 135936 1141376 0 0 0 0 0 0 0 
_2.ptx 1027 : 135936 816736 0 0 0 0 0 0 0 
_3.ptx 1028 : 30208 192544 0 0 0 0 0 0 0 
_3.ptx 1029 : 30208 194976 0 0 0 0 0 0 0 
_2.ptx 1030 : 15104 95072 0 0 0 0 0 0 0 
_3.ptx 1030 : 30208 405920 0 0 0 0 0 0 0 
_3.ptx 1031 : 30208 190464 0 0 0 0 0 0 0 
_2.ptx 1032 : 15104 73856 0 0 0 0 0 0 0 
_3.ptx 1032 : 30208 347904 0 0 0 0 0 0 0 
_2.ptx 1033 : 15104 162624 0 944 472 0 0 0 0 
_3.ptx 1033 : 30208 197792 0 0 0 0 0 0 0 
_2.ptx 1034 : 15104 167104 0 0 0 0 0 0 0 
_3.ptx 1034 : 30208 412672 0 0 0 0 0 0 0 
_2.ptx 1035 : 15104 148576 60416 0 0 472 472 0 0 
_3.ptx 1035 : 30208 189920 0 0 0 0 0 0 0 
_3.ptx 1036 : 30208 339328 0 0 0 0 0 0 0 
_2.ptx 1037 : 15104 223168 0 944 472 0 0 0 0 
_3.ptx 1037 : 30208 2001440 128 0 0 0 0 0 0 
_2.ptx 1038 : 15104 166720 0 0 0 0 0 0 0 
_3.ptx 1038 : 30208 1988416 0 0 0 0 0 0 0 
_2.ptx 1039 : 15104 222272 60416 0 0 472 472 0 0 
_3.ptx 1039 : 30208 401664 0 0 0 0 0 0 0 
_3.ptx 1040 : 30208 253120 0 0 0 0 0 0 0 
_2.ptx 1041 : 15104 91456 0 0 0 0 0 0 0 
_3.ptx 1041 : 30208 192800 0 0 0 0 0 0 1 
_3.ptx 1042 : 208 1280 0 0 0 0 0 0 0 
_3.ptx 1045 : 30000 400080 0 0 0 0 0 0 0 
_3.ptx 1046 : 30000 424016 0 0 0 0 0 0 0 
_3.ptx 1047 : 30000 192288 0 0 0 0 0 0 0 
_3.ptx 1048 : 30000 337200 0 0 0 0 0 0 0 
_3.ptx 1049 : 30000 225328 0 0 0 0 0 0 0 
_3.ptx 1050 : 30000 403632 0 0 0 0 0 0 0 
_3.ptx 1051 : 30000 307808 0 0 0 0 0 0 0 
_3.ptx 1052 : 30000 406320 0 0 0 0 0 0 0 
_3.ptx 1053 : 30000 252032 0 0 0 0 0 0 0 
_3.ptx 1054 : 30000 279728 0 0 0 0 0 0 0 
_3.ptx 1055 : 30000 250496 0 0 0 0 0 0 0 
_3.ptx 1056 : 30000 0 0 0 0 0 0 0 0 
_3.ptx 1057 : 30000 222160 0 0 0 0 0 0 0 
_3.ptx 1058 : 30000 325632 0 0 0 0 0 0 0 
_3.ptx 1059 : 30000 93136 0 0 0 0 0 0 0 
_3.ptx 1060 : 30000 335472 0 0 0 0 0 0 0 
_3.ptx 1061 : 30000 93008 0 0 0 0 0 0 0 
_3.ptx 1062 : 30000 334192 0 0 0 0 0 0 0 
_3.ptx 1063 : 30000 93328 0 0 0 0 0 0 0 
_3.ptx 1064 : 30000 333904 0 0 0 0 0 0 0 
_2.ptx 869 : 15104 96448 0 0 0 0 0 0 0 
_3.ptx 1068 : 30000 8537568 120064 0 0 938 938 0 0 
_2.ptx 870 : 15104 46400 0 0 0 0 0 0 0 
_3.ptx 1069 : 30000 300224 0 0 0 0 0 0 0 
_2.ptx 871 : 15104 100224 0 0 0 0 0 0 0 
_3.ptx 1070 : 30000 238224 0 0 0 938 938 0 0 
_2.ptx 872 : 15104 128352 0 0 0 0 0 0 0 
_3.ptx 1072 : 30000 8864816 120064 0 0 938 938 0 0 
_2.ptx 873 : 15104 0 0 0 0 0 0 0 0 
_3.ptx 1073 : 30000 300448 0 0 0 0 0 0 0 
_2.ptx 874 : 15104 110112 0 0 0 0 0 0 0 
_3.ptx 1074 : 30000 150192 0 0 0 938 938 0 0 
_2.ptx 875 : 15104 116992 0 0 0 0 0 0 0 
_2.ptx 876 : 15104 131872 0 0 0 0 0 0 0 
_3.ptx 1076 : 30000 8500832 120064 0 0 938 938 0 0 
_2.ptx 877 : 15104 104192 0 0 0 0 0 0 0 
_3.ptx 1077 : 30000 307232 0 0 0 0 0 0 0 
_3.ptx 1078 : 30000 155792 0 0 0 938 938 0 0 
_3.ptx 1080 : 30000 334288 0 0 0 0 0 0 0 
_2.ptx 881 : 15104 102016 0 0 0 0 0 0 0 
_3.ptx 1081 : 30000 247040 0 0 0 0 0 0 0 
_3.ptx 1082 : 30000 0 0 0 0 0 0 0 0 
_2.ptx 883 : 15104 103648 0 0 0 0 0 0 0 
_2.ptx 884 : 15104 174784 0 0 0 0 0 0 0 
_2.ptx 885 : 15104 98752 0 0 0 0 0 0 0 
_3.ptx 1085 : 30208 189344 0 0 0 0 0 0 0 
_2.ptx 886 : 15104 117728 0 0 0 0 0 0 0 
_2.ptx 887 : 15104 220064 0 0 0 0 0 0 0 
_2.ptx 888 : 15104 119936 0 0 0 0 0 0 0 
_2.ptx 889 : 15104 181056 0 0 0 0 0 0 0 
_2.ptx 890 : 15104 133600 0 0 0 0 0 0 0 
_2.ptx 891 : 15104 212192 0 0 0 0 0 0 0 
_2.ptx 892 : 15104 169504 0 0 0 0 0 0 0 
_2.ptx 893 : 15104 48800 0 0 0 0 0 0 0 
_2.ptx 894 : 15104 170176 0 0 0 0 0 0 0 
_2.ptx 895 : 15104 3037632 0 0 0 472 472 0 0 
_2.ptx 896 : 15104 102400 0 944 472 0 0 0 0 
_2.ptx 898 : 15104 169632 0 0 0 0 0 0 0 
_2.ptx 899 : 15104 172224 0 0 0 0 0 0 0 
_2.ptx 900 : 15104 127040 0 0 0 0 0 0 0 
_2.ptx 901 : 15104 169984 0 0 0 0 0 0 0 
_2.ptx 902 : 15104 122304 0 0 0 0 0 0 0 
_2.ptx 903 : 15104 177856 0 0 0 0 0 0 0 
_2.ptx 904 : 15104 127552 0 0 0 0 0 0 0 
_2.ptx 905 : 15104 174624 0 0 0 0 0 0 0 
_2.ptx 906 : 15104 175104 0 0 0 0 0 0 0 
_2.ptx 907 : 15104 174752 0 0 0 0 0 0 0 
_2.ptx 908 : 15104 2746144 768 0 0 472 472 0 0 
_2.ptx 909 : 15104 93216 0 944 472 0 0 0 0 
_2.ptx 911 : 15104 97280 0 0 0 0 0 0 0 
_2.ptx 912 : 15104 115904 0 0 0 0 0 0 0 
_2.ptx 913 : 15104 98240 0 0 0 0 0 0 0 
_2.ptx 914 : 15104 125504 0 0 0 0 0 0 0 
_2.ptx 915 : 15104 0 0 0 0 0 0 0 0 
_2.ptx 916 : 15104 103648 0 0 0 0 0 0 0 
_2.ptx 919 : 135936 920960 0 0 0 0 0 0 0 
_2.ptx 920 : 135936 1149248 0 0 0 0 0 0 0 
_2.ptx 921 : 135936 721742 0 0 0 0 0 0 295 
_2.ptx 923 : 30149 207885 0 0 0 0 0 0 0 
_2.ptx 924 : 30149 256028 0 0 0 0 0 0 0 
_2.ptx 925 : 30149 266894 0 0 0 0 0 0 0 
_2.ptx 926 : 30149 349505 0 0 0 0 0 0 0 
_2.ptx 927 : 30149 350573 0 0 0 0 0 0 0 
_2.ptx 928 : 30149 326705 0 0 0 0 0 0 0 
_2.ptx 929 : 30149 242314 0 0 0 0 0 0 0 
_2.ptx 930 : 30149 346236 0 0 0 0 0 0 0 
_2.ptx 931 : 30149 237282 0 0 0 0 0 0 0 
_2.ptx 932 : 30149 330666 0 0 0 0 0 0 0 
_2.ptx 933 : 30149 344512 0 0 0 0 0 0 0 
_2.ptx 934 : 30149 302620 0 2006 1180 0 0 0 0 
_2.ptx 935 : 30149 317954 0 0 0 0 0 0 0 
_2.ptx 936 : 30149 236069 0 0 0 0 0 0 0 
_2.ptx 937 : 30149 347481 0 0 0 0 0 0 0 
_2.ptx 938 : 30149 239491 0 0 0 0 0 0 0 
_2.ptx 939 : 30149 333623 0 0 0 0 0 0 0 
_2.ptx 940 : 30149 344992 0 0 0 0 0 0 0 
_2.ptx 941 : 30149 290797 0 2006 1180 0 0 0 0 
_2.ptx 942 : 30149 341789 0 0 0 0 0 0 0 
_2.ptx 943 : 30149 193514 0 2006 1180 0 0 0 0 
_2.ptx 946 : 135936 1540512 0 0 0 0 0 0 0 
_2.ptx 948 : 135936 1021024 0 0 0 0 0 0 0 
_2.ptx 949 : 135936 952864 0 0 0 0 0 0 0 
_2.ptx 950 : 135936 1162560 0 0 0 0 0 0 0 
_2.ptx 951 : 135936 820000 0 0 0 0 0 0 0 
_2.ptx 952 : 15104 101024 0 0 0 0 0 0 0 
_2.ptx 957 : 15104 97024 0 0 0 0 0 0 0 
_2.ptx 958 : 15104 125280 0 0 0 0 0 0 0 
_2.ptx 959 : 15104 96970 0 0 0 0 0 0 59 
_2.ptx 961 : 59 431 0 0 0 0 0 0 0 
_2.ptx 962 : 59 611 0 0 0 0 0 0 0 
_2.ptx 963 : 59 426 0 0 0 0 0 0 0 
_2.ptx 964 : 59 665 0 0 0 0 0 0 0 
_2.ptx 965 : 59 440 0 0 0 0 0 0 0 
_2.ptx 966 : 59 596 0 0 0 0 0 0 0 
_2.ptx 967 : 59 665 0 0 0 0 0 0 0 
_2.ptx 968 : 59 182 0 0 0 0 0 0 0 
_2.ptx 969 : 59 481 0 59 59 0 0 0 0 
_2.ptx 970 : 59 182 0 0 0 0 0 0 0 
_2.ptx 971 : 59 364 0 0 0 0 0 0 0 
_2.ptx 972 : 59 380 0 0 0 0 0 0 0 
_2.ptx 973 : 59 473 0 0 0 0 0 0 0 
_2.ptx 974 : 59 543 0 0 0 0 0 0 0 
_2.ptx 975 : 59 439 0 0 0 0 0 0 0 
_2.ptx 976 : 59 605 0 0 0 0 0 0 0 
_2.ptx 977 : 59 664 0 0 0 0 0 0 0 
_2.ptx 978 : 59 299 256 0 0 59 59 0 0 
_2.ptx 980 : 59 367 0 0 0 0 0 0 0 
_2.ptx 981 : 59 305 0 59 59 0 0 0 0 
_2.ptx 984 : 15104 112672 0 0 0 0 0 0 0 
_2.ptx 985 : 15104 98752 0 0 0 0 0 0 0 
_2.ptx 986 : 15104 128512 0 0 0 0 0 0 0 
_2.ptx 987 : 15104 0 0 0 0 0 0 0 0 
_2.ptx 988 : 15104 102304 0 0 0 0 0 0 0 
_2.ptx 992 : 135936 1053344 0 0 0 0 0 0 0 
_2.ptx 994 : 135936 940000 0 0 0 0 0 0 0 
