kernel line : count latency dram_traffic smem_bk_conflicts smem_warp gmem_access_generated gmem_warp exposed_latency warp_divergence
_1.ptx 1227 : 1737183 14060393 0 0 0 0 0 0 0 
_1.ptx 1228 : 1737183 0 0 0 0 0 0 0 0 
_1.ptx 1230 : 1737183 10714222 0 0 0 0 0 0 0 
_1.ptx 1231 : 1737183 14061395 0 0 0 0 0 0 0 
_1.ptx 1232 : 1737183 0 0 0 0 0 0 0 0 
_1.ptx 1233 : 1737183 40536659 0 0 0 0 0 0 0 
_1.ptx 1234 : 1737183 19284581 0 0 0 0 0 0 0 
_1.ptx 1235 : 1737183 419444364 9856 0 0 117803 117803 0 0 
_1.ptx 1236 : 1737183 14051579 0 0 0 0 0 0 0 
_1.ptx 1237 : 1737183 0 0 0 0 0 0 0 0 
_1.ptx 1239 : 1737183 41078531 0 0 0 0 0 0 0 
_1.ptx 1240 : 1737183 12482718 0 0 0 0 0 0 0 
_1.ptx 1241 : 1737183 17757125 0 0 0 0 0 0 0 
_1.ptx 1242 : 1737183 19291060 0 0 0 0 0 0 0 
_1.ptx 1243 : 1737183 402941699 13824 0 0 117803 117803 0 0 
_1.ptx 1244 : 1737183 10694253 0 0 0 0 0 0 0 
_1.ptx 1264 : 1737183 19230548 0 0 0 0 0 0 0 
_1.ptx 1265 : 1737183 43906699 0 0 0 0 0 0 0 
_1.ptx 1266 : 1737183 17749979 0 0 0 0 0 0 0 
_1.ptx 1267 : 1737183 14116306 0 0 0 0 0 0 0 
_1.ptx 1268 : 1737183 12490684 0 0 0 0 0 0 0 
_1.ptx 1269 : 1737183 12477460 0 0 0 0 0 0 0 
_1.ptx 1270 : 1737183 14181196 0 0 0 0 0 0 0 
_1.ptx 1271 : 1737183 12415846 0 0 0 0 0 0 0 
_1.ptx 1272 : 1737183 14083894 0 0 0 0 0 0 0 
_1.ptx 1273 : 1737183 10589438 0 0 0 0 0 0 0 
_1.ptx 1274 : 1737183 14045471 0 0 0 0 0 0 0 
_1.ptx 1275 : 1737183 0 0 0 0 0 0 0 0 
_1.ptx 1277 : 1737183 50035952 0 0 0 0 0 0 0 
_1.ptx 1278 : 1737183 12401736 0 0 0 0 0 0 0 
_1.ptx 1279 : 1737183 17783711 0 0 0 0 0 0 0 
_1.ptx 1280 : 1737183 19274432 0 0 0 0 0 0 0 
_1.ptx 1281 : 1737183 852669608 10945024 0 0 339151 117803 0 0 
_1.ptx 1282 : 1737183 10668882 0 0 0 0 0 0 0 
_1.ptx 1307 : 1737183 12348210 0 0 0 0 0 0 0 
_1.ptx 1309 : 1737183 12420544 0 0 0 0 0 0 0 
_1.ptx 1310 : 1737183 17711056 0 0 0 0 0 0 0 
_1.ptx 1311 : 1737183 19216266 0 0 0 0 0 0 0 
_1.ptx 1312 : 1737183 820439825 1966720 0 0 520928 117803 0 0 
_1.ptx 1313 : 1737183 14014703 0 0 0 0 0 0 0 
_1.ptx 1314 : 1737183 10578790 0 0 0 0 0 0 0 
_1.ptx 1332 : 1737183 107968866 0 0 0 520928 117803 0 0 
_1.ptx 1334 : 1737183 14299632 0 0 0 0 0 0 0 
_1.ptx 1335 : 1737183 0 0 0 0 0 0 0 0 
_1.ptx 1337 : 1737183 12394200 0 0 0 0 0 0 0 
_1.ptx 1339 : 1737183 12431969 0 0 0 0 0 0 0 
_1.ptx 1342 : 2712798 27468966 0 0 0 0 0 0 0 
_1.ptx 1343 : 2712798 21933039 0 0 0 0 0 0 0 
_1.ptx 1344 : 2712798 9988410 0 0 0 0 0 0 93884 
_1.ptx 1345 : 1070376 6529144 0 0 0 0 0 0 0 
_1.ptx 1350 : 1070376 21430008 0 0 0 0 0 0 0 
_1.ptx 1351 : 1070376 11860344 0 0 0 0 0 0 0 
_1.ptx 1352 : 1070376 22097256 4281504 0 0 33450 33450 0 0 
_1.ptx 1353 : 1070376 7626600 0 0 0 0 0 0 0 
_1.ptx 1354 : 1070376 10929360 0 0 0 0 0 0 0 
_1.ptx 1355 : 1070376 18176088 0 0 0 0 0 0 0 
_1.ptx 1356 : 1070376 11869464 0 0 0 0 0 0 0 
_1.ptx 1357 : 1070376 537160168 4281600 0 0 33450 33450 0 0 
_1.ptx 1358 : 1070376 8639072 0 0 0 0 0 0 0 
_1.ptx 1359 : 1070376 0 0 0 0 0 0 0 0 
_1.ptx 1360 : 1070376 8639168 0 0 0 0 0 0 0 
_1.ptx 1361 : 1070376 0 0 0 0 0 0 0 0 
_1.ptx 1363 : 1070376 380916208 0 0 0 66899 33450 0 0 
_1.ptx 1364 : 1070376 7597176 0 0 0 0 0 0 0 
_1.ptx 1365 : 1070376 8627296 0 0 0 0 0 0 0 
_1.ptx 1366 : 1070376 0 0 0 0 0 0 0 0 
_1.ptx 1368 : 1070376 20880344 0 0 0 0 0 0 0 
_1.ptx 1369 : 1070376 11850840 0 0 0 0 0 0 0 
_1.ptx 1370 : 1070376 20555728 4281504 0 0 33450 33450 0 0 
_1.ptx 1372 : 1070376 15552208 0 0 0 0 0 0 0 
_1.ptx 1373 : 1070376 11859768 0 0 0 0 0 0 0 
_1.ptx 1374 : 1070376 22495272 4281504 0 0 33450 33450 0 0 
_1.ptx 1379 : 1070592 6528768 0 0 0 0 0 0 0 
_1.ptx 973 : 1071104 6426624 0 0 0 0 0 0 0 
_1.ptx 974 : 1071104 6426624 0 0 0 0 0 0 0 
_1.ptx 975 : 1071104 21244704 0 0 0 0 0 0 0 
_1.ptx 976 : 1071104 6539808 0 0 0 0 0 0 0 
_1.ptx 977 : 1071104 11910848 0 0 0 0 0 0 0 
_1.ptx 978 : 1071104 8085824 128 0 0 0 0 0 0 
_1.ptx 979 : 1071104 9269024 0 0 0 0 0 0 0 
_1.ptx 980 : 1071104 4976 0 0 0 0 0 0 1 
_1.ptx 982 : 1070376 7844376 0 0 0 0 0 0 0 
_1.ptx 983 : 1070376 15590824 0 0 0 0 0 0 0 
_1.ptx 984 : 1070376 6682768 0 0 0 0 0 0 0 
_1.ptx 985 : 1070376 11999576 0 0 0 0 0 0 0 
_1.ptx 986 : 1070376 12080152 0 0 0 0 0 0 0 
_1.ptx 987 : 1070376 25415976 4281504 0 0 33450 33450 0 0 
_1.ptx 989 : 1070376 23173784 0 0 0 0 0 0 0 
_1.ptx 990 : 1070376 11796056 0 0 0 0 0 0 0 
_1.ptx 991 : 1070376 37257848 4281504 0 0 33450 33450 0 0 
_1.ptx 1400 : 1070592 23125440 0 0 0 0 0 0 0 
_1.ptx 1401 : 1070592 18265632 0 0 0 0 0 0 0 
_1.ptx 1402 : 1070592 8809536 0 0 0 0 0 0 0 
_1.ptx 1403 : 1070592 6582912 0 0 0 0 0 0 0 
_1.ptx 994 : 1071104 6451744 0 0 0 0 0 0 0 
_1.ptx 1404 : 1070592 6683936 0 0 0 0 0 0 0 
_1.ptx 1405 : 1070592 12415904 0 0 0 0 0 0 0 
_1.ptx 1406 : 1070592 6654784 0 0 0 0 0 0 0 
_1.ptx 1407 : 1070592 12033216 0 0 0 0 0 0 0 
_1.ptx 1408 : 1070592 9766944 0 0 0 0 0 0 0 
_1.ptx 1409 : 1070592 8702496 0 0 0 0 0 0 0 
_1.ptx 1410 : 1070592 1296 0 0 0 0 0 0 1 
_1.ptx 1412 : 1070376 7688120 0 0 0 0 0 0 0 
_1.ptx 1414 : 1070376 7677400 0 0 0 0 0 0 0 
_1.ptx 1415 : 1070376 10968400 0 0 0 0 0 0 0 
_1.ptx 1416 : 1070376 23376072 0 0 0 0 0 0 0 
_1.ptx 1417 : 1070376 11896312 0 0 0 0 0 0 0 
_1.ptx 1418 : 1070376 420530432 1902720 0 0 33450 33450 0 0 
_1.ptx 1419 : 1070376 8605376 0 0 0 0 0 0 0 
_1.ptx 1420 : 1070376 6464464 0 0 0 0 0 0 0 
_1.ptx 1015 : 1070592 26665248 0 0 0 0 0 0 0 
_1.ptx 1016 : 1070592 26034016 128 0 0 0 0 0 0 
_1.ptx 1017 : 1070592 8769024 0 0 0 0 0 0 0 
_1.ptx 1018 : 1070592 6552768 0 0 0 0 0 0 0 
_1.ptx 1019 : 1070592 6609024 0 0 0 0 0 0 0 
_1.ptx 1020 : 1070592 12145888 0 0 0 0 0 0 0 
_1.ptx 1021 : 1070592 6561152 0 0 0 0 0 0 0 
_1.ptx 1022 : 1070592 11935136 0 0 0 0 0 0 0 
_1.ptx 1023 : 1070592 9720768 0 0 0 0 0 0 0 
_1.ptx 1024 : 1070592 8658016 0 0 0 0 0 0 0 
_1.ptx 1025 : 1070592 1328 0 0 0 0 0 0 1 
_1.ptx 1027 : 1070376 7627192 0 0 0 0 0 0 0 
_1.ptx 1028 : 1070376 10886480 0 0 0 0 0 0 0 
_1.ptx 1438 : 1070376 7558808 0 0 0 0 0 0 0 
_1.ptx 1029 : 1070376 6486000 0 0 0 0 0 0 0 
_1.ptx 1439 : 1070376 38449680 0 0 0 33450 33450 0 0 
_1.ptx 1030 : 1070376 30957088 0 0 0 0 0 0 0 
_1.ptx 1031 : 1070376 11839448 0 0 0 0 0 0 0 
_1.ptx 1441 : 1070376 29794424 0 0 0 0 0 0 0 
_1.ptx 1032 : 1070376 52486112 4281504 0 0 33450 33450 0 0 
_1.ptx 1442 : 1070376 11828568 0 0 0 0 0 0 0 
_1.ptx 1443 : 1070376 541161528 4281600 0 0 33450 33450 0 0 
_1.ptx 1034 : 1070376 6492112 0 0 0 0 0 0 0 
_1.ptx 1035 : 1070376 39707600 0 0 0 0 0 0 0 
_1.ptx 1445 : 1070376 7547512 0 0 0 0 0 0 0 
_1.ptx 1036 : 1070376 11813976 0 0 0 0 0 0 0 
_1.ptx 1037 : 1070376 53906672 4281504 0 0 33450 33450 0 0 
_1.ptx 1447 : 1070376 7535768 0 0 0 0 0 0 0 
_1.ptx 1448 : 1070376 10780368 0 0 0 0 0 0 0 
_1.ptx 1039 : 1070376 39922440 0 0 0 0 0 0 0 
_1.ptx 1449 : 1070376 11805112 0 0 0 0 0 0 0 
_1.ptx 1040 : 1070376 11815960 0 0 0 0 0 0 0 
_1.ptx 1450 : 1070376 586518560 2555136 0 0 310231 33450 0 0 
_1.ptx 1041 : 1070376 55067168 4281504 0 0 33450 33450 0 0 
_1.ptx 1451 : 1070376 8587040 0 0 0 0 0 0 0 
_1.ptx 1452 : 1070376 6444528 0 0 0 0 0 0 0 
_1.ptx 1043 : 1070376 6479664 0 0 0 0 0 0 0 
_1.ptx 1044 : 1070376 42799232 0 0 0 0 0 0 0 
_1.ptx 1045 : 1070376 11818840 0 0 0 0 0 0 0 
_1.ptx 1046 : 1070376 53369080 4281504 0 0 33450 33450 0 0 
_1.ptx 1048 : 1070376 42891632 0 0 0 0 0 0 0 
_1.ptx 1049 : 1070376 11818360 0 0 0 0 0 0 0 
_1.ptx 1050 : 1070376 52084872 4281504 0 0 33450 33450 0 0 
_1.ptx 1052 : 1070376 6460784 0 0 0 0 0 0 0 
_1.ptx 1053 : 1070376 42128000 0 0 0 0 0 0 0 
_1.ptx 1054 : 1070376 11827928 0 0 0 0 0 0 0 
_1.ptx 1055 : 1070376 50657864 502848 0 0 33450 33450 0 0 
_1.ptx 1058 : 1070592 6461312 0 0 0 0 0 0 0 
_1.ptx 1470 : 1070376 131360744 0 0 0 310231 33450 0 0 
_1.ptx 1472 : 1070376 200006920 0 0 0 33450 33450 0 0 
_1.ptx 1473 : 1070376 8596832 0 0 0 0 0 0 0 
_1.ptx 1474 : 1070376 0 0 0 0 0 0 0 0 
_1.ptx 1475 : 1070376 8601184 0 0 0 0 0 0 0 
_1.ptx 1476 : 1070376 0 0 0 0 0 0 0 0 
_1.ptx 1477 : 1070376 55034008 0 0 0 0 0 0 0 
_1.ptx 1478 : 1070376 11820024 0 0 0 0 0 0 0 
_1.ptx 1479 : 1070376 562471776 4281600 0 0 33450 33450 0 0 
_1.ptx 1480 : 1070376 6464304 0 0 0 0 0 0 0 
_1.ptx 1481 : 1070376 8612832 0 0 0 0 0 0 0 
_1.ptx 1482 : 1070376 0 0 0 0 0 0 0 0 
_1.ptx 1483 : 1070376 7573208 0 0 0 0 0 0 0 
_1.ptx 1484 : 1070376 10838576 0 0 0 0 0 0 0 
_1.ptx 1485 : 1070376 30552664 0 0 0 0 0 0 0 
_1.ptx 1486 : 1070376 11845656 0 0 0 0 0 0 0 
_1.ptx 1487 : 1070376 528913776 4281600 0 0 33450 33450 0 0 
_1.ptx 1488 : 1070376 8605184 0 0 0 0 0 0 0 
_1.ptx 1489 : 1070376 0 0 0 0 0 0 0 0 
_1.ptx 1490 : 1070376 8612768 0 0 0 0 0 0 0 
_1.ptx 1491 : 1070376 0 0 0 0 0 0 0 0 
_1.ptx 1492 : 1070376 37946264 0 0 0 0 0 0 0 
_1.ptx 1493 : 1070376 11834456 0 0 0 0 0 0 0 
_1.ptx 1494 : 1070376 538269432 4281600 0 0 33450 33450 0 0 
_1.ptx 1085 : 1070592 7547328 0 0 0 0 0 0 0 
_1.ptx 1495 : 1070376 8593280 0 0 0 0 0 0 0 
_1.ptx 1086 : 1070592 6783680 0 0 0 0 0 0 0 
_1.ptx 1496 : 1070376 0 0 0 0 0 0 0 0 
_1.ptx 1087 : 1070592 9191136 0 0 0 0 0 0 0 
_1.ptx 1088 : 1070592 6992608 0 0 0 0 0 0 0 
_1.ptx 1498 : 1070376 6441648 0 0 0 0 0 0 0 
_1.ptx 1089 : 1070592 7249792 0 0 0 0 0 0 0 
_1.ptx 1499 : 1070376 52181080 0 0 0 0 0 0 0 
_1.ptx 1090 : 1070592 12821024 0 0 0 0 0 0 0 
_1.ptx 1500 : 1070376 11825784 0 0 0 0 0 0 0 
_1.ptx 1091 : 1070592 7470752 0 0 0 0 0 0 0 
_1.ptx 1501 : 1070376 58786792 374688 0 0 33450 33450 0 0 
_1.ptx 1092 : 1070592 12469696 0 0 0 0 0 0 0 
_1.ptx 1093 : 1070592 10138304 0 0 0 0 0 0 0 
_1.ptx 1094 : 1070592 9144544 0 0 0 0 0 0 0 
_1.ptx 1095 : 1070592 1296 0 0 0 0 0 0 1 
_1.ptx 1506 : 1070592 6465216 0 0 0 0 0 0 0 
_1.ptx 1097 : 1070376 8330872 0 0 0 0 0 0 0 
_1.ptx 1099 : 1070376 8100024 0 0 0 0 0 0 0 
_1.ptx 1100 : 1070376 11388312 0 0 0 0 0 0 0 
_1.ptx 1101 : 1070376 12897336 0 0 0 0 0 0 0 
_1.ptx 1102 : 1070376 12069176 0 0 0 0 0 0 0 
_1.ptx 1103 : 1070376 485825456 3473536 0 0 33450 33450 0 0 
_1.ptx 1104 : 1070376 8647776 0 0 0 0 0 0 0 
_1.ptx 1105 : 1070376 6538512 0 0 0 0 0 0 0 
_1.ptx 1123 : 1070376 7619064 0 0 0 0 0 0 0 
_1.ptx 1124 : 1070376 24186720 0 0 0 33450 33450 0 0 
_1.ptx 1126 : 1070376 7728280 0 0 0 0 0 0 0 
_1.ptx 1128 : 1070376 19950616 0 0 0 0 0 0 0 
_1.ptx 1129 : 1070376 11896440 0 0 0 0 0 0 0 
_1.ptx 1130 : 1070376 545012016 4281600 0 0 33450 33450 0 0 
_1.ptx 1131 : 1070376 6610000 0 0 0 0 0 0 0 
_1.ptx 1132 : 1070376 8670656 0 0 0 0 0 0 0 
_1.ptx 1133 : 1070376 0 0 0 0 0 0 0 0 
_1.ptx 1134 : 1070376 7649848 0 0 0 0 0 0 0 
_1.ptx 1135 : 1070376 6578192 0 0 0 0 0 0 0 
_1.ptx 1136 : 1070376 6619440 0 0 0 0 0 0 0 
_1.ptx 1137 : 1070376 6546224 0 0 0 0 0 0 0 
_1.ptx 1138 : 1070376 7650904 0 0 0 0 0 0 0 
_1.ptx 1142 : 2712798 518515866 18048 0 0 131780 131780 0 0 
_1.ptx 1143 : 2712798 21994494 0 0 0 0 0 0 0 
_1.ptx 1144 : 2712798 0 0 0 0 0 0 0 0 
_1.ptx 1146 : 2712798 16814027 0 0 0 0 0 0 0 
_1.ptx 1147 : 2712798 21986406 0 0 0 0 0 0 0 
_1.ptx 1148 : 2712798 0 0 0 0 0 0 0 0 
_1.ptx 1149 : 2712798 62004651 0 0 0 0 0 0 0 
_1.ptx 1150 : 2712798 30127209 0 0 0 0 0 0 0 
_1.ptx 1151 : 2712798 966850117 4309120 0 0 131780 131780 0 0 
_1.ptx 1152 : 2712798 21931924 0 0 0 0 0 0 0 
_1.ptx 1153 : 2712798 0 0 0 0 0 0 0 0 
_1.ptx 1155 : 2712798 56752034 0 0 0 0 0 0 0 
_1.ptx 1156 : 2712798 19492843 0 0 0 0 0 0 0 
_1.ptx 1157 : 2712798 27720148 0 0 0 0 0 0 0 
_1.ptx 1158 : 2712798 30120265 0 0 0 0 0 0 0 
_1.ptx 1159 : 2712798 959817783 4307968 0 0 131780 131780 0 0 
_1.ptx 1160 : 2712798 16706706 0 0 0 0 0 0 0 
_1.ptx 1180 : 2712798 30043278 0 0 0 0 0 0 0 
_1.ptx 1181 : 2712798 59864718 0 0 0 0 0 0 0 
_1.ptx 1182 : 2712798 27768333 0 0 0 0 0 0 0 
_1.ptx 1183 : 2712798 22079797 0 0 0 0 0 0 0 
_1.ptx 1184 : 2712798 19573702 0 0 0 0 0 0 0 
_1.ptx 1185 : 2712798 19543449 0 0 0 0 0 0 0 
_1.ptx 1186 : 2712798 22020769 0 0 0 0 0 0 0 
_1.ptx 1187 : 2712798 19448292 0 0 0 0 0 0 0 
_1.ptx 1188 : 2712798 22027517 0 0 0 0 0 0 0 
_1.ptx 1189 : 2712798 16576464 0 0 0 0 0 0 0 
_1.ptx 1190 : 2712798 21972664 0 0 0 0 0 0 0 
_1.ptx 1191 : 2712798 0 0 0 0 0 0 0 0 
_1.ptx 1193 : 2712798 69265561 128 0 0 0 0 0 0 
_1.ptx 1194 : 2712798 19393029 0 0 0 0 0 0 0 
_1.ptx 1195 : 2712798 27915625 0 0 0 0 0 0 0 
_1.ptx 1196 : 2712798 30125176 0 0 0 0 0 0 0 
_1.ptx 1197 : 2712798 1243168118 10987648 0 0 412114 131780 0 0 
_1.ptx 1198 : 2712798 16693288 0 0 0 0 0 0 0 
_1.ptx 1223 : 2712798 21920336 0 0 0 0 0 0 0 
_1.ptx 1224 : 2712798 5958566 0 0 0 0 0 0 82319 
_1.ptx 1226 : 1737183 396605245 10496 0 0 117803 117803 0 0 
