kernel line : count latency dram_traffic smem_bk_conflicts smem_warp gmem_access_generated gmem_warp exposed_latency warp_divergence
_1.ptx 1792 : 355762 2152754 0 0 0 0 0 0 0 
_1.ptx 1795 : 2097152 14939296 0 0 0 0 0 0 0 
_1.ptx 1798 : 4194304 27179168 0 0 0 0 0 0 0 
_1.ptx 1799 : 4194304 34564864 0 0 0 0 0 0 0 
_1.ptx 1800 : 4194304 23464342 0 0 0 0 0 0 54325 
_1.ptx 1802 : 560541 3378284 0 0 0 0 0 0 0 
_1.ptx 1803 : 560541 10646826 1536 0 0 0 0 0 0 
_1.ptx 1804 : 560541 8974150 5888 0 0 54325 54325 0 0 
_1.ptx 1806 : 4194304 44098688 0 0 0 0 0 0 0 
_1.ptx 1807 : 4194304 34521664 0 0 0 0 0 0 0 
_1.ptx 1808 : 4194304 13537120 0 0 0 0 0 0 0 
_1.ptx 1811 : 2097152 13204736 0 0 0 0 0 0 0 
_1.ptx 1628 : 2097152 13287072 0 0 0 0 0 0 0 
_1.ptx 1629 : 2097152 13341056 0 0 0 0 0 0 0 
_1.ptx 1630 : 2097152 48560992 0 0 0 0 0 0 0 
_1.ptx 1631 : 2097152 12757152 0 0 0 0 0 0 0 
_1.ptx 1632 : 2097152 422208256 0 0 0 0 0 0 0 
_1.ptx 1633 : 2097152 12926464 0 0 0 0 0 0 0 
_1.ptx 1634 : 2097152 23391456 0 0 0 0 0 0 0 
_1.ptx 1635 : 2097152 32668576 0 0 0 0 0 0 0 
_1.ptx 1636 : 2097152 16343744 0 0 0 0 0 0 0 
_1.ptx 1637 : 2097152 22328608 0 0 0 0 0 0 0 
_1.ptx 1638 : 2097152 28592928 0 0 0 0 0 0 0 
_1.ptx 1639 : 2097152 17944384 0 0 0 0 0 0 0 
_1.ptx 1640 : 2097152 0 0 0 0 0 0 0 0 
_1.ptx 1641 : 2097152 16303744 0 0 0 0 0 0 0 
_1.ptx 1642 : 2097152 17900384 0 0 0 0 0 0 0 
_1.ptx 1643 : 2097152 14142496 0 0 0 0 0 0 0 
_1.ptx 1644 : 2097152 16236448 0 0 0 0 0 0 0 
_1.ptx 1447 : 1048576 6329248 0 0 0 0 0 0 0 
_1.ptx 1448 : 1048576 6337984 0 0 0 0 0 0 0 
_1.ptx 1648 : 4194304 35097504 0 0 0 0 0 0 0 
_1.ptx 1449 : 1048576 19281248 0 0 0 0 0 0 0 
_1.ptx 1450 : 1048576 6310272 0 0 0 0 0 0 0 
_1.ptx 1649 : 4194304 13116896 0 0 0 0 0 0 0 
_1.ptx 1451 : 1048576 11715840 0 0 0 0 0 0 0 
_1.ptx 1651 : 2097152 14643904 0 0 0 0 0 0 0 
_1.ptx 1452 : 1048576 9157056 128 0 0 0 0 0 0 
_1.ptx 1652 : 2097152 14613856 0 0 0 0 0 0 0 
_1.ptx 1453 : 1048576 8710240 0 0 0 0 0 0 0 
_1.ptx 1454 : 1048576 0 0 0 0 0 0 0 0 
_1.ptx 1655 : 2097152 15082016 0 0 0 0 0 0 0 
_1.ptx 1456 : 1048576 6675200 0 0 0 0 0 0 0 
_1.ptx 1656 : 2097152 21899072 0 0 0 0 0 0 0 
_1.ptx 1457 : 1048576 7476704 0 0 0 0 0 0 0 
_1.ptx 1657 : 2097152 40475200 0 0 0 0 0 0 0 
_1.ptx 1458 : 1048576 7587616 0 0 0 0 0 0 0 
_1.ptx 1658 : 2097152 23370816 0 0 0 0 0 0 0 
_1.ptx 1459 : 1048576 11495296 0 0 0 0 0 0 0 
_1.ptx 1659 : 2097152 885745056 12405376 0 0 131072 65536 0 0 
_1.ptx 1460 : 1048576 11707392 0 0 0 0 0 0 0 
_1.ptx 1660 : 2097152 12976320 0 0 0 0 0 0 0 
_1.ptx 1461 : 1048576 32494080 4194304 0 0 32768 32768 0 0 
_1.ptx 1661 : 2097152 16930688 0 0 0 0 0 0 0 
_1.ptx 1662 : 2097152 2156526 0 0 0 0 0 0 65378 
_1.ptx 1663 : 1741390 12430021 0 0 0 0 0 0 0 
_1.ptx 1464 : 1048576 6439136 0 0 0 0 0 0 0 
_1.ptx 1664 : 1741390 10718589 0 0 0 0 0 0 0 
_1.ptx 1665 : 1741390 10541060 0 0 0 0 0 0 0 
_1.ptx 1666 : 1741390 12360913 0 0 0 0 0 0 0 
_1.ptx 1670 : 16519988 4826250095 63862144 0 0 6075212 4270526 0 0 
_1.ptx 1671 : 16519988 132920943 0 0 0 0 0 0 0 
_1.ptx 1672 : 16519988 0 0 0 0 0 0 0 0 
_1.ptx 1674 : 16519988 99962977 0 0 0 0 0 0 0 
_1.ptx 1675 : 16519988 132962056 0 0 0 0 0 0 0 
_1.ptx 1676 : 16519988 0 0 0 0 0 0 0 0 
_1.ptx 1677 : 16519988 635186093 0 0 0 0 0 0 0 
_1.ptx 1678 : 16519988 182602381 0 0 0 0 0 0 0 
_1.ptx 1679 : 16519988 5403875907 71075840 0 0 6075212 4270526 0 0 
_1.ptx 1680 : 16519988 132836275 0 0 0 0 0 0 0 
_1.ptx 1681 : 16519988 0 0 0 0 0 0 0 0 
_1.ptx 1683 : 16519988 643103783 0 0 0 0 0 0 0 
_1.ptx 1684 : 16519988 117259289 0 0 0 0 0 0 0 
_1.ptx 1685 : 16519988 167799915 0 0 0 0 0 0 0 
_1.ptx 1686 : 16519988 182572162 0 0 0 0 0 0 0 
_1.ptx 1687 : 16519988 5329427069 72587776 0 0 6075212 4270526 0 0 
_1.ptx 1688 : 16519988 100113529 0 0 0 0 0 0 0 
_1.ptx 1708 : 16519988 182323452 0 0 0 0 0 0 0 
_1.ptx 1709 : 16519988 679657798 0 0 0 0 0 0 0 
_1.ptx 1710 : 16519988 167185654 0 0 0 0 0 0 0 
_1.ptx 1711 : 16519988 133157848 0 0 0 0 0 0 0 
_1.ptx 1712 : 16519988 117077186 0 0 0 0 0 0 0 
_1.ptx 1713 : 16519988 116906513 0 0 0 0 0 0 0 
_1.ptx 1714 : 16519988 132998489 0 0 0 0 0 0 0 
_1.ptx 1715 : 16519988 116780034 0 0 0 0 0 0 0 
_1.ptx 1716 : 16519988 132983552 0 0 0 0 0 0 0 
_1.ptx 1717 : 16519988 99592215 0 0 0 0 0 0 0 
_1.ptx 1718 : 16519988 132898191 0 0 0 0 0 0 0 
_1.ptx 1719 : 16519988 0 0 0 0 0 0 0 0 
_1.ptx 1721 : 16519988 690010741 0 0 0 0 0 0 0 
_1.ptx 1722 : 16519988 116988917 0 0 0 0 0 0 0 
_1.ptx 1723 : 16519988 167875397 0 0 0 0 0 0 0 
_1.ptx 1724 : 16519988 182582182 0 0 0 0 0 0 0 
_1.ptx 1725 : 16519988 7674727266 340081152 0 0 13495818 4270526 0 0 
_1.ptx 1726 : 16519988 100032593 0 0 0 0 0 0 0 
_1.ptx 1751 : 16519988 132805856 0 0 0 0 0 0 0 
_1.ptx 1752 : 16519988 99647838 0 0 0 0 0 0 0 
_1.ptx 1758 : 16519988 772270105 0 0 0 0 0 0 0 
_1.ptx 1759 : 16519988 182607497 0 0 0 0 0 0 0 
_1.ptx 1760 : 16519988 5425925921 69259392 0 0 6075212 4270526 0 0 
_1.ptx 1761 : 16519988 166028836 0 0 0 0 0 0 0 
_1.ptx 1762 : 16519988 116911497 0 0 0 0 0 0 0 
_1.ptx 1763 : 16519988 167008423 0 0 0 0 0 0 0 
_1.ptx 1764 : 16519988 182264917 0 0 0 0 0 0 0 
_1.ptx 1765 : 16519988 10215175517 1831857024 0 0 16514380 4270526 0 0 
_1.ptx 1766 : 16519988 132780793 0 0 0 0 0 0 0 
_1.ptx 1767 : 16519988 88171894 0 0 0 0 0 0 885747 
_1.ptx 1769 : 1900801 648734276 248320 0 0 1900778 1171015 0 0 
_1.ptx 1770 : 1900801 13408189 0 0 0 0 0 0 0 
_1.ptx 1771 : 1900801 15268531 0 0 0 0 0 0 0 
_1.ptx 1772 : 1900801 1530 0 0 0 0 0 0 176 
_1.ptx 1774 : 1900548 11447090 0 0 0 0 0 0 0 
_1.ptx 1775 : 1900548 11470547 0 0 0 0 0 0 0 
_1.ptx 1779 : 14619440 88075306 0 0 0 0 0 0 0 
_1.ptx 1782 : 16519988 99634668 0 0 0 0 0 0 0 
_1.ptx 1783 : 16519988 132770222 0 0 0 0 0 0 0 
_1.ptx 1784 : 16519988 88141406 0 0 0 0 0 0 885703 
_1.ptx 1785 : 1900548 11480136 0 0 0 0 0 0 0 
_1.ptx 1787 : 16519988 166064387 0 0 0 0 0 0 0 
_1.ptx 1788 : 16519988 132787023 0 0 0 0 0 0 0 
_1.ptx 1789 : 16519988 89123914 0 0 0 0 0 0 807948 
_1.ptx 1790 : 1741390 10536321 0 0 0 0 0 0 0 
