kernel line : count latency dram_traffic smem_bk_conflicts smem_warp gmem_access_generated gmem_warp exposed_latency warp_divergence
_1.ptx 62 : 580608 3483648 0 0 0 0 0 0 0 
_1.ptx 63 : 580608 3483648 0 0 0 0 0 0 0 
_1.ptx 64 : 580608 6411072 0 0 0 0 0 0 0 
_1.ptx 65 : 580608 3483648 0 0 0 0 0 0 0 
_1.ptx 66 : 580608 6389696 0 0 0 0 0 0 0 
_1.ptx 67 : 580608 18967648 128 0 0 0 0 0 0 
_1.ptx 68 : 580608 15539808 128 0 0 0 0 0 0 
_1.ptx 69 : 580608 4077376 0 0 0 0 0 0 0 
_1.ptx 70 : 580608 5822752 0 0 0 0 0 0 0 
_1.ptx 71 : 580608 6387584 0 0 0 0 0 0 0 
_1.ptx 72 : 580608 16629408 2322432 0 0 18144 18144 0 0 
_1.ptx 73 : 580608 7908800 0 0 0 0 0 0 0 
_1.ptx 74 : 580608 15045600 0 0 0 0 0 0 0 
_1.ptx 75 : 580608 6388128 0 0 0 0 0 0 0 
_1.ptx 76 : 580608 4074752 0 0 0 0 0 0 0 
_1.ptx 77 : 580608 5858112 0 0 0 0 0 0 0 
_1.ptx 78 : 580608 6389504 0 0 0 0 0 0 0 
_1.ptx 79 : 580608 17398208 2322432 0 0 18144 18144 0 0 
_1.ptx 80 : 580608 10484448 0 0 0 0 0 0 0 
_1.ptx 81 : 580608 5842528 0 0 0 0 0 0 0 
_1.ptx 82 : 580608 6388480 0 0 0 0 0 0 0 
_1.ptx 83 : 580608 4078592 0 0 0 0 0 0 0 
_1.ptx 84 : 580608 5830752 0 0 0 0 0 0 0 
_1.ptx 85 : 580608 6391168 0 0 0 0 0 0 0 
_1.ptx 86 : 580608 19142976 2322432 0 0 18144 18144 0 0 
_1.ptx 87 : 580608 11992448 0 0 0 0 0 0 0 
_1.ptx 88 : 580608 5824992 0 0 0 0 0 0 0 
_1.ptx 89 : 580608 6389184 0 0 0 0 0 0 0 
_1.ptx 90 : 580608 4080128 0 0 0 0 0 0 0 
_1.ptx 91 : 580608 5869664 0 0 0 0 0 0 0 
_1.ptx 92 : 580608 6391776 0 0 0 0 0 0 0 
_1.ptx 93 : 580608 19978240 2322432 0 0 18144 18144 0 0 
_1.ptx 94 : 580608 13010912 0 0 0 0 0 0 0 
_1.ptx 95 : 580608 5834720 0 0 0 0 0 0 0 
_1.ptx 96 : 580608 6389728 0 0 0 0 0 0 0 
_1.ptx 97 : 580608 4075680 0 0 0 0 0 0 0 
_1.ptx 98 : 580608 5825280 0 0 0 0 0 0 0 
_1.ptx 99 : 580608 6387648 0 0 0 0 0 0 0 
_1.ptx 100 : 580608 20004960 2322432 0 0 18144 18144 0 0 
_1.ptx 102 : 580608 3483648 0 0 0 0 0 0 0 
_1.ptx 118 : 193536 1161216 0 0 0 0 0 0 0 
_1.ptx 119 : 193536 1161248 0 0 0 0 0 0 0 
_1.ptx 120 : 193536 1161216 0 0 0 0 0 0 0 
_1.ptx 121 : 193536 2130944 0 0 0 0 0 0 0 
_1.ptx 122 : 193536 2129056 0 0 0 0 0 0 0 
_1.ptx 123 : 193536 1355776 0 0 0 0 0 0 0 
_1.ptx 124 : 193536 1938944 0 0 0 0 0 0 0 
_1.ptx 125 : 193536 580608 0 0 0 0 0 0 0 
_1.ptx 126 : 193536 2128992 0 0 0 0 0 0 0 
_1.ptx 127 : 193536 55466176 774144 0 0 6048 6048 0 0 
_1.ptx 129 : 193536 581664 0 0 0 0 0 0 0 
_1.ptx 130 : 193536 2129248 0 0 0 0 0 0 0 
_1.ptx 131 : 193536 1355040 0 0 0 0 0 0 0 
_1.ptx 132 : 193536 1944384 0 0 0 0 0 0 0 
_1.ptx 133 : 193536 2129024 0 0 0 0 0 0 0 
_1.ptx 134 : 193536 57846528 774144 0 0 6048 6048 0 0 
_1.ptx 136 : 193536 1936832 0 0 0 0 0 0 0 
_1.ptx 137 : 193536 2128928 0 0 0 0 0 0 0 
_1.ptx 138 : 193536 1356224 0 0 0 0 0 0 0 
_1.ptx 139 : 193536 1944416 0 0 0 0 0 0 0 
_1.ptx 140 : 193536 2128896 0 0 0 0 0 0 0 
_1.ptx 141 : 193536 58582016 774144 0 0 6048 6048 0 0 
_1.ptx 143 : 193536 1936224 0 0 0 0 0 0 0 
_1.ptx 144 : 193536 2128896 0 0 0 0 0 0 0 
_1.ptx 145 : 193536 1437568 0 0 0 0 0 0 0 
_1.ptx 146 : 193536 2031072 0 0 0 0 0 0 0 
_1.ptx 147 : 193536 2128896 0 0 0 0 0 0 0 
_1.ptx 148 : 193536 57444288 774144 0 0 6048 6048 0 0 
_1.ptx 150 : 193536 8915392 0 0 0 0 0 0 0 
_1.ptx 151 : 193536 8954688 0 0 0 0 0 0 0 
_1.ptx 152 : 193536 8975488 0 0 0 0 0 0 0 
_1.ptx 153 : 193536 2146592 0 0 0 0 0 0 0 
_1.ptx 154 : 193536 1742624 0 0 0 0 0 0 0 
_1.ptx 155 : 193536 1750144 0 0 0 0 0 0 0 
_1.ptx 156 : 193536 1161216 0 0 0 0 0 0 0 
_1.ptx 157 : 193536 3156224 0 0 0 0 0 0 0 
_1.ptx 158 : 193536 2812576 0 0 0 0 0 0 0 
_1.ptx 159 : 193536 2129056 0 0 0 0 0 0 0 
_1.ptx 160 : 193536 1358560 0 0 0 0 0 0 0 
_1.ptx 161 : 193536 1958432 0 0 0 0 0 0 0 
_1.ptx 162 : 193536 2128992 0 0 0 0 0 0 0 
_1.ptx 163 : 193536 53458496 774144 0 0 6048 6048 0 0 
_1.ptx 164 : 193536 1161216 0 0 0 0 0 0 0 
_1.ptx 165 : 193536 2130816 0 0 0 0 0 0 0 
_1.ptx 166 : 193536 2128960 0 0 0 0 0 0 0 
_1.ptx 167 : 193536 2129568 0 0 0 0 0 0 0 
_1.ptx 168 : 193536 1161216 0 0 0 0 0 0 0 
_1.ptx 169 : 193536 2128960 0 0 0 0 0 0 0 
_1.ptx 170 : 193536 1161216 0 0 0 0 0 0 0 
_1.ptx 171 : 193536 2129536 0 0 0 0 0 0 0 
_1.ptx 172 : 193536 8905856 0 0 0 0 0 0 0 
_1.ptx 173 : 193536 2868192 0 0 0 0 0 0 0 
_1.ptx 174 : 193536 2180416 0 0 0 0 0 0 0 
_1.ptx 175 : 193536 580608 0 0 0 0 0 0 0 
_1.ptx 176 : 193536 2201472 0 0 0 0 0 0 0 
_1.ptx 177 : 193536 53446016 774144 0 0 6048 6048 0 0 
_1.ptx 178 : 193536 2830720 0 0 0 0 0 0 0 
_1.ptx 179 : 193536 2137440 0 0 0 0 0 0 0 
_1.ptx 180 : 193536 8917856 0 0 0 0 0 0 0 
_1.ptx 182 : 193536 580608 0 0 0 0 0 0 0 
_1.ptx 183 : 193536 2133248 0 0 0 0 0 0 0 
_1.ptx 184 : 193536 983488 774144 0 0 6048 6048 0 0 
_1.ptx 186 : 193536 1161216 0 0 0 0 0 0 0 
_1.ptx 208 : 193536 1161216 0 0 0 0 0 0 0 
_1.ptx 209 : 193536 1161216 0 0 0 0 0 0 0 
_1.ptx 210 : 193536 1161216 0 0 0 0 0 0 0 
_1.ptx 211 : 193536 2225664 0 0 0 0 0 0 0 
_1.ptx 212 : 193536 2128896 0 0 0 0 0 0 0 
_1.ptx 213 : 193536 1354752 0 0 0 0 0 0 0 
_1.ptx 214 : 193536 1935424 0 0 0 0 0 0 0 
_1.ptx 215 : 193536 580608 0 0 0 0 0 0 0 
_1.ptx 216 : 193536 2128896 0 0 0 0 0 0 0 
_1.ptx 217 : 193536 33944672 10368 0 0 6048 6048 0 0 
_1.ptx 219 : 193536 580608 0 0 0 0 0 0 0 
_1.ptx 220 : 193536 2128896 0 0 0 0 0 0 0 
_1.ptx 221 : 193536 1354752 0 0 0 0 0 0 0 
_1.ptx 222 : 193536 2032128 0 0 0 0 0 0 0 
_1.ptx 223 : 193536 2128896 0 0 0 0 0 0 0 
_1.ptx 224 : 193536 30788416 10240 0 0 6048 6048 0 0 
_1.ptx 226 : 193536 1936000 0 0 0 0 0 0 0 
_1.ptx 227 : 193536 2128896 0 0 0 0 0 0 0 
_1.ptx 228 : 193536 1354752 0 0 0 0 0 0 0 
_1.ptx 229 : 193536 1935360 0 0 0 0 0 0 0 
_1.ptx 230 : 193536 2128928 0 0 0 0 0 0 0 
_1.ptx 231 : 193536 27404256 10624 0 0 6048 6048 0 0 
_1.ptx 233 : 193536 1935648 0 0 0 0 0 0 0 
_1.ptx 234 : 193536 2128896 0 0 0 0 0 0 0 
_1.ptx 235 : 193536 1354752 0 0 0 0 0 0 0 
_1.ptx 236 : 193536 1935360 0 0 0 0 0 0 0 
_1.ptx 237 : 193536 2128896 0 0 0 0 0 0 0 
_1.ptx 238 : 193536 24395712 10880 0 0 6048 6048 0 0 
_1.ptx 240 : 193536 2032128 0 0 0 0 0 0 0 
_1.ptx 241 : 193536 2128896 0 0 0 0 0 0 0 
_1.ptx 242 : 193536 1354752 0 0 0 0 0 0 0 
_1.ptx 243 : 193536 1935360 0 0 0 0 0 0 0 
_1.ptx 244 : 193536 2129184 0 0 0 0 0 0 0 
_1.ptx 245 : 193536 23823360 11264 0 0 6048 6048 0 0 
_1.ptx 247 : 193536 590048 0 0 0 0 0 0 0 
_1.ptx 248 : 193536 2128928 0 0 0 0 0 0 0 
_1.ptx 249 : 193536 63558784 774144 0 0 6048 6048 0 0 
_1.ptx 251 : 193536 598944 0 0 0 0 0 0 0 
_1.ptx 252 : 193536 2129088 0 0 0 0 0 0 0 
_1.ptx 253 : 193536 64849056 774144 0 0 6048 6048 0 0 
_1.ptx 255 : 193536 2128928 0 0 0 0 0 0 0 
_1.ptx 256 : 193536 65767520 774144 0 0 6048 6048 0 0 
_1.ptx 258 : 193536 2032128 0 0 0 0 0 0 0 
_1.ptx 259 : 193536 2129088 0 0 0 0 0 0 0 
_1.ptx 260 : 193536 1354752 0 0 0 0 0 0 0 
_1.ptx 261 : 193536 1935456 0 0 0 0 0 0 0 
_1.ptx 262 : 193536 2128992 0 0 0 0 0 0 0 
_1.ptx 263 : 193536 68254240 774144 0 0 6048 6048 0 0 
_1.ptx 264 : 193536 1161216 0 0 0 0 0 0 0 
_1.ptx 265 : 193536 1548288 0 0 0 0 0 0 0 
_1.ptx 266 : 193536 92316 0 0 0 0 0 0 3151 
_1.ptx 268 : 178150 1275122 0 0 0 0 0 0 0 
_1.ptx 269 : 178150 1870683 0 0 0 0 0 0 0 
_1.ptx 270 : 178150 1959862 0 0 0 0 0 0 0 
_1.ptx 271 : 178150 71217148 347520 0 0 114727 6046 0 0 
_1.ptx 273 : 178150 1962200 0 0 0 0 0 0 0 
_1.ptx 274 : 178150 1247309 0 0 0 0 0 0 0 
_1.ptx 275 : 178150 1817968 0 0 0 0 0 0 0 
_1.ptx 276 : 178150 1959896 0 0 0 0 0 0 0 
_1.ptx 277 : 178150 78243779 345344 0 0 114727 6046 0 0 
_1.ptx 279 : 178150 1960380 0 0 0 0 0 0 0 
_1.ptx 280 : 178150 1247138 0 0 0 0 0 0 0 
_1.ptx 281 : 178150 1821744 0 0 0 0 0 0 0 
_1.ptx 282 : 178150 1959945 0 0 0 0 0 0 0 
_1.ptx 283 : 178150 111262385 314368 0 0 114727 6046 0 0 
_1.ptx 285 : 178150 1968833 0 0 0 0 0 0 0 
_1.ptx 286 : 178150 1247429 0 0 0 0 0 0 0 
_1.ptx 287 : 178150 1797070 0 0 0 0 0 0 0 
_1.ptx 288 : 178150 1959837 0 0 0 0 0 0 0 
_1.ptx 289 : 178150 135905109 286592 0 0 114727 6046 0 0 
_1.ptx 291 : 178150 1960159 0 0 0 0 0 0 0 
_1.ptx 292 : 178150 1247329 0 0 0 0 0 0 0 
_1.ptx 293 : 178150 1786115 0 0 0 0 0 0 0 
_1.ptx 294 : 178150 1959772 0 0 0 0 0 0 0 
_1.ptx 295 : 178150 131297267 271616 0 0 114727 6046 0 0 
_1.ptx 297 : 178150 8423140 0 0 0 0 0 0 0 
_1.ptx 298 : 178150 9395380 0 0 0 0 0 0 0 
_1.ptx 299 : 178150 9576073 0 0 0 0 0 0 0 
_1.ptx 300 : 178150 1068900 0 0 0 0 0 0 0 
_1.ptx 301 : 178150 1960432 0 0 0 0 0 0 0 
_1.ptx 302 : 178150 8781959 0 0 0 0 0 0 0 
_1.ptx 303 : 178150 8280898 0 0 0 0 0 0 0 
_1.ptx 304 : 178150 8237978 0 0 0 0 0 0 0 
_1.ptx 305 : 178150 1068900 0 0 0 0 0 0 0 
_1.ptx 306 : 178150 1960622 0 0 0 0 0 0 0 
_1.ptx 307 : 178150 1970418 0 0 0 0 0 0 0 
_1.ptx 308 : 178150 1963364 0 0 0 0 0 0 0 
_1.ptx 309 : 178150 1603596 0 0 0 0 0 0 0 
_1.ptx 310 : 178150 1603579 0 0 0 0 0 0 0 
_1.ptx 311 : 178150 1608166 0 0 0 0 0 0 0 
_1.ptx 312 : 178150 1605113 0 0 0 0 0 0 0 
_1.ptx 313 : 178150 1963511 0 0 0 0 0 0 0 
_1.ptx 314 : 178150 1960527 0 0 0 0 0 0 0 
_1.ptx 315 : 178150 1965015 0 0 0 0 0 0 0 
_1.ptx 316 : 178150 1960776 0 0 0 0 0 0 0 
_1.ptx 317 : 178150 1069195 0 0 0 0 0 0 0 
_1.ptx 318 : 178150 1961782 0 0 0 0 0 0 0 
_1.ptx 319 : 178150 1069470 0 0 0 0 0 0 0 
_1.ptx 320 : 178150 1960011 0 0 0 0 0 0 0 
_1.ptx 321 : 178150 2703682 0 0 0 0 0 0 0 
_1.ptx 322 : 178150 4032364 0 0 0 0 0 0 0 
_1.ptx 323 : 178150 1963079 0 0 0 0 0 0 0 
_1.ptx 324 : 178150 1069700 0 0 0 0 0 0 0 
_1.ptx 325 : 178150 1967974 0 0 0 0 0 0 0 
_1.ptx 326 : 178150 8257785 0 0 0 0 0 0 0 
_1.ptx 327 : 178150 2719811 0 0 0 0 0 0 0 
_1.ptx 328 : 178150 1970514 0 0 0 0 0 0 0 
_1.ptx 329 : 178150 1069041 0 0 0 0 0 0 0 
_1.ptx 330 : 178150 1979749 0 0 0 0 0 0 0 
_1.ptx 331 : 178150 8305844 0 0 0 0 0 0 0 
_1.ptx 332 : 178150 2648783 0 0 0 0 0 0 0 
_1.ptx 333 : 178150 1971373 0 0 0 0 0 0 0 
_1.ptx 334 : 178150 1962579 0 0 0 0 0 0 0 
_1.ptx 335 : 178150 1604459 0 0 0 0 0 0 0 
_1.ptx 336 : 178150 1604287 0 0 0 0 0 0 0 
_1.ptx 337 : 178150 2640832 0 0 0 0 0 0 0 
_1.ptx 338 : 178150 1315983 0 0 0 0 0 0 0 
_1.ptx 339 : 178150 1075478 0 0 0 0 0 0 0 
_1.ptx 340 : 178150 1963511 0 0 0 0 0 0 0 
_1.ptx 341 : 178150 1068974 0 0 0 0 0 0 0 
_1.ptx 342 : 178150 1960721 0 0 0 0 0 0 0 
_1.ptx 343 : 178150 1960130 0 0 0 0 0 0 0 
_1.ptx 345 : 178150 1068900 0 0 0 0 0 0 0 
_1.ptx 346 : 178150 1962351 0 0 0 0 0 0 0 
_1.ptx 347 : 178150 1069348 0 0 0 0 0 0 0 
_1.ptx 348 : 178150 1973956 0 0 0 0 0 0 0 
_1.ptx 349 : 178150 1069115 0 0 0 0 0 0 0 
_1.ptx 350 : 178150 1973751 0 0 0 0 0 0 0 
_1.ptx 351 : 178150 1069023 0 0 0 0 0 0 0 
_1.ptx 352 : 178150 1960378 0 0 0 0 0 0 0 
_1.ptx 353 : 178150 1604408 0 0 0 0 0 0 0 
_1.ptx 354 : 178150 1976912 0 0 0 0 0 0 0 
_1.ptx 355 : 178150 1604583 0 0 0 0 0 0 0 
_1.ptx 356 : 178150 1970577 0 0 0 0 0 0 0 
_1.ptx 357 : 178150 1604360 0 0 0 0 0 0 0 
_1.ptx 358 : 178150 1969786 0 0 0 0 0 0 0 
_1.ptx 359 : 178150 1605618 0 0 0 0 0 0 0 
_1.ptx 361 : 178150 1995454 0 0 0 0 0 0 0 
_1.ptx 362 : 178150 2001600 0 0 0 0 0 0 0 
_1.ptx 363 : 178150 1075166 0 0 0 0 0 0 0 
_1.ptx 364 : 178150 1975252 0 0 0 0 0 0 0 
_1.ptx 365 : 178150 1608215 0 0 0 0 0 0 0 
_1.ptx 366 : 178150 1987644 0 0 0 0 0 0 0 
_1.ptx 367 : 178150 1603557 0 0 0 0 0 0 0 
_1.ptx 368 : 178150 1620822 0 0 0 0 0 0 0 
_1.ptx 369 : 178150 2000461 0 0 0 0 0 0 0 
_1.ptx 370 : 178150 1603566 0 0 0 0 0 0 0 
_1.ptx 371 : 178150 1611058 0 0 0 0 0 0 0 
_1.ptx 372 : 178150 1979666 0 0 0 0 0 0 0 
_1.ptx 373 : 178150 1603503 0 0 0 0 0 0 0 
_1.ptx 374 : 178150 1604359 0 0 0 0 0 0 0 
_1.ptx 376 : 178150 2017697 0 0 0 0 0 0 0 
_1.ptx 377 : 178150 1969014 0 0 0 0 0 0 0 
_1.ptx 378 : 178150 1978542 0 0 0 0 0 0 0 
_1.ptx 379 : 178150 1959762 0 0 0 0 0 0 0 
_1.ptx 380 : 178150 1974536 0 0 0 0 0 0 0 
_1.ptx 381 : 178150 1990053 0 0 0 0 0 0 0 
_1.ptx 382 : 178150 1071561 0 0 0 0 0 0 0 
_1.ptx 383 : 178150 1959740 0 0 0 0 0 0 0 
_1.ptx 384 : 178150 1604498 0 0 0 0 0 0 0 
_1.ptx 385 : 178150 1603382 0 0 0 0 0 0 0 
_1.ptx 386 : 178150 1633459 0 0 0 0 0 0 0 
_1.ptx 387 : 178150 1959842 0 0 0 0 0 0 0 
_1.ptx 388 : 178150 1603382 0 0 0 0 0 0 0 
_1.ptx 389 : 178150 1603446 0 0 0 0 0 0 0 
_1.ptx 390 : 178150 1605167 0 0 0 0 0 0 0 
_1.ptx 392 : 178150 2019987 0 0 0 0 0 0 0 
_1.ptx 393 : 178150 1959881 0 0 0 0 0 0 0 
_1.ptx 394 : 178150 1960268 0 0 0 0 0 0 0 
_1.ptx 395 : 178150 1068930 0 0 0 0 0 0 0 
_1.ptx 396 : 178150 1959742 0 0 0 0 0 0 0 
_1.ptx 397 : 178150 1604556 0 0 0 0 0 0 0 
_1.ptx 398 : 178150 1603495 0 0 0 0 0 0 0 
_1.ptx 399 : 178150 1603410 0 0 0 0 0 0 0 
_1.ptx 400 : 178150 1606000 0 0 0 0 0 0 0 
_1.ptx 401 : 178150 1960679 0 0 0 0 0 0 0 
_1.ptx 402 : 178150 1604282 0 0 0 0 0 0 0 
_1.ptx 403 : 178150 1604949 0 0 0 0 0 0 0 
_1.ptx 405 : 178150 1069017 0 0 0 0 0 0 0 
_1.ptx 406 : 178150 1978410 0 0 0 0 0 0 0 
_1.ptx 407 : 178150 1603350 0 0 0 0 0 0 0 
_1.ptx 408 : 178150 1604434 0 0 0 0 0 0 0 
_1.ptx 409 : 178150 1620707 0 0 0 0 0 0 0 
_1.ptx 410 : 178150 1603464 0 0 0 0 0 0 0 
_1.ptx 411 : 178150 1607013 0 0 0 0 0 0 0 
_1.ptx 412 : 178150 1959703 0 0 0 0 0 0 0 
_1.ptx 413 : 178150 1604059 0 0 0 0 0 0 0 
_1.ptx 414 : 178150 1068900 0 0 0 0 0 0 0 
_1.ptx 416 : 15386 92316 0 0 0 0 0 0 0 
_1.ptx 417 : 15386 123088 0 0 0 0 0 0 0 
_1.ptx 418 : 15386 5256 0 0 0 0 0 0 55 
_1.ptx 420 : 14510 685908 0 0 0 0 0 0 0 
_1.ptx 421 : 14510 804285 0 0 0 0 0 0 0 
_1.ptx 422 : 14510 804034 0 0 0 0 0 0 0 
_1.ptx 423 : 14510 87060 0 0 0 0 0 0 0 
_1.ptx 424 : 14510 159612 0 0 0 0 0 0 0 
_1.ptx 425 : 14510 159649 0 0 0 0 0 0 0 
_1.ptx 426 : 14510 138322 0 0 0 0 0 0 0 
_1.ptx 427 : 14510 130657 0 0 0 0 0 0 0 
_1.ptx 428 : 14510 159660 0 0 0 0 0 0 0 
_1.ptx 429 : 14510 159620 0 0 0 0 0 0 0 
_1.ptx 430 : 14510 87067 0 0 0 0 0 0 0 
_1.ptx 431 : 14510 159627 0 0 0 0 0 0 0 
_1.ptx 432 : 14510 87060 0 0 0 0 0 0 0 
_1.ptx 433 : 14510 130590 0 0 0 0 0 0 0 
_1.ptx 435 : 14510 87060 0 0 0 0 0 0 0 
_1.ptx 436 : 14510 130592 0 0 0 0 0 0 0 
_1.ptx 438 : 14510 87060 0 0 0 0 0 0 0 
_1.ptx 439 : 14510 131665 0 0 0 0 0 0 0 
_1.ptx 440 : 14510 87060 0 0 0 0 0 0 0 
_1.ptx 441 : 14510 88247 0 0 0 0 0 0 0 
_1.ptx 442 : 14510 92618 0 0 0 0 0 0 0 
_1.ptx 444 : 876 5256 0 0 0 0 0 0 0 
_1.ptx 445 : 876 7008 0 0 0 0 0 0 0 
_1.ptx 446 : 876 0 0 0 0 0 0 0 0 
_1.ptx 448 : 876 5256 0 0 0 0 0 0 0 
_1.ptx 449 : 876 9638 0 0 0 0 0 0 0 
_1.ptx 450 : 876 5256 0 0 0 0 0 0 0 
_1.ptx 451 : 876 9639 0 0 0 0 0 0 0 
_1.ptx 452 : 876 5256 0 0 0 0 0 0 0 
_1.ptx 453 : 876 9732 0 0 0 0 0 0 0 
_1.ptx 454 : 876 5256 0 0 0 0 0 0 0 
_1.ptx 455 : 876 9232 0 0 0 0 0 0 0 
_1.ptx 456 : 876 9636 0 0 0 0 0 0 0 
_1.ptx 457 : 876 7884 0 0 0 0 0 0 0 
_1.ptx 458 : 876 6246 0 0 0 0 0 0 0 
_1.ptx 459 : 876 9636 0 0 0 0 0 0 0 
_1.ptx 460 : 876 7884 0 0 0 0 0 0 0 
_1.ptx 461 : 876 5419 0 0 0 0 0 0 0 
_1.ptx 462 : 876 9709 0 0 0 0 0 0 0 
_1.ptx 463 : 876 7884 0 0 0 0 0 0 0 
_1.ptx 465 : 876 44149 0 0 0 0 0 0 0 
_1.ptx 466 : 876 45981 0 0 0 0 0 0 0 
_1.ptx 467 : 876 49211 0 0 0 0 0 0 0 
_1.ptx 468 : 876 5256 0 0 0 0 0 0 0 
_1.ptx 469 : 876 9636 0 0 0 0 0 0 0 
_1.ptx 470 : 876 9636 0 0 0 0 0 0 0 
_1.ptx 471 : 876 7884 0 0 0 0 0 0 0 
_1.ptx 472 : 876 7886 0 0 0 0 0 0 0 
_1.ptx 473 : 876 9636 0 0 0 0 0 0 0 
_1.ptx 474 : 876 9636 0 0 0 0 0 0 0 
_1.ptx 475 : 876 5256 0 0 0 0 0 0 0 
_1.ptx 476 : 876 9636 0 0 0 0 0 0 0 
_1.ptx 477 : 876 9638 0 0 0 0 0 0 0 
_1.ptx 478 : 876 5256 0 0 0 0 0 0 0 
_1.ptx 479 : 876 53232 256 0 0 0 0 0 0 
_1.ptx 480 : 876 7884 0 0 0 0 0 0 0 
_1.ptx 481 : 876 7884 0 0 0 0 0 0 0 
_1.ptx 482 : 876 4130 0 0 0 0 0 0 0 
_1.ptx 483 : 876 7888 0 0 0 0 0 0 0 
_1.ptx 484 : 876 7884 0 0 0 0 0 0 0 
_1.ptx 485 : 876 2628 0 0 0 0 0 0 0 
_1.ptx 486 : 876 7884 0 0 0 0 0 0 0 
_1.ptx 487 : 876 7884 0 0 0 0 0 0 0 
_1.ptx 489 : 876 9801 0 0 0 0 0 0 0 
_1.ptx 490 : 876 9667 0 0 0 0 0 0 0 
_1.ptx 491 : 876 5741 0 0 0 0 0 0 0 
_1.ptx 492 : 876 50153 256 0 0 0 0 0 0 
_1.ptx 493 : 876 7886 0 0 0 0 0 0 0 
_1.ptx 494 : 876 9636 0 0 0 0 0 0 0 
_1.ptx 495 : 876 7896 0 0 0 0 0 0 0 
_1.ptx 496 : 876 2628 0 0 0 0 0 0 0 
_1.ptx 497 : 876 9636 0 0 0 0 0 0 0 
_1.ptx 498 : 876 7886 0 0 0 0 0 0 0 
_1.ptx 499 : 876 2628 0 0 0 0 0 0 0 
_1.ptx 500 : 876 9636 0 0 0 0 0 0 0 
_1.ptx 501 : 876 8406 0 0 0 0 0 0 0 
_1.ptx 503 : 876 10183 0 0 0 0 0 0 0 
_1.ptx 504 : 876 5415 0 0 0 0 0 0 0 
_1.ptx 505 : 876 49425 256 0 0 0 0 0 0 
_1.ptx 506 : 876 9770 0 0 0 0 0 0 0 
_1.ptx 507 : 876 7893 0 0 0 0 0 0 0 
_1.ptx 508 : 876 2628 0 0 0 0 0 0 0 
_1.ptx 509 : 876 7884 0 0 0 0 0 0 0 
_1.ptx 510 : 876 9639 0 0 0 0 0 0 0 
_1.ptx 511 : 876 7894 0 0 0 0 0 0 0 
_1.ptx 512 : 876 2628 0 0 0 0 0 0 0 
_1.ptx 513 : 876 9639 0 0 0 0 0 0 0 
_1.ptx 514 : 876 7884 0 0 0 0 0 0 0 
_1.ptx 516 : 876 5256 0 0 0 0 0 0 0 
_1.ptx 517 : 876 49704 256 0 0 0 0 0 0 
_1.ptx 518 : 876 10140 0 0 0 0 0 0 0 
_1.ptx 519 : 876 7886 0 0 0 0 0 0 0 
_1.ptx 520 : 876 2628 0 0 0 0 0 0 0 
_1.ptx 521 : 876 9638 0 0 0 0 0 0 0 
_1.ptx 522 : 876 7885 0 0 0 0 0 0 0 
_1.ptx 523 : 876 2628 0 0 0 0 0 0 0 
_1.ptx 524 : 876 7884 0 0 0 0 0 0 0 
_1.ptx 525 : 876 9640 0 0 0 0 0 0 0 
_1.ptx 526 : 876 7884 0 0 0 0 0 0 0 
_1.ptx 527 : 876 5256 0 0 0 0 0 0 0 
_1.ptx 538 : 193536 2129024 0 0 0 0 0 0 0 
_1.ptx 539 : 193536 62350080 774144 0 0 6048 6048 0 0 
_1.ptx 541 : 193536 2129088 0 0 0 0 0 0 0 
_1.ptx 542 : 193536 62821792 774144 0 0 6048 6048 0 0 
_1.ptx 544 : 193536 2030272 0 0 0 0 0 0 0 
_1.ptx 545 : 193536 2128896 0 0 0 0 0 0 0 
_1.ptx 546 : 193536 1354784 0 0 0 0 0 0 0 
_1.ptx 547 : 193536 1935520 0 0 0 0 0 0 0 
_1.ptx 548 : 193536 2128960 0 0 0 0 0 0 0 
_1.ptx 549 : 193536 63444352 774144 0 0 6048 6048 0 0 
_1.ptx 551 : 193536 1936128 0 0 0 0 0 0 0 
_1.ptx 552 : 193536 2128928 0 0 0 0 0 0 0 
_1.ptx 553 : 193536 1354848 0 0 0 0 0 0 0 
_1.ptx 554 : 193536 1937152 0 0 0 0 0 0 0 
_1.ptx 555 : 193536 2129312 0 0 0 0 0 0 0 
_1.ptx 556 : 193536 64067584 774144 0 0 6048 6048 0 0 
_1.ptx 557 : 193536 1161216 0 0 0 0 0 0 0 
_1.ptx 558 : 193536 1548384 0 0 0 0 0 0 0 
_1.ptx 559 : 193536 0 0 0 0 0 0 0 0 
_1.ptx 561 : 193536 1354784 0 0 0 0 0 0 0 
_1.ptx 562 : 193536 2030144 0 0 0 0 0 0 0 
_1.ptx 563 : 193536 2128928 0 0 0 0 0 0 0 
_1.ptx 564 : 193536 52654144 26880 0 0 46866 6048 0 0 
_1.ptx 566 : 193536 2130592 0 0 0 0 0 0 0 
_1.ptx 567 : 193536 1354848 0 0 0 0 0 0 0 
_1.ptx 568 : 193536 1937376 0 0 0 0 0 0 0 
_1.ptx 569 : 193536 2128992 0 0 0 0 0 0 0 
_1.ptx 570 : 193536 57011616 30080 0 0 46866 6048 0 0 
_1.ptx 572 : 193536 2129728 0 0 0 0 0 0 0 
_1.ptx 573 : 193536 1354944 0 0 0 0 0 0 0 
_1.ptx 574 : 193536 1936960 0 0 0 0 0 0 0 
_1.ptx 575 : 193536 2129440 0 0 0 0 0 0 0 
_1.ptx 576 : 193536 61851712 26624 0 0 46866 6048 0 0 
_1.ptx 578 : 193536 2128992 0 0 0 0 0 0 0 
_1.ptx 579 : 193536 1354848 0 0 0 0 0 0 0 
_1.ptx 580 : 193536 2031520 0 0 0 0 0 0 0 
_1.ptx 581 : 193536 2129184 0 0 0 0 0 0 0 
_1.ptx 582 : 193536 50489312 25472 0 0 46866 6048 0 0 
_1.ptx 584 : 193536 2129024 0 0 0 0 0 0 0 
_1.ptx 585 : 193536 1354848 0 0 0 0 0 0 0 
_1.ptx 586 : 193536 1936288 0 0 0 0 0 0 0 
_1.ptx 587 : 193536 2128992 0 0 0 0 0 0 0 
_1.ptx 588 : 193536 50213824 25600 0 0 46866 6048 0 0 
_1.ptx 590 : 193536 9256896 0 0 0 0 0 0 0 
_1.ptx 591 : 193536 10432128 0 0 0 0 0 0 0 
_1.ptx 592 : 193536 10660096 0 0 0 0 0 0 0 
_1.ptx 593 : 193536 1161216 0 0 0 0 0 0 0 
_1.ptx 594 : 193536 2128960 0 0 0 0 0 0 0 
_1.ptx 595 : 193536 10512064 0 0 0 0 0 0 0 
_1.ptx 596 : 193536 10059968 0 0 0 0 0 0 0 
_1.ptx 597 : 193536 9066528 0 0 0 0 0 0 0 
_1.ptx 598 : 193536 1161984 0 0 0 0 0 0 0 
_1.ptx 599 : 193536 2132480 0 0 0 0 0 0 0 
_1.ptx 600 : 193536 2203840 0 0 0 0 0 0 0 
_1.ptx 601 : 193536 2136416 0 0 0 0 0 0 0 
_1.ptx 602 : 193536 1742560 0 0 0 0 0 0 0 
_1.ptx 603 : 193536 1743488 0 0 0 0 0 0 0 
_1.ptx 604 : 193536 1745472 0 0 0 0 0 0 0 
_1.ptx 605 : 193536 1746528 0 0 0 0 0 0 0 
_1.ptx 606 : 193536 2135552 0 0 0 0 0 0 0 
_1.ptx 607 : 193536 2130208 0 0 0 0 0 0 0 
_1.ptx 608 : 193536 2130240 0 0 0 0 0 0 0 
_1.ptx 609 : 193536 2146656 0 0 0 0 0 0 0 
_1.ptx 610 : 193536 1161248 0 0 0 0 0 0 0 
_1.ptx 611 : 193536 2139488 0 0 0 0 0 0 0 
_1.ptx 612 : 193536 1161216 0 0 0 0 0 0 0 
_1.ptx 613 : 193536 2128992 0 0 0 0 0 0 0 
_1.ptx 614 : 193536 3366048 0 0 0 0 0 0 0 
_1.ptx 615 : 193536 6021024 0 0 0 0 0 0 0 
_1.ptx 616 : 193536 2157856 0 0 0 0 0 0 0 
_1.ptx 617 : 193536 1161440 0 0 0 0 0 0 0 
_1.ptx 618 : 193536 2193600 0 0 0 0 0 0 0 
_1.ptx 619 : 193536 8906752 0 0 0 0 0 0 0 
_1.ptx 620 : 193536 2775008 0 0 0 0 0 0 0 
_1.ptx 621 : 193536 2145440 0 0 0 0 0 0 0 
_1.ptx 622 : 193536 1161216 0 0 0 0 0 0 0 
_1.ptx 623 : 193536 2153408 0 0 0 0 0 0 0 
_1.ptx 624 : 193536 8903808 0 0 0 0 0 0 0 
_1.ptx 625 : 193536 2710240 0 0 0 0 0 0 0 
_1.ptx 626 : 193536 2146336 0 0 0 0 0 0 0 
_1.ptx 627 : 193536 2128896 0 0 0 0 0 0 0 
_1.ptx 628 : 193536 1741888 0 0 0 0 0 0 0 
_1.ptx 629 : 193536 1741856 0 0 0 0 0 0 0 
_1.ptx 630 : 193536 3380960 0 0 0 0 0 0 0 
_1.ptx 631 : 193536 1446080 0 0 0 0 0 0 0 
_1.ptx 632 : 193536 1165888 0 0 0 0 0 0 0 
_1.ptx 633 : 193536 2128928 0 0 0 0 0 0 0 
_1.ptx 634 : 193536 1161216 0 0 0 0 0 0 0 
_1.ptx 635 : 193536 2128896 0 0 0 0 0 0 0 
_1.ptx 636 : 193536 2128928 0 0 0 0 0 0 0 
_1.ptx 638 : 193536 2128928 0 0 0 0 0 0 0 
_1.ptx 639 : 193536 1743872 0 0 0 0 0 0 0 
_1.ptx 641 : 193536 2128896 0 0 0 0 0 0 0 
_1.ptx 642 : 193536 1746688 0 0 0 0 0 0 0 
_1.ptx 644 : 193536 2128896 0 0 0 0 0 0 0 
_1.ptx 645 : 193536 1741824 0 0 0 0 0 0 0 
_1.ptx 647 : 193536 2142016 0 0 0 0 0 0 0 
_1.ptx 648 : 193536 1741824 0 0 0 0 0 0 0 
_1.ptx 650 : 193536 2128960 0 0 0 0 0 0 0 
_1.ptx 651 : 193536 1741824 0 0 0 0 0 0 0 
_1.ptx 653 : 193536 1161216 0 0 0 0 0 0 0 
_1.ptx 654 : 193536 2128928 0 0 0 0 0 0 0 
_1.ptx 655 : 193536 2128960 0 0 0 0 0 0 0 
_1.ptx 656 : 193536 1741824 0 0 0 0 0 0 0 
_1.ptx 658 : 193536 2175680 0 0 0 0 0 0 0 
_1.ptx 659 : 193536 2175712 0 0 0 0 0 0 0 
_1.ptx 660 : 193536 2128960 0 0 0 0 0 0 0 
_1.ptx 661 : 193536 1741856 0 0 0 0 0 0 0 
_1.ptx 662 : 193536 1750208 0 0 0 0 0 0 0 
_1.ptx 664 : 193536 1753056 0 0 0 0 0 0 0 
_1.ptx 665 : 193536 1761120 0 0 0 0 0 0 0 
_1.ptx 666 : 193536 2128960 0 0 0 0 0 0 0 
_1.ptx 667 : 193536 1741824 0 0 0 0 0 0 0 
_1.ptx 669 : 193536 2195328 0 0 0 0 0 0 0 
_1.ptx 670 : 193536 2128896 0 0 0 0 0 0 0 
_1.ptx 671 : 193536 2128928 0 0 0 0 0 0 0 
_1.ptx 672 : 193536 1741856 0 0 0 0 0 0 0 
_1.ptx 674 : 193536 2300256 0 0 0 0 0 0 0 
_1.ptx 675 : 193536 2134592 0 0 0 0 0 0 0 
_1.ptx 676 : 193536 2128896 0 0 0 0 0 0 0 
_1.ptx 677 : 193536 1741824 0 0 0 0 0 0 0 
_1.ptx 679 : 193536 1161216 0 0 0 0 0 0 0 
_1.ptx 680 : 193536 2212096 0 0 0 0 0 0 0 
_1.ptx 681 : 193536 2128896 0 0 0 0 0 0 0 
_1.ptx 682 : 193536 1747520 0 0 0 0 0 0 0 
_1.ptx 684 : 193536 2134624 0 0 0 0 0 0 0 
_1.ptx 685 : 193536 1741824 0 0 0 0 0 0 0 
_1.ptx 686 : 193536 1741856 0 0 0 0 0 0 0 
_1.ptx 688 : 193536 1741824 0 0 0 0 0 0 0 
_1.ptx 690 : 193536 1741824 0 0 0 0 0 0 0 
_1.ptx 691 : 193536 1741824 0 0 0 0 0 0 0 
_1.ptx 692 : 193536 2128896 0 0 0 0 0 0 0 
_1.ptx 693 : 193536 1741856 0 0 0 0 0 0 0 
_1.ptx 695 : 193536 2128896 0 0 0 0 0 0 0 
_1.ptx 696 : 193536 2128896 0 0 0 0 0 0 0 
_1.ptx 697 : 193536 2128960 0 0 0 0 0 0 0 
_1.ptx 698 : 193536 1741824 0 0 0 0 0 0 0 
_1.ptx 700 : 193536 1161216 0 0 0 0 0 0 0 
_1.ptx 701 : 193536 2168576 0 0 0 0 0 0 0 
_1.ptx 702 : 193536 2136000 0 0 0 0 0 0 0 
_1.ptx 703 : 193536 1744928 0 0 0 0 0 0 0 
_1.ptx 705 : 193536 2174720 0 0 0 0 0 0 0 
_1.ptx 706 : 193536 1741824 0 0 0 0 0 0 0 
_1.ptx 707 : 193536 1741824 0 0 0 0 0 0 0 
_1.ptx 709 : 193536 1745408 0 0 0 0 0 0 0 
_1.ptx 711 : 193536 1751712 0 0 0 0 0 0 0 
_1.ptx 713 : 193536 1741824 0 0 0 0 0 0 0 
_1.ptx 714 : 193536 1747392 0 0 0 0 0 0 0 
_1.ptx 715 : 193536 2129312 0 0 0 0 0 0 0 
_1.ptx 716 : 193536 1746976 0 0 0 0 0 0 0 
_1.ptx 717 : 193536 1161216 0 0 0 0 0 0 0 
_1.ptx 834 : 193536 2128896 0 0 0 0 0 0 0 
_1.ptx 835 : 193536 62634496 774144 0 0 6048 6048 0 0 
_1.ptx 837 : 193536 2128896 0 0 0 0 0 0 0 
_1.ptx 838 : 193536 63797888 774144 0 0 6048 6048 0 0 
_1.ptx 840 : 193536 2032064 0 0 0 0 0 0 0 
_1.ptx 841 : 193536 2128896 0 0 0 0 0 0 0 
_1.ptx 842 : 193536 1354752 0 0 0 0 0 0 0 
_1.ptx 843 : 193536 1935392 0 0 0 0 0 0 0 
_1.ptx 844 : 193536 2128896 0 0 0 0 0 0 0 
_1.ptx 845 : 193536 63633920 774144 0 0 6048 6048 0 0 
_1.ptx 847 : 193536 1935360 0 0 0 0 0 0 0 
_1.ptx 848 : 193536 2128896 0 0 0 0 0 0 0 
_1.ptx 849 : 193536 1354752 0 0 0 0 0 0 0 
_1.ptx 850 : 193536 1935360 0 0 0 0 0 0 0 
_1.ptx 851 : 193536 2128896 0 0 0 0 0 0 0 
_1.ptx 852 : 193536 64368480 774144 0 0 6048 6048 0 0 
_1.ptx 853 : 193536 1161216 0 0 0 0 0 0 0 
_1.ptx 854 : 193536 1549312 0 0 0 0 0 0 0 
_1.ptx 855 : 193536 0 0 0 0 0 0 0 0 
_1.ptx 857 : 193536 1354752 0 0 0 0 0 0 0 
_1.ptx 858 : 193536 1950816 0 0 0 0 0 0 0 
_1.ptx 859 : 193536 2129184 0 0 0 0 0 0 0 
_1.ptx 860 : 193536 18106336 896 0 0 13843 6048 0 0 
_1.ptx 862 : 193536 2132384 0 0 0 0 0 0 0 
_1.ptx 863 : 193536 1355936 0 0 0 0 0 0 0 
_1.ptx 864 : 193536 1938336 0 0 0 0 0 0 0 
_1.ptx 865 : 193536 2129696 0 0 0 0 0 0 0 
_1.ptx 866 : 193536 17587904 896 0 0 13843 6048 0 0 
_1.ptx 868 : 193536 2129728 0 0 0 0 0 0 0 
_1.ptx 869 : 193536 1355776 0 0 0 0 0 0 0 
_1.ptx 870 : 193536 2032096 0 0 0 0 0 0 0 
_1.ptx 871 : 193536 2128896 0 0 0 0 0 0 0 
_1.ptx 872 : 193536 16269312 768 0 0 13843 6048 0 0 
_1.ptx 874 : 193536 2129216 0 0 0 0 0 0 0 
_1.ptx 875 : 193536 1354912 0 0 0 0 0 0 0 
_1.ptx 876 : 193536 1937696 0 0 0 0 0 0 0 
_1.ptx 877 : 193536 2128896 0 0 0 0 0 0 0 
_1.ptx 878 : 193536 14675328 768 0 0 13843 6048 0 0 
_1.ptx 880 : 193536 2128896 0 0 0 0 0 0 0 
_1.ptx 881 : 193536 1354848 0 0 0 0 0 0 0 
_1.ptx 882 : 193536 1936192 0 0 0 0 0 0 0 
_1.ptx 883 : 193536 2129024 0 0 0 0 0 0 0 
_1.ptx 884 : 193536 14378368 768 0 0 13843 6048 0 0 
_1.ptx 886 : 193536 9269504 0 0 0 0 0 0 0 
_1.ptx 887 : 193536 10459712 0 0 0 0 0 0 0 
_1.ptx 888 : 193536 10673472 0 0 0 0 0 0 0 
_1.ptx 889 : 193536 1161216 0 0 0 0 0 0 0 
_1.ptx 890 : 193536 2128960 0 0 0 0 0 0 0 
_1.ptx 891 : 193536 9472256 0 0 0 0 0 0 0 
_1.ptx 892 : 193536 10580416 0 0 0 0 0 0 0 
_1.ptx 893 : 193536 10601408 0 0 0 0 0 0 0 
_1.ptx 894 : 193536 1161248 0 0 0 0 0 0 0 
_1.ptx 895 : 193536 2131424 0 0 0 0 0 0 0 
_1.ptx 896 : 193536 2212448 0 0 0 0 0 0 0 
_1.ptx 897 : 193536 2130016 0 0 0 0 0 0 0 
_1.ptx 898 : 193536 1742080 0 0 0 0 0 0 0 
_1.ptx 899 : 193536 1881568 0 0 0 0 0 0 0 
_1.ptx 900 : 193536 1742592 0 0 0 0 0 0 0 
_1.ptx 901 : 193536 1745696 0 0 0 0 0 0 0 
_1.ptx 902 : 193536 2131552 0 0 0 0 0 0 0 
_1.ptx 903 : 193536 2190016 0 0 0 0 0 0 0 
_1.ptx 904 : 193536 2129472 0 0 0 0 0 0 0 
_1.ptx 905 : 193536 2128928 0 0 0 0 0 0 0 
_1.ptx 906 : 193536 1161248 0 0 0 0 0 0 0 
_1.ptx 907 : 193536 2128928 0 0 0 0 0 0 0 
_1.ptx 908 : 193536 1161248 0 0 0 0 0 0 0 
_1.ptx 909 : 193536 2128992 0 0 0 0 0 0 0 
_1.ptx 910 : 193536 3383104 0 0 0 0 0 0 0 
_1.ptx 911 : 193536 6078784 0 0 0 0 0 0 0 
_1.ptx 912 : 193536 2213152 0 0 0 0 0 0 0 
_1.ptx 913 : 193536 1161248 0 0 0 0 0 0 0 
_1.ptx 914 : 193536 2151776 0 0 0 0 0 0 0 
_1.ptx 915 : 193536 8903968 0 0 0 0 0 0 0 
_1.ptx 916 : 193536 2721504 0 0 0 0 0 0 0 
_1.ptx 917 : 193536 2146560 0 0 0 0 0 0 0 
_1.ptx 918 : 193536 1161216 0 0 0 0 0 0 0 
_1.ptx 919 : 193536 2146208 0 0 0 0 0 0 0 
_1.ptx 920 : 193536 8902944 0 0 0 0 0 0 0 
_1.ptx 921 : 193536 3386688 0 0 0 0 0 0 0 
_1.ptx 922 : 193536 2152576 0 0 0 0 0 0 0 
_1.ptx 923 : 193536 2128896 0 0 0 0 0 0 0 
_1.ptx 924 : 193536 1741824 0 0 0 0 0 0 0 
_1.ptx 925 : 193536 1741824 0 0 0 0 0 0 0 
_1.ptx 926 : 193536 2888192 0 0 0 0 0 0 0 
_1.ptx 927 : 193536 1443008 0 0 0 0 0 0 0 
_1.ptx 928 : 193536 1163680 0 0 0 0 0 0 0 
_1.ptx 929 : 193536 2134944 0 0 0 0 0 0 0 
_1.ptx 930 : 193536 1161216 0 0 0 0 0 0 0 
_1.ptx 931 : 193536 2128896 0 0 0 0 0 0 0 
_1.ptx 932 : 193536 2128896 0 0 0 0 0 0 0 
_1.ptx 934 : 193536 2128896 0 0 0 0 0 0 0 
_1.ptx 935 : 193536 1742144 0 0 0 0 0 0 0 
_1.ptx 937 : 193536 2128896 0 0 0 0 0 0 0 
_1.ptx 938 : 193536 1741824 0 0 0 0 0 0 0 
_1.ptx 940 : 193536 2128896 0 0 0 0 0 0 0 
_1.ptx 941 : 193536 1741824 0 0 0 0 0 0 0 
_1.ptx 943 : 193536 2129536 0 0 0 0 0 0 0 
_1.ptx 944 : 193536 1741824 0 0 0 0 0 0 0 
_1.ptx 946 : 193536 2128896 0 0 0 0 0 0 0 
_1.ptx 947 : 193536 1741824 0 0 0 0 0 0 0 
_1.ptx 949 : 193536 1161216 0 0 0 0 0 0 0 
_1.ptx 950 : 193536 2128896 0 0 0 0 0 0 0 
_1.ptx 951 : 193536 2128896 0 0 0 0 0 0 0 
_1.ptx 952 : 193536 1741824 0 0 0 0 0 0 0 
_1.ptx 954 : 193536 2231328 0 0 0 0 0 0 0 
_1.ptx 955 : 193536 2136288 0 0 0 0 0 0 0 
_1.ptx 956 : 193536 2128896 0 0 0 0 0 0 0 
_1.ptx 957 : 193536 1741824 0 0 0 0 0 0 0 
_1.ptx 958 : 193536 1741824 0 0 0 0 0 0 0 
_1.ptx 960 : 193536 1742176 0 0 0 0 0 0 0 
_1.ptx 961 : 193536 1741824 0 0 0 0 0 0 0 
_1.ptx 962 : 193536 2128896 0 0 0 0 0 0 0 
_1.ptx 963 : 193536 1745216 0 0 0 0 0 0 0 
_1.ptx 965 : 193536 2195616 0 0 0 0 0 0 0 
_1.ptx 966 : 193536 2128896 0 0 0 0 0 0 0 
_1.ptx 967 : 193536 2128896 0 0 0 0 0 0 0 
_1.ptx 968 : 193536 1747488 0 0 0 0 0 0 0 
_1.ptx 970 : 193536 2278016 0 0 0 0 0 0 0 
_1.ptx 971 : 193536 2128896 0 0 0 0 0 0 0 
_1.ptx 972 : 193536 2128896 0 0 0 0 0 0 0 
_1.ptx 973 : 193536 1741824 0 0 0 0 0 0 0 
_1.ptx 975 : 193536 1161216 0 0 0 0 0 0 0 
_1.ptx 976 : 193536 2227584 0 0 0 0 0 0 0 
_1.ptx 977 : 193536 2128896 0 0 0 0 0 0 0 
_1.ptx 978 : 193536 1741824 0 0 0 0 0 0 0 
_1.ptx 980 : 193536 2130432 0 0 0 0 0 0 0 
_1.ptx 981 : 193536 1741824 0 0 0 0 0 0 0 
_1.ptx 982 : 193536 1741824 0 0 0 0 0 0 0 
_1.ptx 984 : 193536 1741824 0 0 0 0 0 0 0 
_1.ptx 986 : 193536 1743616 0 0 0 0 0 0 0 
_1.ptx 987 : 193536 1743200 0 0 0 0 0 0 0 
_1.ptx 988 : 193536 2128928 0 0 0 0 0 0 0 
_1.ptx 989 : 193536 1743168 0 0 0 0 0 0 0 
_1.ptx 991 : 193536 2130560 0 0 0 0 0 0 0 
_1.ptx 992 : 193536 2128896 0 0 0 0 0 0 0 
_1.ptx 993 : 193536 2128896 0 0 0 0 0 0 0 
_1.ptx 994 : 193536 1741824 0 0 0 0 0 0 0 
_1.ptx 996 : 193536 1161216 0 0 0 0 0 0 0 
_1.ptx 997 : 193536 2152832 0 0 0 0 0 0 0 
_1.ptx 998 : 193536 2152832 0 0 0 0 0 0 0 
_1.ptx 999 : 193536 1752992 0 0 0 0 0 0 0 
_1.ptx 1001 : 193536 2291584 0 0 0 0 0 0 0 
_1.ptx 1002 : 193536 1741824 0 0 0 0 0 0 0 
_1.ptx 1003 : 193536 1741824 0 0 0 0 0 0 0 
_1.ptx 1005 : 193536 1741824 0 0 0 0 0 0 0 
_1.ptx 1007 : 193536 1741824 0 0 0 0 0 0 0 
_1.ptx 1009 : 193536 1743072 0 0 0 0 0 0 0 
_1.ptx 1010 : 193536 1743040 0 0 0 0 0 0 0 
_1.ptx 1011 : 193536 2128928 0 0 0 0 0 0 0 
_1.ptx 1012 : 193536 1743008 0 0 0 0 0 0 0 
_1.ptx 1013 : 193536 1161216 0 0 0 0 0 0 0 
_1.ptx 1130 : 193536 2128896 0 0 0 0 0 0 0 
_1.ptx 1131 : 193536 63177856 774144 0 0 6048 6048 0 0 
_1.ptx 1133 : 193536 2128896 0 0 0 0 0 0 0 
_1.ptx 1134 : 193536 64317024 774144 0 0 6048 6048 0 0 
_1.ptx 1136 : 193536 2032128 0 0 0 0 0 0 0 
_1.ptx 1137 : 193536 2128896 0 0 0 0 0 0 0 
_1.ptx 1138 : 193536 1354752 0 0 0 0 0 0 0 
_1.ptx 1139 : 193536 1935360 0 0 0 0 0 0 0 
_1.ptx 1140 : 193536 2128896 0 0 0 0 0 0 0 
_1.ptx 1141 : 193536 64453216 774144 0 0 6048 6048 0 0 
_1.ptx 1143 : 193536 1935360 0 0 0 0 0 0 0 
_1.ptx 1144 : 193536 2128896 0 0 0 0 0 0 0 
_1.ptx 1145 : 193536 1354752 0 0 0 0 0 0 0 
_1.ptx 1146 : 193536 2032128 0 0 0 0 0 0 0 
_1.ptx 1147 : 193536 2128896 0 0 0 0 0 0 0 
_1.ptx 1148 : 193536 73547968 774144 0 0 6048 6048 0 0 
_1.ptx 1149 : 193536 1161216 0 0 0 0 0 0 0 
_1.ptx 1150 : 193536 1549792 0 0 0 0 0 0 0 
_1.ptx 1151 : 193536 0 0 0 0 0 0 0 0 
_1.ptx 1153 : 193536 1363136 0 0 0 0 0 0 0 
_1.ptx 1154 : 193536 1936000 0 0 0 0 0 0 0 
_1.ptx 1155 : 193536 2129920 0 0 0 0 0 0 0 
_1.ptx 1156 : 193536 83364480 1057920 0 0 128577 6048 0 0 
_1.ptx 1158 : 193536 2131744 0 0 0 0 0 0 0 
_1.ptx 1159 : 193536 1354752 0 0 0 0 0 0 0 
_1.ptx 1160 : 193536 1935392 0 0 0 0 0 0 0 
_1.ptx 1161 : 193536 2130368 0 0 0 0 0 0 0 
_1.ptx 1162 : 193536 128311712 1049216 0 0 128577 6048 0 0 
_1.ptx 1164 : 193536 2128896 0 0 0 0 0 0 0 
_1.ptx 1165 : 193536 1354752 0 0 0 0 0 0 0 
_1.ptx 1166 : 193536 2032128 0 0 0 0 0 0 0 
_1.ptx 1167 : 193536 2128896 0 0 0 0 0 0 0 
_1.ptx 1168 : 193536 125889056 1041280 0 0 128577 6048 0 0 
_1.ptx 1170 : 193536 2129408 0 0 0 0 0 0 0 
_1.ptx 1171 : 193536 1354752 0 0 0 0 0 0 0 
_1.ptx 1172 : 193536 1935872 0 0 0 0 0 0 0 
_1.ptx 1173 : 193536 2129888 0 0 0 0 0 0 0 
_1.ptx 1174 : 193536 162359104 1058432 0 0 128577 6048 0 0 
_1.ptx 1176 : 193536 2128896 0 0 0 0 0 0 0 
_1.ptx 1177 : 193536 1354752 0 0 0 0 0 0 0 
_1.ptx 1178 : 193536 1939296 0 0 0 0 0 0 0 
_1.ptx 1179 : 193536 2131360 0 0 0 0 0 0 0 
_1.ptx 1180 : 193536 184112960 1096832 0 0 128577 6048 0 0 
_1.ptx 1182 : 193536 8920704 0 0 0 0 0 0 0 
_1.ptx 1183 : 193536 9412768 0 0 0 0 0 0 0 
_1.ptx 1184 : 193536 9999488 0 0 0 0 0 0 0 
_1.ptx 1185 : 193536 1161216 0 0 0 0 0 0 0 
_1.ptx 1186 : 193536 2158976 0 0 0 0 0 0 0 
_1.ptx 1187 : 193536 9429312 0 0 0 0 0 0 0 
_1.ptx 1188 : 193536 8993760 0 0 0 0 0 0 0 
_1.ptx 1189 : 193536 8943072 0 0 0 0 0 0 0 
_1.ptx 1190 : 193536 1161408 0 0 0 0 0 0 0 
_1.ptx 1191 : 193536 2130176 0 0 0 0 0 0 0 
_1.ptx 1192 : 193536 2132000 0 0 0 0 0 0 0 
_1.ptx 1193 : 193536 2130624 0 0 0 0 0 0 0 
_1.ptx 1194 : 193536 1741824 0 0 0 0 0 0 0 
_1.ptx 1195 : 193536 1742400 0 0 0 0 0 0 0 
_1.ptx 1196 : 193536 1742816 0 0 0 0 0 0 0 
_1.ptx 1197 : 193536 1745056 0 0 0 0 0 0 0 
_1.ptx 1198 : 193536 2132256 0 0 0 0 0 0 0 
_1.ptx 1199 : 193536 2130496 0 0 0 0 0 0 0 
_1.ptx 1200 : 193536 2131136 0 0 0 0 0 0 0 
_1.ptx 1201 : 193536 2129376 0 0 0 0 0 0 0 
_1.ptx 1202 : 193536 1161216 0 0 0 0 0 0 0 
_1.ptx 1203 : 193536 2130624 0 0 0 0 0 0 0 
_1.ptx 1204 : 193536 1161216 0 0 0 0 0 0 0 
_1.ptx 1205 : 193536 2131584 0 0 0 0 0 0 0 
_1.ptx 1206 : 193536 2912352 0 0 0 0 0 0 0 
_1.ptx 1207 : 193536 4318912 0 0 0 0 0 0 0 
_1.ptx 1208 : 193536 2148928 0 0 0 0 0 0 0 
_1.ptx 1209 : 193536 1163008 0 0 0 0 0 0 0 
_1.ptx 1210 : 193536 2297184 0 0 0 0 0 0 0 
_1.ptx 1211 : 193536 8969216 0 0 0 0 0 0 0 
_1.ptx 1212 : 193536 2763424 0 0 0 0 0 0 0 
_1.ptx 1213 : 193536 2132544 0 0 0 0 0 0 0 
_1.ptx 1214 : 193536 1161216 0 0 0 0 0 0 0 
_1.ptx 1215 : 193536 2129152 0 0 0 0 0 0 0 
_1.ptx 1216 : 193536 9166176 0 0 0 0 0 0 0 
_1.ptx 1217 : 193536 3042560 0 0 0 0 0 0 0 
_1.ptx 1218 : 193536 2147328 0 0 0 0 0 0 0 
_1.ptx 1219 : 193536 2129728 0 0 0 0 0 0 0 
_1.ptx 1220 : 193536 1742368 0 0 0 0 0 0 0 
_1.ptx 1221 : 193536 1742240 0 0 0 0 0 0 0 
_1.ptx 1222 : 193536 2829984 0 0 0 0 0 0 0 
_1.ptx 1223 : 193536 1413920 0 0 0 0 0 0 0 
_1.ptx 1224 : 193536 1171904 0 0 0 0 0 0 0 
_1.ptx 1225 : 193536 2143264 0 0 0 0 0 0 0 
_1.ptx 1226 : 193536 1161216 0 0 0 0 0 0 0 
_1.ptx 1227 : 193536 2129056 0 0 0 0 0 0 0 
_1.ptx 1228 : 193536 2129696 0 0 0 0 0 0 0 
_1.ptx 1230 : 193536 2129600 0 0 0 0 0 0 0 
_1.ptx 1231 : 193536 1741888 0 0 0 0 0 0 0 
_1.ptx 1233 : 193536 2128992 0 0 0 0 0 0 0 
_1.ptx 1234 : 193536 1742080 0 0 0 0 0 0 0 
_1.ptx 1236 : 193536 2205472 0 0 0 0 0 0 0 
_1.ptx 1237 : 193536 1747680 0 0 0 0 0 0 0 
_1.ptx 1239 : 193536 2130944 0 0 0 0 0 0 0 
_1.ptx 1240 : 193536 1742496 0 0 0 0 0 0 0 
_1.ptx 1242 : 193536 2137984 0 0 0 0 0 0 0 
_1.ptx 1243 : 193536 1742528 0 0 0 0 0 0 0 
_1.ptx 1245 : 193536 1169568 0 0 0 0 0 0 0 
_1.ptx 1246 : 193536 2128896 0 0 0 0 0 0 0 
_1.ptx 1247 : 193536 2128896 0 0 0 0 0 0 0 
_1.ptx 1248 : 193536 1741856 0 0 0 0 0 0 0 
_1.ptx 1250 : 193536 2228960 0 0 0 0 0 0 0 
_1.ptx 1251 : 193536 2128992 0 0 0 0 0 0 0 
_1.ptx 1252 : 193536 2128928 0 0 0 0 0 0 0 
_1.ptx 1253 : 193536 1741824 0 0 0 0 0 0 0 
_1.ptx 1254 : 193536 1790976 0 0 0 0 0 0 0 
_1.ptx 1256 : 193536 1745056 0 0 0 0 0 0 0 
_1.ptx 1257 : 193536 1741824 0 0 0 0 0 0 0 
_1.ptx 1258 : 193536 2128896 0 0 0 0 0 0 0 
_1.ptx 1259 : 193536 1741824 0 0 0 0 0 0 0 
_1.ptx 1261 : 193536 2128928 0 0 0 0 0 0 0 
_1.ptx 1262 : 193536 2128928 0 0 0 0 0 0 0 
_1.ptx 1263 : 193536 2128896 0 0 0 0 0 0 0 
_1.ptx 1264 : 193536 1741824 0 0 0 0 0 0 0 
_1.ptx 1266 : 193536 2285664 0 0 0 0 0 0 0 
_1.ptx 1267 : 193536 2128896 0 0 0 0 0 0 0 
_1.ptx 1268 : 193536 2128896 0 0 0 0 0 0 0 
_1.ptx 1269 : 193536 1741824 0 0 0 0 0 0 0 
_1.ptx 1271 : 193536 1161216 0 0 0 0 0 0 0 
_1.ptx 1272 : 193536 2211712 0 0 0 0 0 0 0 
_1.ptx 1273 : 193536 2128896 0 0 0 0 0 0 0 
_1.ptx 1274 : 193536 1741824 0 0 0 0 0 0 0 
_1.ptx 1276 : 193536 2180000 0 0 0 0 0 0 0 
_1.ptx 1277 : 193536 1741824 0 0 0 0 0 0 0 
_1.ptx 1278 : 193536 1741824 0 0 0 0 0 0 0 
_1.ptx 1280 : 193536 1742368 0 0 0 0 0 0 0 
_1.ptx 1282 : 193536 1741824 0 0 0 0 0 0 0 
_1.ptx 1283 : 193536 1765280 0 0 0 0 0 0 0 
_1.ptx 1284 : 193536 2128896 0 0 0 0 0 0 0 
_1.ptx 1285 : 193536 1741824 0 0 0 0 0 0 0 
_1.ptx 1287 : 193536 2173600 0 0 0 0 0 0 0 
_1.ptx 1288 : 193536 2128896 0 0 0 0 0 0 0 
_1.ptx 1289 : 193536 2128896 0 0 0 0 0 0 0 
_1.ptx 1290 : 193536 1741824 0 0 0 0 0 0 0 
_1.ptx 1292 : 193536 1161216 0 0 0 0 0 0 0 
_1.ptx 1293 : 193536 2176928 0 0 0 0 0 0 0 
_1.ptx 1294 : 193536 2128896 0 0 0 0 0 0 0 
_1.ptx 1295 : 193536 1747296 0 0 0 0 0 0 0 
_1.ptx 1297 : 193536 2141856 0 0 0 0 0 0 0 
_1.ptx 1298 : 193536 1741824 0 0 0 0 0 0 0 
_1.ptx 1299 : 193536 1741824 0 0 0 0 0 0 0 
_1.ptx 1301 : 193536 1743200 0 0 0 0 0 0 0 
_1.ptx 1303 : 193536 1788896 0 0 0 0 0 0 0 
_1.ptx 1305 : 193536 1783936 0 0 0 0 0 0 0 
_1.ptx 1306 : 193536 1782560 0 0 0 0 0 0 0 
_1.ptx 1307 : 193536 2128896 0 0 0 0 0 0 0 
_1.ptx 1308 : 193536 1782560 0 0 0 0 0 0 0 
_1.ptx 1309 : 193536 1161216 0 0 0 0 0 0 0 
_1.ptx 1426 : 193536 580608 0 0 0 0 0 0 0 
_1.ptx 1427 : 193536 2128896 0 0 0 0 0 0 0 
_1.ptx 1428 : 193536 971840 774144 0 0 6048 6048 0 0 
_1.ptx 1430 : 193536 2128896 0 0 0 0 0 0 0 
_1.ptx 1431 : 193536 1031616 774144 0 0 6048 6048 0 0 
_1.ptx 1433 : 193536 2128896 0 0 0 0 0 0 0 
_1.ptx 1434 : 193536 967680 774144 0 0 6048 6048 0 0 
_1.ptx 1436 : 193536 2128896 0 0 0 0 0 0 0 
_1.ptx 1437 : 193536 967680 774144 0 0 6048 6048 0 0 
_1.ptx 1439 : 193536 2128896 0 0 0 0 0 0 0 
_1.ptx 1440 : 193536 967680 774144 0 0 6048 6048 0 0 
_1.ptx 1442 : 193536 1161216 0 0 0 0 0 0 0 
