kernel line : count latency dram_traffic smem_bk_conflicts smem_warp gmem_access_generated gmem_warp exposed_latency warp_divergence
_1.ptx 97 : 1048576 35032064 0 65536 32768 0 0 0 0 
_1.ptx 99 : 1048576 6955616 0 0 0 0 0 0 0 
_1.ptx 101 : 1048576 7031328 0 0 0 0 0 0 0 
_1.ptx 102 : 1048576 12063584 0 0 0 0 0 0 0 
_1.ptx 103 : 1048576 12882784 0 0 0 0 0 0 0 
_1.ptx 104 : 1048576 9766176 0 0 0 0 0 0 0 
_1.ptx 105 : 1048576 8802272 0 0 0 0 0 0 0 
_1.ptx 106 : 1048576 9399936 0 0 0 0 0 0 0 
_1.ptx 107 : 1048576 8694784 0 0 0 0 0 0 0 
_1.ptx 108 : 1048576 9434304 0 0 0 0 0 0 0 
_1.ptx 109 : 1048576 7750336 0 0 0 0 0 0 0 
_1.ptx 110 : 1048576 9336384 0 0 0 0 0 0 0 
_1.ptx 111 : 1048576 0 0 0 0 0 0 0 0 
_1.ptx 113 : 1048576 8672256 0 0 0 0 0 0 0 
_1.ptx 114 : 1048576 8394368 0 0 0 0 0 0 0 
_1.ptx 115 : 1048576 12242528 0 0 0 0 0 0 0 
_1.ptx 116 : 1048576 12313248 0 0 0 0 0 0 0 
_1.ptx 117 : 1048576 13554688 0 0 0 0 0 0 0 
_1.ptx 118 : 1048576 12255136 0 0 0 0 0 0 0 
_1.ptx 119 : 1048576 28779488 0 65536 32768 0 0 0 0 
_1.ptx 120 : 1048576 19553248 0 0 0 0 0 0 0 
_1.ptx 121 : 1048576 13084544 0 0 0 0 0 0 0 
_1.ptx 122 : 1048576 11986816 0 0 0 0 0 0 0 
_1.ptx 123 : 1048576 8395168 0 0 0 0 0 0 0 
_1.ptx 124 : 1048576 12612768 0 0 0 0 0 0 0 
_1.ptx 125 : 1048576 12211872 0 0 0 0 0 0 0 
_1.ptx 126 : 1048576 84710272 4091072 0 0 65536 32768 0 0 
_1.ptx 129 : 1048576 7130496 0 0 0 0 0 0 0 
_1.ptx 145 : 1048576 6388000 0 0 0 0 0 0 0 
_1.ptx 146 : 1048576 6402048 0 0 0 0 0 0 0 
_1.ptx 147 : 1048576 15125504 0 0 0 0 0 0 0 
_1.ptx 148 : 1048576 6344960 0 0 0 0 0 0 0 
_1.ptx 149 : 1048576 6406720 0 0 0 0 0 0 0 
_1.ptx 150 : 1048576 16129760 0 0 0 0 0 0 0 
_1.ptx 151 : 1048576 6424192 0 0 0 0 0 0 0 
_1.ptx 152 : 1048576 12222784 0 0 0 0 0 0 0 
_1.ptx 153 : 1048576 7436224 0 0 0 0 0 0 0 
_1.ptx 154 : 1048576 11995552 0 0 0 0 0 0 0 
_1.ptx 155 : 1048576 229119072 128 0 0 0 0 0 0 
_1.ptx 156 : 1048576 173567584 0 0 0 0 0 0 0 
_1.ptx 157 : 1048576 8588160 0 0 0 0 0 0 0 
_1.ptx 158 : 1048576 7709280 0 0 0 0 0 0 0 
_1.ptx 159 : 1048576 8600192 0 0 0 0 0 0 0 
_1.ptx 160 : 1048576 7698656 0 0 0 0 0 0 0 
_1.ptx 161 : 1048576 8621184 0 0 0 0 0 0 0 
_1.ptx 64 : 1048576 6965408 0 0 0 0 0 0 0 
_1.ptx 162 : 1048576 6536256 0 0 0 0 0 0 0 
_1.ptx 65 : 1048576 14532384 0 0 0 0 0 0 0 
_1.ptx 163 : 1048576 8557824 0 0 0 0 0 0 0 
_1.ptx 66 : 1048576 7023872 0 0 0 0 0 0 0 
_1.ptx 164 : 1048576 0 0 0 0 0 0 0 0 
_1.ptx 67 : 1048576 17120800 0 0 0 0 0 0 0 
_1.ptx 68 : 1048576 7024192 0 0 0 0 0 0 0 
_1.ptx 166 : 1048576 232578976 0 0 0 0 0 0 0 
_1.ptx 69 : 1048576 12103488 0 0 0 0 0 0 0 
_1.ptx 167 : 1048576 12212768 0 0 0 0 0 0 0 
_1.ptx 70 : 1048576 7281888 0 0 0 0 0 0 0 
_1.ptx 168 : 1048576 11672032 0 0 0 0 0 0 0 
_1.ptx 71 : 1048576 11972384 0 0 0 0 0 0 0 
_1.ptx 169 : 1048576 7649856 0 0 0 0 0 0 0 
_1.ptx 72 : 1048576 27877696 0 0 0 0 0 0 0 
_1.ptx 170 : 1048576 11295360 0 0 0 0 0 0 0 
_1.ptx 73 : 1048576 22262336 0 0 0 0 0 0 0 
_1.ptx 171 : 1048576 11634144 0 0 0 0 0 0 0 
_1.ptx 74 : 1048576 8997152 0 0 0 0 0 0 0 
_1.ptx 172 : 1048576 871716864 4305920 0 0 65536 32768 0 0 
_1.ptx 75 : 1048576 8321824 0 0 0 0 0 0 0 
_1.ptx 76 : 1048576 9016832 0 0 0 0 0 0 0 
_1.ptx 173 : 1048576 212827808 0 0 0 0 0 0 0 
_1.ptx 77 : 1048576 8317344 0 0 0 0 0 0 0 
_1.ptx 174 : 1048576 12068128 0 0 0 0 0 0 0 
_1.ptx 78 : 1048576 9092704 0 0 0 0 0 0 0 
_1.ptx 175 : 1048576 11642112 0 0 0 0 0 0 0 
_1.ptx 79 : 1048576 7154624 0 0 0 0 0 0 0 
_1.ptx 176 : 1048576 7575616 0 0 0 0 0 0 0 
_1.ptx 80 : 1048576 9000960 0 0 0 0 0 0 0 
_1.ptx 177 : 1048576 11112768 0 0 0 0 0 0 0 
_1.ptx 81 : 1048576 0 0 0 0 0 0 0 0 
_1.ptx 178 : 1048576 11632192 0 0 0 0 0 0 0 
_1.ptx 179 : 1048576 972350304 15167488 0 0 524288 32768 0 0 
_1.ptx 83 : 1048576 7086208 0 0 0 0 0 0 0 
_1.ptx 84 : 1048576 34490464 0 0 0 0 0 0 0 
_1.ptx 85 : 1048576 12936288 0 0 0 0 0 0 0 
_1.ptx 182 : 1048576 6350272 0 0 0 0 0 0 0 
_1.ptx 86 : 1048576 11989024 0 0 0 0 0 0 0 
_1.ptx 87 : 1048576 8184864 0 0 0 0 0 0 0 
_1.ptx 88 : 1048576 12222944 0 0 0 0 0 0 0 
_1.ptx 89 : 1048576 11965856 0 0 0 0 0 0 0 
_1.ptx 90 : 1048576 556582688 4242304 0 0 65536 32768 0 0 
_1.ptx 91 : 1048576 8245504 0 0 0 0 0 0 0 
_1.ptx 92 : 1048576 8245920 0 0 0 0 0 0 0 
_1.ptx 93 : 1048576 12155328 0 0 0 0 0 0 0 
_1.ptx 94 : 1048576 11984960 0 0 0 0 0 0 0 
_1.ptx 95 : 1048576 12070112 0 0 0 0 0 0 0 
_1.ptx 96 : 1048576 11914944 0 0 0 0 0 0 0 
