kernel line : count latency dram_traffic smem_bk_conflicts smem_warp gmem_access_generated gmem_warp exposed_latency warp_divergence
_1.ptx 409 : 4194304 46138144 0 0 0 0 0 0 0 
_1.ptx 410 : 4194304 25890528 8563136 0 0 262144 131072 0 0 
_1.ptx 412 : 4194304 12961344 0 0 0 0 0 0 0 
_1.ptx 413 : 4194304 46138368 0 0 0 0 0 0 0 
_1.ptx 414 : 4194304 29528000 8494336 0 0 262144 131072 0 0 
_1.ptx 416 : 4194304 14541568 0 0 0 0 0 0 0 
_1.ptx 417 : 4194304 46139904 0 0 0 0 0 0 0 
_1.ptx 418 : 4194304 26036352 8565120 0 0 262144 131072 0 0 
_1.ptx 420 : 4194304 13014208 0 0 0 0 0 0 0 
_1.ptx 421 : 4194304 46150720 0 0 0 0 0 0 0 
_1.ptx 422 : 4194304 27193984 8654592 0 0 262144 131072 0 0 
_1.ptx 424 : 4194304 25165824 0 0 0 0 0 0 0 
_1.ptx 453 : 4194304 25166112 0 0 0 0 0 0 0 
_1.ptx 454 : 4194304 12608832 0 0 0 0 0 0 0 
_1.ptx 455 : 4194304 46346048 0 0 0 0 0 0 0 
_1.ptx 456 : 4194304 25169632 0 0 0 0 0 0 0 
_1.ptx 457 : 4194304 46283392 0 0 0 0 0 0 0 
_1.ptx 458 : 4194304 25165856 0 0 0 0 0 0 0 
_1.ptx 459 : 4194304 25166304 0 0 0 0 0 0 0 
_1.ptx 460 : 4194304 46144928 0 0 0 0 0 0 0 
_1.ptx 461 : 4194304 42095872 0 0 0 0 0 0 0 
_1.ptx 462 : 4194304 46147232 0 0 0 0 0 0 0 
_1.ptx 463 : 4194304 29409952 0 0 0 0 0 0 0 
_1.ptx 464 : 4194304 29419680 0 0 0 0 0 0 0 
_1.ptx 465 : 4194304 42059168 0 0 0 0 0 0 0 
_1.ptx 466 : 4194304 46162432 0 0 0 0 0 0 0 
_1.ptx 467 : 4194304 42029952 0 0 0 0 0 0 0 
_1.ptx 468 : 4194304 25165824 0 0 0 0 0 0 0 
_1.ptx 469 : 4194304 46154912 0 0 0 0 0 0 0 
_1.ptx 470 : 4194304 46163232 0 0 0 0 0 0 0 
_1.ptx 471 : 4194304 29380768 0 0 0 0 0 0 0 
_1.ptx 472 : 4194304 42048192 0 0 0 0 0 0 0 
_1.ptx 473 : 4194304 12610912 0 0 0 0 0 0 0 
_1.ptx 474 : 4194304 46145664 0 0 0 0 0 0 0 
_1.ptx 475 : 4194304 986339776 16777472 0 0 262144 131072 0 0 
_1.ptx 476 : 4194304 21028320 0 131072 131072 0 0 0 0 
_1.ptx 478 : 4194304 25165856 0 0 0 0 0 0 0 
_1.ptx 480 : 4194304 25209472 0 0 0 0 0 0 0 
_1.ptx 481 : 4194304 46141184 0 0 0 0 0 0 0 
_1.ptx 482 : 4194304 12585184 0 0 0 0 0 0 0 
_1.ptx 483 : 4194304 46137344 0 0 0 0 0 0 0 
_1.ptx 484 : 4194304 43997632 0 0 0 0 0 0 0 
_1.ptx 485 : 4194304 46137728 0 0 0 0 0 0 0 
_1.ptx 76 : 4194304 25166048 0 0 0 0 0 0 0 
_1.ptx 486 : 4194304 29364672 0 0 0 0 0 0 0 
_1.ptx 77 : 4194304 12833248 128 0 0 0 0 0 0 
_1.ptx 487 : 4194304 41943904 0 0 0 0 0 0 0 
_1.ptx 78 : 4194304 47754368 0 0 0 0 0 0 0 
_1.ptx 488 : 4194304 46137408 0 0 0 0 0 0 0 
_1.ptx 79 : 4194304 25165824 0 0 0 0 0 0 0 
_1.ptx 489 : 4194304 260849856 1049088 0 0 131072 131072 0 0 
_1.ptx 80 : 4194304 25165952 0 0 0 0 0 0 0 
_1.ptx 490 : 4194304 20974304 0 131072 131072 0 0 0 0 
_1.ptx 81 : 4194304 25181952 0 0 0 0 0 0 0 
_1.ptx 491 : 4194304 25165824 0 0 0 0 0 0 0 
_1.ptx 82 : 4194304 46142880 0 0 0 0 0 0 0 
_1.ptx 492 : 4194304 41943040 0 0 0 0 0 0 0 
_1.ptx 83 : 4194304 41978944 0 0 0 0 0 0 0 
_1.ptx 493 : 4194304 33555936 0 0 0 0 0 0 0 
_1.ptx 84 : 4194304 29388224 0 0 0 0 0 0 0 
_1.ptx 494 : 4194304 24969216 0 0 0 0 0 0 0 
_1.ptx 85 : 4194304 29416640 0 0 0 0 0 0 0 
_1.ptx 86 : 4194304 42021472 0 0 0 0 0 0 0 
_1.ptx 496 : 32768 352096 0 0 0 0 0 0 0 
_1.ptx 87 : 4194304 46155104 0 0 0 0 0 0 0 
_1.ptx 497 : 32768 388032 0 0 0 0 0 0 0 
_1.ptx 88 : 4194304 41951104 0 0 0 0 0 0 0 
_1.ptx 498 : 32768 361440 0 0 0 0 0 0 0 
_1.ptx 89 : 4194304 25166304 0 0 0 0 0 0 0 
_1.ptx 499 : 32768 327680 0 0 0 0 0 0 0 
_1.ptx 90 : 4194304 46137984 0 0 0 0 0 0 0 
_1.ptx 500 : 32768 360448 0 0 0 0 0 0 0 
_1.ptx 91 : 4194304 12585984 0 0 0 0 0 0 0 
_1.ptx 501 : 32768 360448 0 0 0 0 0 0 0 
_1.ptx 92 : 4194304 46181184 0 0 0 0 0 0 0 
_1.ptx 502 : 32768 229376 0 0 0 0 0 0 0 
_1.ptx 93 : 4194304 46143840 0 0 0 0 0 0 0 
_1.ptx 503 : 32768 327680 0 0 0 0 0 0 0 
_1.ptx 94 : 4194304 29361984 0 0 0 0 0 0 0 
_1.ptx 504 : 32768 361216 0 0 0 0 0 0 0 
_1.ptx 95 : 4194304 41999040 0 0 0 0 0 0 0 
_1.ptx 505 : 32768 1992896 7808 0 0 1024 1024 0 0 
_1.ptx 96 : 4194304 46140960 0 0 0 0 0 0 0 
_1.ptx 506 : 32768 177568 0 1024 1024 0 0 0 0 
_1.ptx 97 : 4194304 109592672 8064 0 0 131072 131072 0 0 
_1.ptx 98 : 4194304 21227712 0 131072 131072 0 0 0 0 
_1.ptx 509 : 4194304 25165824 0 0 0 0 0 0 0 
_1.ptx 100 : 4194304 25165824 0 0 0 0 0 0 0 
_1.ptx 101 : 4194304 46141824 0 0 0 0 0 0 0 
_1.ptx 511 : 4194304 25166080 0 0 0 0 0 0 0 
_1.ptx 102 : 4194304 46137600 0 0 0 0 0 0 0 
_1.ptx 512 : 4194304 46418048 0 0 0 0 0 0 0 
_1.ptx 103 : 4194304 42094048 0 0 0 0 0 0 0 
_1.ptx 513 : 4194304 29604896 0 0 0 0 0 0 0 
_1.ptx 104 : 4194304 46139072 0 0 0 0 0 0 0 
_1.ptx 514 : 4194304 42191328 0 0 0 0 0 0 0 
_1.ptx 105 : 4194304 29365536 0 0 0 0 0 0 0 
_1.ptx 515 : 4194304 46141632 0 0 0 0 0 0 0 
_1.ptx 106 : 4194304 41969440 0 0 0 0 0 0 0 
_1.ptx 516 : 4194304 985832672 16952064 0 0 262144 131072 0 0 
_1.ptx 107 : 4194304 46137568 0 0 0 0 0 0 0 
_1.ptx 517 : 4194304 21018880 0 131072 131072 0 0 0 0 
_1.ptx 108 : 4194304 211952832 1048832 0 0 131072 131072 0 0 
_1.ptx 518 : 4194304 25165888 0 0 0 0 0 0 0 
_1.ptx 109 : 4194304 21058592 0 131072 131072 0 0 0 0 
_1.ptx 519 : 4194304 41946080 0 0 0 0 0 0 0 
_1.ptx 110 : 4194304 25165824 0 0 0 0 0 0 0 
_1.ptx 520 : 4194304 33559104 0 0 0 0 0 0 0 
_1.ptx 111 : 4194304 33554464 0 0 0 0 0 0 0 
_1.ptx 521 : 4194304 24969376 0 0 0 0 0 0 0 
_1.ptx 112 : 4194304 24969568 0 0 0 0 0 0 0 
_1.ptx 523 : 32768 360512 0 0 0 0 0 0 0 
_1.ptx 114 : 32768 331712 0 0 0 0 0 0 0 
_1.ptx 524 : 32768 327840 0 0 0 0 0 0 0 
_1.ptx 115 : 32768 360448 0 0 0 0 0 0 0 
_1.ptx 525 : 32768 360480 0 0 0 0 0 0 0 
_1.ptx 116 : 32768 229376 0 0 0 0 0 0 0 
_1.ptx 526 : 32768 229568 0 0 0 0 0 0 0 
_1.ptx 117 : 32768 327680 0 0 0 0 0 0 0 
_1.ptx 527 : 32768 328256 0 0 0 0 0 0 0 
_1.ptx 118 : 32768 360480 0 0 0 0 0 0 0 
_1.ptx 528 : 32768 360448 0 0 0 0 0 0 0 
_1.ptx 119 : 32768 2142752 7552 0 0 1024 1024 0 0 
_1.ptx 529 : 32768 5190176 512 0 0 2048 1024 0 0 
_1.ptx 120 : 32768 163840 0 1024 1024 0 0 0 0 
_1.ptx 530 : 32768 164704 0 1024 1024 0 0 0 0 
_1.ptx 121 : 32768 196608 0 0 0 0 0 0 0 
_1.ptx 123 : 4161536 24969216 0 0 0 0 0 0 0 
_1.ptx 533 : 4194304 25165824 0 0 0 0 0 0 0 
_1.ptx 124 : 4161536 41622976 0 0 0 0 0 0 0 
_1.ptx 125 : 4161536 33293504 0 0 0 0 0 0 0 
_1.ptx 535 : 4194304 25293824 0 0 0 0 0 0 0 
_1.ptx 126 : 4161536 24772768 0 0 0 0 0 0 0 
_1.ptx 536 : 4194304 46376416 0 0 0 0 0 0 0 
_1.ptx 537 : 4194304 46172224 0 0 0 0 0 0 0 
_1.ptx 128 : 32768 344928 0 0 0 0 0 0 0 
_1.ptx 538 : 4194304 341321600 50560 0 0 262144 131072 0 0 
_1.ptx 129 : 32768 385504 0 0 0 0 0 0 0 
_1.ptx 539 : 4194304 21062560 0 131072 131072 0 0 0 0 
_1.ptx 130 : 32768 360448 0 0 0 0 0 0 0 
_1.ptx 131 : 32768 327712 0 0 0 0 0 0 0 
_1.ptx 541 : 4194304 25165824 0 0 0 0 0 0 0 
_1.ptx 132 : 32768 360448 0 0 0 0 0 0 0 
_1.ptx 133 : 32768 360448 0 0 0 0 0 0 0 
_1.ptx 543 : 4194304 33712768 0 131072 131072 0 0 0 0 
_1.ptx 134 : 32768 229376 0 0 0 0 0 0 0 
_1.ptx 544 : 4194304 25166144 0 0 0 0 0 0 0 
_1.ptx 135 : 32768 327776 0 0 0 0 0 0 0 
_1.ptx 545 : 4194304 33837120 0 0 0 0 0 0 0 
_1.ptx 136 : 32768 364480 0 0 0 0 0 0 0 
_1.ptx 546 : 4194304 25375936 0 0 0 0 0 0 0 
_1.ptx 137 : 32768 2018304 8192 0 0 1024 1024 0 0 
_1.ptx 547 : 4194304 33690912 0 0 0 0 0 0 0 
_1.ptx 138 : 32768 169120 0 1024 1024 0 0 0 0 
_1.ptx 548 : 4194304 29460448 0 0 0 0 0 0 0 
_1.ptx 549 : 4194304 29459200 0 0 0 0 0 0 0 
_1.ptx 550 : 4194304 33578720 0 0 0 0 0 0 0 
_1.ptx 551 : 4194304 25165824 0 0 0 0 0 0 0 
_1.ptx 142 : 4194304 25165952 0 0 0 0 0 0 0 
_1.ptx 552 : 4194304 33578336 0 0 0 0 0 0 0 
_1.ptx 553 : 4194304 25067520 0 0 0 0 0 0 16384 
_1.ptx 144 : 4194304 48277824 0 0 0 0 0 0 0 
_1.ptx 145 : 4194304 46145536 0 0 0 0 0 0 0 
_1.ptx 555 : 16384 131154 0 16384 16384 0 0 0 0 
_1.ptx 146 : 4194304 25170624 0 0 0 0 0 0 0 
_1.ptx 147 : 4194304 46146880 0 0 0 0 0 0 0 
_1.ptx 557 : 16384 131085 0 16384 16384 0 0 0 0 
_1.ptx 148 : 4194304 29517696 0 0 0 0 0 0 0 
_1.ptx 558 : 16384 98304 0 0 0 0 0 0 0 
_1.ptx 149 : 4194304 42730208 0 0 0 0 0 0 0 
_1.ptx 150 : 4194304 46171488 0 0 0 0 0 0 0 
_1.ptx 560 : 4177920 23592960 0 0 0 0 0 0 131072 
_1.ptx 151 : 4194304 705393952 1087616 0 0 262144 131072 0 0 
_1.ptx 152 : 4194304 20972608 0 131072 131072 0 0 0 0 
_1.ptx 562 : 245760 1968203 0 131072 131072 0 0 0 0 
_1.ptx 154 : 4194304 25165824 0 0 0 0 0 0 0 
_1.ptx 564 : 245760 1967923 0 131072 131072 0 0 0 0 
_1.ptx 155 : 4194304 46137536 0 0 0 0 0 0 0 
_1.ptx 565 : 245760 1474560 0 0 0 0 0 0 0 
_1.ptx 156 : 4194304 964116640 15927168 0 0 262144 131072 0 0 
_1.ptx 157 : 4194304 20977664 0 131072 131072 0 0 0 0 
_1.ptx 567 : 3932160 22118400 0 0 0 0 0 0 16384 
_1.ptx 158 : 4194304 25165984 0 0 0 0 0 0 0 
_1.ptx 159 : 4194304 33555456 0 0 0 0 0 0 0 
_1.ptx 569 : 245760 1990230 0 16384 16384 0 0 0 0 
_1.ptx 160 : 4194304 24970080 0 0 0 0 0 0 0 
_1.ptx 570 : 245760 1474575 0 0 0 0 0 0 0 
_1.ptx 162 : 32768 328320 0 0 0 0 0 0 0 
_1.ptx 163 : 32768 360480 0 0 0 0 0 0 0 
_1.ptx 573 : 3686400 29533110 0 131072 131072 0 0 0 0 
_1.ptx 164 : 32768 229536 0 0 0 0 0 0 0 
_1.ptx 165 : 32768 329440 0 0 0 0 0 0 0 
_1.ptx 575 : 3932160 31627500 0 131072 131072 0 0 0 0 
_1.ptx 166 : 32768 360576 0 0 0 0 0 0 0 
_1.ptx 167 : 32768 168288 0 0 0 2048 1024 0 0 
_1.ptx 168 : 32768 166016 0 1024 1024 0 0 0 0 
_1.ptx 169 : 32768 196832 0 0 0 0 0 0 0 
_1.ptx 579 : 4194304 13397152 0 0 0 0 0 0 0 
_1.ptx 580 : 4194304 46193152 0 0 0 0 0 0 0 
_1.ptx 171 : 4161536 24970240 0 0 0 0 0 0 0 
_1.ptx 581 : 4194304 1007902496 16797184 0 0 262144 131072 0 0 
_1.ptx 172 : 4161536 41641408 0 0 0 0 0 0 0 
_1.ptx 582 : 4194304 46137472 0 0 0 0 0 0 0 
_1.ptx 173 : 4161536 33319232 0 0 0 0 0 0 0 
_1.ptx 583 : 4194304 12605056 0 0 0 0 0 0 0 
_1.ptx 174 : 4161536 24776160 0 0 0 0 0 0 0 
_1.ptx 584 : 4194304 46139872 0 0 0 0 0 0 0 
_1.ptx 585 : 4194304 1023312832 16788224 0 0 262144 131072 0 0 
_1.ptx 176 : 32768 360576 0 0 0 0 0 0 0 
_1.ptx 586 : 4194304 37748768 0 0 0 0 0 0 0 
_1.ptx 177 : 32768 332224 0 0 0 0 0 0 0 
_1.ptx 587 : 4194304 12610176 0 0 0 0 0 0 0 
_1.ptx 178 : 32768 360448 0 0 0 0 0 0 0 
_1.ptx 588 : 4194304 46138208 0 0 0 0 0 0 0 
_1.ptx 179 : 32768 229696 0 0 0 0 0 0 0 
_1.ptx 589 : 4194304 1016620512 16792704 0 0 262144 131072 0 0 
_1.ptx 180 : 32768 329856 0 0 0 0 0 0 0 
_1.ptx 590 : 4194304 37748864 0 0 0 0 0 0 0 
_1.ptx 181 : 32768 360448 0 0 0 0 0 0 0 
_1.ptx 591 : 4194304 12642816 0 0 0 0 0 0 0 
_1.ptx 182 : 32768 166432 0 0 0 2048 1024 0 0 
_1.ptx 592 : 4194304 46139648 0 0 0 0 0 0 0 
_1.ptx 183 : 32768 167136 0 1024 1024 0 0 0 0 
_1.ptx 593 : 4194304 1040038400 16781952 0 0 262144 131072 0 0 
_1.ptx 594 : 4194304 37772768 0 0 0 0 0 0 0 
_1.ptx 596 : 4194304 25185056 0 0 0 0 0 0 0 
_1.ptx 187 : 4194304 25225312 0 0 0 0 0 0 0 
_1.ptx 597 : 4194304 46187808 0 0 0 0 0 0 0 
_1.ptx 598 : 4194304 33613600 0 131072 131072 0 0 0 0 
_1.ptx 189 : 4194304 25339552 0 0 0 0 0 0 0 
_1.ptx 599 : 4194304 29593408 0 0 0 0 0 0 0 
_1.ptx 190 : 4194304 46178880 0 0 0 0 0 0 0 
_1.ptx 600 : 4194304 29648832 0 0 0 0 0 0 0 
_1.ptx 191 : 4194304 46223520 0 0 0 0 0 0 0 
_1.ptx 601 : 4194304 12585760 0 0 0 0 0 0 0 
_1.ptx 192 : 4194304 29360128 0 0 0 0 0 0 0 
_1.ptx 602 : 4194304 29405792 0 0 0 0 0 0 0 
_1.ptx 193 : 4194304 42382080 0 0 0 0 0 0 0 
_1.ptx 603 : 4194304 26968928 0 0 0 0 0 0 0 
_1.ptx 194 : 4194304 46166560 0 0 0 0 0 0 0 
_1.ptx 604 : 4194304 63098624 0 0 0 0 0 0 0 
_1.ptx 195 : 4194304 21018432 0 0 0 262144 131072 0 0 
_1.ptx 605 : 4194304 67322176 0 0 0 0 0 0 0 
_1.ptx 196 : 4194304 21477856 0 131072 131072 0 0 0 0 
_1.ptx 606 : 4194304 29420160 0 0 0 0 0 0 0 
_1.ptx 607 : 4194304 21046368 0 131072 131072 0 0 0 0 
_1.ptx 198 : 4194304 25165824 0 0 0 0 0 0 0 
_1.ptx 609 : 4194304 25165824 0 0 0 0 0 0 0 
_1.ptx 200 : 4194304 35002944 0 131072 131072 0 0 0 0 
_1.ptx 201 : 4194304 25165824 0 0 0 0 0 0 0 
_1.ptx 611 : 4194304 36991840 0 131072 131072 0 0 0 0 
_1.ptx 202 : 4194304 33554432 0 0 0 0 0 0 0 
_1.ptx 612 : 4194304 25655680 2121024 0 0 262144 131072 0 0 
_1.ptx 203 : 4194304 25165824 0 0 0 0 0 0 0 
_1.ptx 204 : 4194304 33554432 0 0 0 0 0 0 0 
_1.ptx 614 : 4194304 25165824 0 0 0 0 0 0 0 
_1.ptx 205 : 4194304 33554432 0 0 0 0 0 0 0 
_1.ptx 206 : 4194304 29360128 0 0 0 0 0 0 0 
_1.ptx 207 : 4194304 33554432 0 0 0 0 0 0 0 
_1.ptx 208 : 4194304 25567008 0 0 0 0 0 0 0 
_1.ptx 209 : 4194304 33556000 0 0 0 0 0 0 0 
_1.ptx 210 : 4194304 25067520 0 0 0 0 0 0 16384 
_1.ptx 212 : 16384 131072 0 16384 16384 0 0 0 0 
_1.ptx 213 : 16384 180224 0 0 0 0 0 0 0 
_1.ptx 215 : 16384 131072 0 16384 16384 0 0 0 0 
_1.ptx 216 : 16384 180224 0 0 0 0 0 0 0 
_1.ptx 218 : 16384 131072 0 16384 16384 0 0 0 0 
_1.ptx 219 : 16384 180224 0 0 0 0 0 0 0 
_1.ptx 221 : 16384 131072 0 16384 16384 0 0 0 0 
_1.ptx 222 : 16384 180224 0 0 0 0 0 0 0 
_1.ptx 223 : 16384 98304 0 0 0 0 0 0 0 
_1.ptx 225 : 4177920 25067520 0 0 0 0 0 0 0 
_1.ptx 226 : 4177920 33423360 0 0 0 0 0 0 0 
_1.ptx 227 : 4177920 29245440 0 0 0 0 0 0 0 
_1.ptx 228 : 4177920 33491264 0 0 0 0 0 0 0 
_1.ptx 229 : 4177920 25067520 0 0 0 0 0 0 0 
_1.ptx 230 : 4177920 33423360 0 0 0 0 0 0 0 
_1.ptx 231 : 4177920 24969216 0 0 0 0 0 0 16384 
_1.ptx 233 : 16384 131072 0 16384 16384 0 0 0 0 
_1.ptx 234 : 16384 180224 0 0 0 0 0 0 0 
_1.ptx 236 : 16384 131072 0 16384 16384 0 0 0 0 
_1.ptx 237 : 16384 180224 0 0 0 0 0 0 0 
_1.ptx 239 : 16384 131072 0 16384 16384 0 0 0 0 
_1.ptx 240 : 16384 180224 0 0 0 0 0 0 0 
_1.ptx 242 : 16384 131072 0 16384 16384 0 0 0 0 
_1.ptx 243 : 16384 180224 0 0 0 0 0 0 0 
_1.ptx 244 : 16384 98304 0 0 0 0 0 0 0 
_1.ptx 246 : 4161536 24969216 0 0 0 0 0 0 0 
_1.ptx 247 : 4161536 33292288 0 0 0 0 0 0 0 
_1.ptx 248 : 4161536 29130752 0 0 0 0 0 0 0 
_1.ptx 249 : 4161536 33292288 0 0 0 0 0 0 0 
_1.ptx 250 : 4161536 24969216 0 0 0 0 0 0 0 
_1.ptx 251 : 4161536 33292288 0 0 0 0 0 0 0 
_1.ptx 252 : 4161536 24870912 0 0 0 0 0 0 16384 
_1.ptx 254 : 16384 131072 0 16384 16384 0 0 0 0 
_1.ptx 255 : 16384 180224 0 0 0 0 0 0 0 
_1.ptx 257 : 16384 131072 0 16384 16384 0 0 0 0 
_1.ptx 258 : 16384 180224 0 0 0 0 0 0 0 
_1.ptx 260 : 16384 131072 0 16384 16384 0 0 0 0 
_1.ptx 261 : 16384 180224 0 0 0 0 0 0 0 
_1.ptx 263 : 16384 131072 0 16384 16384 0 0 0 0 
_1.ptx 264 : 16384 180487 0 0 0 0 0 0 0 
_1.ptx 265 : 16384 98304 0 0 0 0 0 0 0 
_1.ptx 267 : 4145152 33161216 0 0 0 0 0 0 0 
_1.ptx 268 : 4145152 24870912 0 0 0 0 0 0 0 
_1.ptx 269 : 4145152 33161216 0 0 0 0 0 0 0 
_1.ptx 270 : 4145152 24772608 0 0 0 0 0 0 16384 
_1.ptx 272 : 16384 131072 0 16384 16384 0 0 0 0 
_1.ptx 273 : 16384 180224 0 0 0 0 0 0 0 
_1.ptx 275 : 16384 131072 0 16384 16384 0 0 0 0 
_1.ptx 276 : 16384 180224 0 0 0 0 0 0 0 
_1.ptx 278 : 16384 131072 0 16384 16384 0 0 0 0 
_1.ptx 279 : 16384 180224 0 0 0 0 0 0 0 
_1.ptx 281 : 16384 131072 0 16384 16384 0 0 0 0 
_1.ptx 282 : 16384 180224 0 0 0 0 0 0 0 
_1.ptx 283 : 16384 98304 0 0 0 0 0 0 0 
_1.ptx 285 : 4128768 23396352 0 0 0 0 0 0 16384 
_1.ptx 287 : 229376 1835008 0 16384 16384 0 0 0 0 
_1.ptx 288 : 229376 2523136 0 0 0 0 0 0 0 
_1.ptx 290 : 229376 1835008 0 16384 16384 0 0 0 0 
_1.ptx 291 : 229376 2523136 0 0 0 0 0 0 0 
_1.ptx 293 : 229376 1835008 0 16384 16384 0 0 0 0 
_1.ptx 294 : 229376 2523136 0 0 0 0 0 0 0 
_1.ptx 296 : 229376 1835008 0 16384 16384 0 0 0 0 
_1.ptx 297 : 229376 2523136 0 0 0 0 0 0 0 
_1.ptx 298 : 229376 1376256 0 0 0 0 0 0 0 
_1.ptx 300 : 3899392 22020096 0 0 0 0 0 0 131072 
_1.ptx 302 : 229376 1838632 0 131072 131072 0 0 0 0 
_1.ptx 303 : 229376 2523136 0 0 0 0 0 0 0 
_1.ptx 305 : 229376 1835008 0 131072 131072 0 0 0 0 
_1.ptx 306 : 229376 2523136 0 0 0 0 0 0 0 
_1.ptx 308 : 229376 1835008 0 131072 131072 0 0 0 0 
_1.ptx 309 : 229376 2523136 0 0 0 0 0 0 0 
_1.ptx 310 : 229376 1376256 0 0 0 0 0 0 0 
_1.ptx 312 : 3670016 20643840 0 0 0 0 0 0 16384 
_1.ptx 314 : 229376 1835008 0 16384 16384 0 0 0 0 
_1.ptx 315 : 229376 2523136 0 0 0 0 0 0 0 
_1.ptx 317 : 229376 1835008 0 16384 16384 0 0 0 0 
_1.ptx 318 : 229376 2523136 0 0 0 0 0 0 0 
_1.ptx 319 : 229376 1376256 0 0 0 0 0 0 0 
_1.ptx 321 : 3440640 19267584 0 0 0 0 0 0 131072 
_1.ptx 323 : 229376 1835008 0 131072 131072 0 0 0 0 
_1.ptx 324 : 229376 2523136 0 0 0 0 0 0 0 
_1.ptx 325 : 229376 1376256 0 0 0 0 0 0 0 
_1.ptx 328 : 3211264 25690112 0 131072 131072 0 0 0 0 
_1.ptx 329 : 3211264 35323904 0 0 0 0 0 0 0 
_1.ptx 331 : 3440640 27525120 0 131072 131072 0 0 0 0 
_1.ptx 332 : 3440640 37847040 0 0 0 0 0 0 0 
_1.ptx 334 : 3670016 29360128 0 131072 131072 0 0 0 0 
_1.ptx 335 : 3670016 40370176 0 0 0 0 0 0 0 
_1.ptx 337 : 3899392 31195136 0 131072 131072 0 0 0 0 
_1.ptx 338 : 3899392 42893312 0 0 0 0 0 0 0 
_1.ptx 345 : 4194304 46146752 0 0 0 0 0 0 0 
_1.ptx 346 : 4194304 46234400 0 0 0 0 0 0 0 
_1.ptx 347 : 4194304 46137344 0 0 0 0 0 0 0 
_1.ptx 348 : 4194304 196092128 0 0 0 0 0 0 0 
_1.ptx 349 : 4194304 25165824 0 0 0 0 0 0 0 
_1.ptx 350 : 4194304 29360128 0 0 0 0 0 0 0 
_1.ptx 351 : 4194304 25165824 0 0 0 0 0 0 0 
_1.ptx 352 : 4194304 67174816 0 0 0 0 0 0 0 
_1.ptx 353 : 4194304 29360128 0 0 0 0 0 0 0 
_1.ptx 354 : 4194304 12582912 0 0 0 0 0 0 0 
_1.ptx 355 : 4194304 46137344 0 0 0 0 0 0 0 
_1.ptx 356 : 4194304 29787360 0 0 0 0 0 0 0 
_1.ptx 357 : 4194304 25690112 0 0 0 0 0 0 0 
_1.ptx 358 : 4194304 62980512 0 0 0 0 0 0 0 
_1.ptx 359 : 4194304 48793632 0 0 0 0 0 0 0 
_1.ptx 360 : 4194304 37748736 0 0 0 0 0 0 0 
_1.ptx 361 : 4194304 37748736 0 0 0 0 0 0 0 
_1.ptx 362 : 4194304 37748736 0 0 0 0 0 0 0 
_1.ptx 363 : 4194304 46137344 0 0 0 0 0 0 0 
_1.ptx 364 : 4194304 192939424 0 0 0 0 0 0 0 
_1.ptx 365 : 4194304 29360128 0 0 0 0 0 0 0 
_1.ptx 366 : 4194304 25815424 0 0 0 0 0 0 0 
_1.ptx 367 : 4194304 62914560 0 0 0 0 0 0 0 
_1.ptx 368 : 4194304 62914560 0 0 0 0 0 0 0 
_1.ptx 369 : 4194304 29360128 0 0 0 0 0 0 0 
_1.ptx 370 : 4194304 46137344 0 0 0 0 0 0 0 
_1.ptx 371 : 4194304 192937984 0 0 0 0 0 0 0 
_1.ptx 372 : 4194304 46137344 0 0 0 0 0 0 0 
_1.ptx 373 : 4194304 25690112 0 0 0 0 0 0 0 
_1.ptx 374 : 4194304 46137344 0 0 0 0 0 0 0 
_1.ptx 375 : 4194304 46137344 0 0 0 0 0 0 0 
_1.ptx 376 : 4194304 192937984 0 0 0 0 0 0 0 
_1.ptx 378 : 4194304 29623392 0 0 0 0 0 0 0 
_1.ptx 379 : 4194304 26041088 0 0 0 0 0 0 0 
_1.ptx 380 : 4194304 62915296 0 0 0 0 0 0 0 
_1.ptx 381 : 4194304 61128544 0 0 0 0 0 0 0 
_1.ptx 382 : 4194304 29360608 0 0 0 0 0 0 0 
_1.ptx 383 : 4194304 26246784 0 0 0 0 0 0 0 
_1.ptx 384 : 4194304 46137344 0 0 0 0 0 0 0 
_1.ptx 385 : 4194304 25165824 0 0 0 0 0 0 0 
_1.ptx 386 : 4194304 33981664 0 0 0 0 0 0 0 
_1.ptx 387 : 4194304 25165824 0 0 0 0 0 0 0 
_1.ptx 394 : 4194304 25165824 0 0 0 0 0 0 0 
_1.ptx 395 : 4194304 25165824 0 0 0 0 0 0 0 
_1.ptx 396 : 4194304 33726592 0 0 0 0 0 0 0 
_1.ptx 397 : 4194304 37748736 0 0 0 0 0 0 0 
_1.ptx 398 : 4194304 21427904 0 131072 131072 0 0 0 0 
_1.ptx 401 : 4194304 25165824 0 0 0 0 0 0 0 
_1.ptx 403 : 4194304 36897376 0 131072 131072 0 0 0 0 
_1.ptx 404 : 4194304 17242016 0 0 0 0 0 0 0 
_1.ptx 405 : 4194304 46386912 0 0 0 0 0 0 0 
_1.ptx 406 : 4194304 27528064 8501888 0 0 262144 131072 0 0 
_1.ptx 408 : 4194304 18612736 0 0 0 0 0 0 0 
