kernel line : count latency dram_traffic smem_bk_conflicts smem_warp gmem_access_generated gmem_warp exposed_latency warp_divergence
_1.ptx 1741 : 875211 5116695 0 0 0 0 0 0 51 
_1.ptx 1744 : 26112 160704 0 0 0 0 0 0 0 
_1.ptx 1746 : 26112 153760 0 0 0 0 0 0 0 
_1.ptx 1747 : 26112 291200 0 0 0 0 0 0 0 
_1.ptx 1748 : 26112 156544 0 0 0 0 0 0 0 
_1.ptx 1749 : 26112 129632 0 0 0 0 0 0 0 
_1.ptx 1750 : 26112 336384 0 0 0 0 0 0 0 
_1.ptx 1751 : 26112 291680 0 0 0 0 0 0 0 
_1.ptx 1752 : 26112 192064 0 0 0 0 0 0 0 
_1.ptx 1753 : 26112 279296 0 0 0 0 0 0 0 
_1.ptx 1754 : 26112 291840 0 0 0 0 0 0 0 
_1.ptx 1755 : 26112 4053728 6528 0 0 816 816 0 0 
_1.ptx 1756 : 26112 291680 0 0 0 0 0 0 0 
_1.ptx 1757 : 26112 2628800 1536 0 0 816 816 0 0 
_1.ptx 1758 : 26112 291968 0 0 0 0 0 0 0 
_1.ptx 1760 : 26112 122304 0 0 0 0 0 0 0 
_1.ptx 1761 : 26112 292256 0 0 0 0 0 0 0 
_1.ptx 1762 : 26112 4044608 6528 0 0 816 816 0 0 
_1.ptx 1763 : 26112 290496 0 0 0 0 0 0 0 
_1.ptx 1764 : 26112 2522016 1536 0 0 816 816 0 0 
_1.ptx 1765 : 26112 299232 0 0 0 0 0 0 0 
_1.ptx 1767 : 26112 221440 0 0 0 0 0 0 0 
_1.ptx 1768 : 26112 84320 0 0 0 0 0 0 0 
_1.ptx 1769 : 26112 212128 0 0 0 0 0 0 0 
_1.ptx 1770 : 26112 0 0 0 0 0 0 0 0 
_1.ptx 1771 : 26112 292768 0 0 0 0 0 0 0 
_1.ptx 1772 : 26112 266944 0 0 0 0 0 0 0 
_1.ptx 1773 : 26112 191616 0 0 0 0 0 0 0 
_1.ptx 1774 : 26112 167040 0 0 0 0 0 0 0 
_1.ptx 1775 : 26112 216352 0 0 0 0 0 0 0 
_1.ptx 1776 : 26112 292704 0 0 0 0 0 0 0 
_1.ptx 1777 : 26112 197664 0 0 0 0 0 0 0 
_1.ptx 1778 : 26112 189952 0 0 0 0 0 0 0 
_1.ptx 1779 : 26112 92896 0 0 0 0 0 0 0 
_1.ptx 1780 : 26112 397152 0 0 0 0 0 0 0 
_1.ptx 1781 : 26112 342336 0 0 0 0 0 0 0 
_1.ptx 1782 : 26112 293888 0 0 0 0 0 0 0 
_1.ptx 1783 : 26112 116480 0 0 0 0 0 0 0 
_1.ptx 1784 : 26112 300352 0 0 0 0 0 0 0 
_1.ptx 1785 : 26112 203488 0 0 0 0 0 0 0 
_1.ptx 1789 : 875211 5680295 0 0 0 0 0 0 0 
_1.ptx 1790 : 875211 5784444 0 0 0 0 0 0 0 
_1.ptx 1791 : 875211 7299432 0 0 0 0 0 0 0 
_1.ptx 1792 : 875211 8100006 0 0 0 0 0 0 0 
_1.ptx 1793 : 875211 12833277 3502272 0 0 27387 27387 0 0 
_1.ptx 1794 : 875211 9037722 0 0 0 0 0 0 0 
_1.ptx 1795 : 875211 9114808 0 0 0 0 0 0 0 
_1.ptx 1796 : 875211 7305365 0 0 0 0 0 0 0 
_1.ptx 1797 : 875211 5490783 0 0 0 0 0 0 51 
_1.ptx 1800 : 26112 172928 0 0 0 0 0 0 0 
_1.ptx 1802 : 26112 191584 0 0 0 0 0 0 0 
_1.ptx 1803 : 26112 81184 0 0 0 0 0 0 0 
_1.ptx 1804 : 26112 214784 0 0 0 0 0 0 0 
_1.ptx 1805 : 26112 0 0 0 0 0 0 0 0 
_1.ptx 1806 : 26112 289312 0 0 0 0 0 0 0 
_1.ptx 1807 : 26112 265088 0 0 0 0 0 0 0 
_1.ptx 1808 : 26112 192960 0 0 0 0 0 0 0 
_1.ptx 1809 : 26112 172416 0 0 0 0 0 0 0 
_1.ptx 1810 : 26112 213536 0 0 0 0 0 0 0 
_1.ptx 1811 : 26112 289920 0 0 0 0 0 0 0 
_1.ptx 1812 : 26112 189664 0 0 0 0 0 0 0 
_1.ptx 1813 : 26112 192384 0 0 0 0 0 0 0 
_1.ptx 72 : 52224 1125248 128 0 0 0 0 0 0 
_1.ptx 1814 : 26112 276800 0 0 0 0 0 0 0 
_1.ptx 73 : 52224 329696 0 0 0 0 0 0 0 
_1.ptx 1815 : 26112 113024 0 0 0 0 0 0 0 
_1.ptx 74 : 52224 429248 0 0 0 0 0 0 0 
_1.ptx 1816 : 26112 112480 0 0 0 0 0 0 0 
_1.ptx 75 : 52224 169696 0 0 0 0 0 0 0 
_1.ptx 1817 : 26112 290176 0 0 0 0 0 0 0 
_1.ptx 1818 : 26112 289696 0 0 0 0 0 0 0 
_1.ptx 77 : 26112 159392 0 0 0 0 0 0 0 
_1.ptx 1819 : 26112 89184 0 0 0 0 0 0 0 
_1.ptx 78 : 26112 161152 0 0 0 0 0 0 0 
_1.ptx 1820 : 26112 90240 0 0 0 0 0 0 0 
_1.ptx 79 : 26112 187296 0 0 0 0 0 0 0 
_1.ptx 1821 : 26112 687072 256 0 0 0 0 0 0 
_1.ptx 80 : 26112 285312 0 0 0 0 0 0 0 
_1.ptx 1822 : 26112 82144 0 0 0 0 0 0 0 
_1.ptx 81 : 26112 289056 0 0 0 0 0 0 0 
_1.ptx 1823 : 26112 187200 0 0 0 0 0 0 0 
_1.ptx 82 : 26112 1887808 6528 0 0 0 0 0 0 
_1.ptx 83 : 26112 1881952 0 0 0 0 0 0 0 
_1.ptx 84 : 26112 188768 0 0 0 0 0 0 0 
_1.ptx 85 : 26112 280704 0 0 0 0 0 0 0 
_1.ptx 1827 : 875211 8968593 0 0 0 0 0 0 0 
_1.ptx 86 : 26112 290048 0 0 0 0 0 0 0 
_1.ptx 1828 : 875211 7222761 0 0 0 0 0 0 0 
_1.ptx 87 : 26112 191840 0 0 0 0 0 0 0 
_1.ptx 1829 : 875211 6477775 0 0 0 0 0 0 0 
_1.ptx 88 : 26112 166176 0 0 0 0 0 0 0 
_1.ptx 89 : 26112 161728 0 0 0 0 0 0 0 
_1.ptx 1831 : 875211 133768775 0 0 0 0 0 0 0 
_1.ptx 90 : 26112 212128 0 0 0 0 0 0 0 
_1.ptx 1832 : 875211 9201401 0 0 0 0 0 0 0 
_1.ptx 91 : 26112 160232 0 0 0 0 0 0 51 
_1.ptx 1833 : 875211 5825027 0 0 0 0 0 0 0 
_1.ptx 1834 : 875211 7315894 0 0 0 0 0 0 0 
_1.ptx 93 : 51 211 0 0 0 0 0 0 0 
_1.ptx 1835 : 875211 5641606 0 0 0 0 0 0 6681 
_1.ptx 94 : 51 4813 128 0 0 0 0 0 0 
_1.ptx 95 : 51 569 0 0 0 0 0 0 0 
_1.ptx 1837 : 6681 49556 0 0 0 0 0 0 0 
_1.ptx 96 : 51 370 0 0 0 0 0 0 0 
_1.ptx 97 : 51 565 0 0 0 0 0 0 0 
_1.ptx 1839 : 6681 50058 0 0 0 0 0 0 0 
_1.ptx 98 : 51 525 0 0 0 0 0 0 0 
_1.ptx 99 : 51 363 0 0 0 0 0 0 0 
_1.ptx 100 : 51 516 0 0 0 0 0 0 0 
_1.ptx 1842 : 875211 9776861 0 0 0 0 0 0 0 
_1.ptx 101 : 51 5285 1536 0 0 0 0 0 0 
_1.ptx 1843 : 875211 9017118 0 0 0 0 0 0 0 
_1.ptx 102 : 51 565 0 0 0 0 0 0 0 
_1.ptx 1844 : 875211 9851315 0 0 0 0 0 0 0 
_1.ptx 103 : 51 6750 256 0 0 51 51 0 0 
_1.ptx 1845 : 875211 7285864 0 0 0 0 0 0 0 
_1.ptx 104 : 51 223 0 0 0 0 0 0 0 
_1.ptx 1846 : 875211 9228848 0 0 0 0 0 0 0 
_1.ptx 105 : 51 566 0 0 0 0 0 0 0 
_1.ptx 1847 : 875211 5876563 0 0 0 0 0 0 0 
_1.ptx 106 : 51 300 1632 0 0 51 51 0 0 
_1.ptx 1848 : 875211 8158027 0 0 0 0 0 0 0 
_1.ptx 1849 : 875211 6610128 0 0 0 0 0 0 0 
_1.ptx 108 : 51 212 0 0 0 0 0 0 0 
_1.ptx 1850 : 875211 7249759 0 0 0 0 0 0 0 
_1.ptx 109 : 51 565 0 0 0 0 0 0 0 
_1.ptx 1851 : 875211 8086347 0 0 0 0 0 0 0 
_1.ptx 110 : 51 7000 128 0 0 51 51 0 0 
_1.ptx 1852 : 875211 7284754 0 0 0 0 0 0 0 
_1.ptx 111 : 51 206 0 0 0 0 0 0 0 
_1.ptx 1853 : 875211 0 0 0 0 0 0 0 0 
_1.ptx 112 : 51 564 0 0 0 0 0 0 0 
_1.ptx 1854 : 875211 2820758 0 0 0 0 0 0 0 
_1.ptx 113 : 51 262 1632 0 0 51 51 0 0 
_1.ptx 1855 : 875211 9846347 0 0 0 0 0 0 0 
_1.ptx 1856 : 875211 2798217 0 0 0 0 0 0 0 
_1.ptx 1857 : 875211 7254817 0 0 0 0 0 0 0 
_1.ptx 116 : 26112 188288 0 0 0 0 0 0 0 
_1.ptx 1858 : 875211 8132705 0 0 0 0 0 0 0 
_1.ptx 117 : 26112 907008 128 0 0 0 0 0 0 
_1.ptx 1859 : 875211 10761169 0 0 0 0 0 0 0 
_1.ptx 118 : 26112 213088 0 0 0 0 0 0 0 
_1.ptx 1860 : 875211 9102746 0 0 0 0 0 0 0 
_1.ptx 119 : 26112 0 0 0 0 0 0 0 0 
_1.ptx 1861 : 875211 9070994 0 0 0 0 0 0 0 
_1.ptx 120 : 26112 290720 0 0 0 0 0 0 0 
_1.ptx 1862 : 875211 2780580 0 0 0 0 0 0 0 
_1.ptx 121 : 26112 265024 0 0 0 0 0 0 0 
_1.ptx 1863 : 875211 9843759 0 0 0 0 0 0 0 
_1.ptx 122 : 26112 192992 0 0 0 0 0 0 0 
_1.ptx 1864 : 875211 7386706 0 0 0 0 0 0 0 
_1.ptx 123 : 26112 166464 0 0 0 0 0 0 0 
_1.ptx 1865 : 875211 9132565 0 0 0 0 0 0 0 
_1.ptx 124 : 26112 213152 0 0 0 0 0 0 0 
_1.ptx 1866 : 875211 9300670 0 0 0 0 0 0 0 
_1.ptx 125 : 26112 290240 0 0 0 0 0 0 0 
_1.ptx 1867 : 875211 6034765 0 0 0 0 0 0 0 
_1.ptx 126 : 26112 188032 0 0 0 0 0 0 0 
_1.ptx 1868 : 875211 8154525 0 0 0 0 0 0 0 
_1.ptx 127 : 26112 114304 0 0 0 0 0 0 0 
_1.ptx 1869 : 875211 7333065 0 0 0 0 0 0 0 
_1.ptx 128 : 26112 490176 0 0 0 0 0 0 0 
_1.ptx 1870 : 875211 5993949 0 0 0 0 0 0 0 
_1.ptx 129 : 26112 491232 0 0 0 0 0 0 0 
_1.ptx 1871 : 875211 6626095 0 0 0 0 0 0 0 
_1.ptx 130 : 26112 189216 0 0 0 0 0 0 0 
_1.ptx 131 : 26112 286912 0 0 0 0 0 0 0 
_1.ptx 132 : 26112 290048 0 0 0 0 0 0 0 
_1.ptx 1874 : 8585085 0 0 0 0 0 0 0 0 
_1.ptx 133 : 26112 292352 0 0 0 0 0 0 0 
_1.ptx 1875 : 8585085 96288690 0 0 0 0 0 0 0 
_1.ptx 134 : 26112 82848 0 0 0 0 0 0 0 
_1.ptx 1876 : 8585085 88539496 0 0 0 0 0 0 0 
_1.ptx 135 : 26112 84064 0 0 0 0 0 0 0 
_1.ptx 1877 : 8585085 96526247 0 0 0 0 0 0 0 
_1.ptx 136 : 26112 81984 0 0 0 0 0 0 0 
_1.ptx 1878 : 8585085 67350223 0 0 0 0 0 0 0 
_1.ptx 137 : 26112 186976 0 0 0 0 0 0 0 
_1.ptx 1879 : 8585085 96511255 0 0 0 0 0 0 0 
_1.ptx 1880 : 8585085 95943437 0 0 0 0 0 0 0 
_1.ptx 1881 : 8585085 36346549 0 0 0 0 0 0 0 
_1.ptx 1882 : 8585085 89336768 0 0 0 0 0 0 0 
_1.ptx 141 : 132651 1337343 0 0 0 0 0 0 0 
_1.ptx 1883 : 8585085 96425271 0 0 0 0 0 0 0 
_1.ptx 142 : 132651 1072389 0 0 0 0 0 0 0 
_1.ptx 1884 : 8585085 64963321 0 0 0 0 0 0 0 
_1.ptx 143 : 132651 1343574 0 0 0 0 0 0 0 
_1.ptx 1885 : 8585085 88855203 0 0 0 0 0 0 0 
_1.ptx 1886 : 8585085 96414086 0 0 0 0 0 0 0 
_1.ptx 145 : 132651 20424266 0 0 0 0 0 0 0 
_1.ptx 1887 : 8585085 70656351 0 0 0 0 0 0 0 
_1.ptx 146 : 132651 813167 0 0 0 0 0 0 0 
_1.ptx 147 : 132651 1073376 0 0 0 0 0 0 0 
_1.ptx 148 : 132651 791152 0 0 0 0 0 0 2601 
_1.ptx 1891 : 84212475 1018099349 5961600 0 0 5283702 2686017 0 0 
_1.ptx 150 : 2601 26202 0 0 0 0 0 0 0 
_1.ptx 1892 : 84212475 943064581 0 0 0 0 0 0 0 
_1.ptx 1893 : 84212475 873627650 0 0 0 0 0 0 0 
_1.ptx 152 : 2601 26177 0 0 0 0 0 0 0 
_1.ptx 1894 : 84212475 876425985 0 0 0 0 0 0 0 
_1.ptx 1895 : 84212475 704250906 0 0 0 0 0 0 0 
_1.ptx 1896 : 84212475 499096145 0 0 0 0 0 0 369954 
_1.ptx 155 : 132651 643157 0 0 0 4182 4182 0 0 
_1.ptx 156 : 132651 1470145 0 0 0 0 0 0 0 
_1.ptx 1898 : 8585085 88772706 0 0 0 0 0 0 0 
_1.ptx 157 : 132651 1020455 128 0 0 4182 4182 0 0 
_1.ptx 1899 : 8585085 71132316 0 0 0 0 0 0 0 
_1.ptx 158 : 132651 1466415 0 0 0 0 0 0 0 
_1.ptx 1900 : 8585085 50270991 0 0 0 0 0 0 408 
_1.ptx 159 : 132651 1339565 0 0 0 0 0 0 0 
_1.ptx 1901 : 875211 5784959 0 0 0 0 0 0 0 
_1.ptx 160 : 132651 1542743 0 0 0 0 0 0 0 
_1.ptx 161 : 132651 1466429 0 0 0 0 0 0 0 
_1.ptx 162 : 132651 1339423 0 0 0 0 0 0 0 
_1.ptx 163 : 132651 947619 0 0 0 0 0 0 0 
_1.ptx 164 : 132651 1410912 0 0 0 0 0 0 0 
_1.ptx 1906 : 875211 245795130 3462656 0 0 27387 27387 0 0 
_1.ptx 165 : 132651 1464824 0 0 0 0 0 0 0 
_1.ptx 1907 : 875211 9761533 0 0 0 0 0 0 0 
_1.ptx 166 : 132651 31865107 407168 0 0 10569 4182 0 0 
_1.ptx 1908 : 875211 4581417 3502272 0 0 27387 27387 0 0 
_1.ptx 167 : 132651 1535797 0 0 0 0 0 0 0 
_1.ptx 1909 : 875211 8934175 0 0 0 0 0 0 0 
_1.ptx 168 : 132651 1465816 0 0 0 0 0 0 0 
_1.ptx 1910 : 875211 9079600 0 0 0 0 0 0 0 
_1.ptx 169 : 132651 943326 0 0 0 0 0 0 0 
_1.ptx 1911 : 875211 9080053 0 0 0 0 0 0 0 
_1.ptx 170 : 132651 1406877 0 0 0 0 0 0 0 
_1.ptx 1912 : 875211 7279450 0 0 0 0 0 0 0 
_1.ptx 171 : 132651 1465423 0 0 0 0 0 0 0 
_1.ptx 1913 : 875211 5494678 0 0 0 0 0 0 51 
_1.ptx 172 : 132651 816267 575328 0 0 8164 4182 0 0 
_1.ptx 1914 : 26112 165600 0 0 0 0 0 0 0 
_1.ptx 173 : 132651 1334985 0 0 0 0 0 0 0 
_1.ptx 174 : 132651 1071379 0 0 0 0 0 0 0 
_1.ptx 175 : 132651 647544 0 0 0 0 0 0 51 
_1.ptx 1919 : 26112 164416 0 0 0 0 0 0 0 
_1.ptx 178 : 52224 327136 0 0 0 0 0 0 0 
_1.ptx 179 : 52224 333280 0 0 0 0 0 0 0 
_1.ptx 1921 : 26112 195296 0 0 0 0 0 0 0 
_1.ptx 180 : 52224 430944 0 0 0 0 0 0 0 
_1.ptx 1922 : 26112 213344 0 0 0 0 0 0 0 
_1.ptx 181 : 52224 159168 0 0 0 0 0 0 0 
_1.ptx 1923 : 26112 117258 0 0 0 0 0 0 51 
_1.ptx 1924 : 6681 40086 0 0 0 0 0 0 0 
_1.ptx 183 : 26112 169888 0 0 0 0 0 0 0 
_1.ptx 1925 : 6681 40086 0 0 0 0 0 0 0 
_1.ptx 184 : 26112 196448 0 0 0 0 0 0 0 
_1.ptx 1926 : 6681 73491 0 0 0 0 0 0 0 
_1.ptx 185 : 26112 283264 0 0 0 0 0 0 0 
_1.ptx 1927 : 6681 66810 0 0 0 0 0 0 0 
_1.ptx 186 : 26112 293984 0 0 0 0 0 0 0 
_1.ptx 1928 : 6681 47221 0 0 0 0 0 0 0 
_1.ptx 187 : 26112 1358272 5376 0 0 0 0 0 0 
_1.ptx 1929 : 6681 40566 0 0 0 0 0 0 0 
_1.ptx 188 : 26112 1409280 1408 0 0 0 0 0 0 
_1.ptx 1930 : 6681 53512 0 0 0 0 0 0 0 
_1.ptx 189 : 26112 194880 0 0 0 0 0 0 0 
_1.ptx 1931 : 6681 73491 0 0 0 0 0 0 0 
_1.ptx 190 : 26112 283808 0 0 0 0 0 0 0 
_1.ptx 1932 : 6681 46919 0 0 0 0 0 0 0 
_1.ptx 191 : 26112 292512 0 0 0 0 0 0 0 
_1.ptx 1933 : 6681 46863 0 0 0 0 0 0 0 
_1.ptx 192 : 26112 84512 0 0 0 0 0 0 0 
_1.ptx 1934 : 6681 20043 0 0 0 0 0 0 0 
_1.ptx 193 : 26112 1890208 768 0 0 816 816 0 0 
_1.ptx 1935 : 6681 40086 0 0 0 0 0 0 0 
_1.ptx 194 : 26112 293120 0 0 0 0 0 0 0 
_1.ptx 1936 : 6681 53512 0 0 0 0 0 0 0 
_1.ptx 1937 : 6681 76844 0 0 0 0 0 0 0 
_1.ptx 196 : 26112 113824 0 0 0 0 0 0 0 
_1.ptx 1938 : 6681 73523 0 0 0 0 0 0 0 
_1.ptx 197 : 26112 294080 0 0 0 0 0 0 0 
_1.ptx 1939 : 6681 73491 0 0 0 0 0 0 0 
_1.ptx 198 : 26112 1782720 768 0 0 816 816 0 0 
_1.ptx 1940 : 6681 40086 0 0 0 0 0 0 0 
_1.ptx 199 : 26112 294304 0 0 0 0 0 0 0 
_1.ptx 1941 : 6681 40118 0 0 0 0 0 0 0 
_1.ptx 1942 : 6681 46991 0 0 0 0 0 0 0 
_1.ptx 201 : 26112 178880 0 0 0 0 0 0 0 
_1.ptx 202 : 26112 199616 0 0 0 0 0 0 0 
_1.ptx 203 : 26112 86240 0 0 0 0 0 0 0 
_1.ptx 1945 : 6681 0 0 0 0 0 0 0 0 
_1.ptx 204 : 26112 217792 0 0 0 0 0 0 0 
_1.ptx 1946 : 6681 46767 0 0 0 0 0 0 0 
_1.ptx 205 : 26112 0 0 0 0 0 0 0 0 
_1.ptx 1947 : 6681 88211 0 0 0 0 0 0 0 
_1.ptx 206 : 26112 293856 0 0 0 0 0 0 0 
_1.ptx 1948 : 6681 47234 0 0 0 0 0 0 0 
_1.ptx 207 : 26112 268096 0 0 0 0 0 0 0 
_1.ptx 1949 : 6681 73815 0 0 0 0 0 0 0 
_1.ptx 208 : 26112 199040 0 0 0 0 0 0 0 
_1.ptx 1950 : 6681 26724 0 0 0 0 0 0 0 
_1.ptx 209 : 26112 175008 0 0 0 0 0 0 0 
_1.ptx 1951 : 6681 49585 0 0 0 0 0 0 0 
_1.ptx 210 : 26112 218464 0 0 0 0 0 0 0 
_1.ptx 1952 : 6681 68914 0 0 0 0 0 0 0 
_1.ptx 211 : 26112 292864 0 0 0 0 0 0 0 
_1.ptx 1953 : 6681 73901 0 0 0 0 0 0 0 
_1.ptx 212 : 26112 199008 0 0 0 0 0 0 0 
_1.ptx 1954 : 6681 47125 0 0 0 0 0 0 0 
_1.ptx 213 : 26112 201312 0 0 0 0 0 0 0 
_1.ptx 214 : 26112 282112 0 0 0 0 0 0 0 
_1.ptx 215 : 26112 117376 0 0 0 0 0 0 0 
_1.ptx 216 : 26112 294592 0 0 0 0 0 0 0 
_1.ptx 1958 : 875211 365305664 3313408 0 0 875211 33405 0 0 
_1.ptx 217 : 26112 89376 0 0 0 0 0 0 0 
_1.ptx 1959 : 875211 6203120 0 0 0 0 0 0 0 
_1.ptx 218 : 26112 90304 0 0 0 0 0 0 0 
_1.ptx 1960 : 875211 7064376 0 0 0 0 0 0 0 
_1.ptx 219 : 26112 88128 0 0 0 0 0 0 0 
_1.ptx 1961 : 875211 5313638 0 0 0 0 0 0 569 
_1.ptx 220 : 26112 193312 0 0 0 0 0 0 0 
_1.ptx 1963 : 1012 7150 0 0 0 0 0 0 0 
_1.ptx 1965 : 1012 7160 0 0 0 0 0 0 0 
_1.ptx 224 : 334611 3469137 0 0 0 0 0 0 0 
_1.ptx 225 : 334611 2807534 0 0 0 0 0 0 0 
_1.ptx 1967 : 875211 8787118 0 0 0 0 0 0 0 
_1.ptx 226 : 334611 3492044 0 0 0 0 0 0 0 
_1.ptx 1968 : 875211 8808763 0 0 0 0 0 0 0 
_1.ptx 1969 : 875211 7054545 0 0 0 0 0 0 0 
_1.ptx 228 : 334611 51203665 0 0 0 0 0 0 0 
_1.ptx 1970 : 875211 5279521 0 0 0 0 0 0 0 
_1.ptx 229 : 334611 2235242 0 0 0 0 0 0 0 
_1.ptx 230 : 334611 2814280 0 0 0 0 0 0 0 
_1.ptx 231 : 334611 2189387 0 0 0 0 0 0 4080 
_1.ptx 1973 : 6681 93059 0 255 255 0 0 0 0 
_1.ptx 233 : 4131 43380 0 0 0 0 0 0 0 
_1.ptx 1975 : 6681 90448 0 255 255 0 0 0 0 
_1.ptx 1976 : 6681 67424 0 0 0 0 0 0 0 
_1.ptx 235 : 4131 43032 0 0 0 0 0 0 0 
_1.ptx 1977 : 6681 67834 0 0 0 0 0 0 0 
_1.ptx 1978 : 6681 68230 0 0 0 0 0 0 0 
_1.ptx 1979 : 6681 54836 0 0 0 0 0 0 0 
_1.ptx 238 : 334611 3763320 0 0 0 0 0 0 0 
_1.ptx 1980 : 6681 0 0 0 0 0 0 0 0 
_1.ptx 239 : 334611 3764566 0 0 0 0 0 0 0 
_1.ptx 240 : 334611 3472881 0 0 0 0 0 0 0 
_1.ptx 1982 : 26112 159904 0 0 0 0 0 0 0 
_1.ptx 241 : 334611 3839874 0 0 0 0 0 0 0 
_1.ptx 1983 : 26112 159072 0 0 0 0 0 0 0 
_1.ptx 242 : 334611 3767136 0 0 0 0 0 0 0 
_1.ptx 243 : 334611 2533248 0 0 0 0 0 0 0 
_1.ptx 1985 : 26112 159296 0 0 0 0 0 0 0 
_1.ptx 244 : 334611 3512144 0 0 0 0 0 0 0 
_1.ptx 1986 : 26112 170067 0 0 0 0 0 0 51 
_1.ptx 245 : 334611 3759709 0 0 0 0 0 0 0 
_1.ptx 1987 : 51 384 0 0 0 0 0 0 0 
_1.ptx 246 : 334611 71796771 866048 0 0 24502 10506 0 0 
_1.ptx 1988 : 51 408 0 0 0 0 0 0 0 
_1.ptx 247 : 334611 1722955 1339872 0 0 10506 10506 0 0 
_1.ptx 1989 : 51 0 0 0 0 0 0 0 0 
_1.ptx 248 : 334611 3463687 0 0 0 0 0 0 0 
_1.ptx 1990 : 51 357 0 0 0 0 0 0 0 
_1.ptx 249 : 334611 3480459 0 0 0 0 0 0 0 
_1.ptx 1991 : 51 306 0 0 0 0 0 0 0 
_1.ptx 250 : 334611 2815817 0 0 0 0 0 0 0 
_1.ptx 1992 : 51 357 0 0 0 0 0 0 0 
_1.ptx 251 : 334611 2055952 0 0 0 0 0 0 51 
_1.ptx 1993 : 51 306 0 0 0 0 0 0 0 
_1.ptx 1994 : 51 306 0 0 0 0 0 0 0 
_1.ptx 1995 : 51 306 0 0 0 0 0 0 0 
_1.ptx 254 : 26112 176928 0 0 0 0 0 0 0 
_1.ptx 1996 : 51 357 0 0 0 0 0 0 0 
_1.ptx 256 : 26112 110400 0 0 0 0 0 0 0 
_1.ptx 257 : 26112 112160 0 0 0 0 0 0 0 
_1.ptx 1999 : 6681 56182 0 6681 6681 0 0 0 0 
_1.ptx 258 : 26112 197152 0 0 0 0 0 0 0 
_1.ptx 2000 : 6681 55965 0 0 0 0 0 0 0 
_1.ptx 259 : 26112 275392 0 0 0 0 0 0 0 
_1.ptx 2001 : 6681 42820 0 0 0 0 0 0 0 
_1.ptx 260 : 26112 292416 0 0 0 0 0 0 0 
_1.ptx 2002 : 58 484 0 58 58 0 0 0 0 
_1.ptx 261 : 26112 198304 0 0 0 0 0 0 0 
_1.ptx 2004 : 58 429 0 0 0 0 0 0 0 
_1.ptx 263 : 26112 199648 0 0 0 0 0 0 0 
_1.ptx 264 : 26112 84640 0 0 0 0 0 0 0 
_1.ptx 2006 : 58 649 0 0 0 0 0 0 0 
_1.ptx 265 : 26112 220448 0 0 0 0 0 0 0 
_1.ptx 2007 : 58 484 0 58 58 0 0 0 0 
_1.ptx 266 : 26112 0 0 0 0 0 0 0 0 
_1.ptx 267 : 26112 176320 0 0 0 0 0 0 0 
_1.ptx 2009 : 6681 68852 0 0 0 0 0 0 0 
_1.ptx 268 : 26112 294464 0 0 0 0 0 0 0 
_1.ptx 2010 : 6681 68900 0 0 0 0 0 0 0 
_1.ptx 269 : 26112 272352 0 0 0 0 0 0 0 
_1.ptx 2011 : 6681 70307 0 0 0 0 0 0 0 
_1.ptx 270 : 26112 203296 0 0 0 0 0 0 0 
_1.ptx 2012 : 6681 56082 0 0 0 0 0 0 0 
_1.ptx 271 : 26112 180704 0 0 0 0 0 0 0 
_1.ptx 2013 : 6681 43058 0 0 0 0 0 0 0 
_1.ptx 272 : 26112 219968 0 0 0 0 0 0 0 
_1.ptx 2014 : 51 361 0 0 0 0 0 0 0 
_1.ptx 273 : 26112 292352 0 0 0 0 0 0 0 
_1.ptx 274 : 26112 201248 0 0 0 0 0 0 0 
_1.ptx 275 : 26112 202656 0 0 0 0 0 0 0 
_1.ptx 276 : 26112 281792 0 0 0 0 0 0 0 
_1.ptx 277 : 26112 293600 0 0 0 0 0 0 0 
_1.ptx 2019 : 51 525 0 0 0 0 0 0 0 
_1.ptx 278 : 26112 85952 0 0 0 0 0 0 0 
_1.ptx 2020 : 51 430 0 0 0 0 0 0 0 
_1.ptx 279 : 26112 198720 0 0 0 0 0 0 0 
_1.ptx 2021 : 51 527 0 0 0 0 0 0 0 
_1.ptx 2023 : 51 7755 0 0 0 0 0 0 0 
_1.ptx 2024 : 51 330 0 0 0 0 0 0 0 
_1.ptx 283 : 132651 1381396 0 0 0 0 0 0 0 
_1.ptx 2025 : 51 432 0 0 0 0 0 0 0 
_1.ptx 284 : 132651 1113992 0 0 0 0 0 0 0 
_1.ptx 2026 : 51 334 0 0 0 0 0 0 0 
_1.ptx 285 : 132651 1387322 0 0 0 0 0 0 0 
_1.ptx 287 : 132651 20404460 0 0 0 0 0 0 0 
_1.ptx 288 : 132651 891799 0 0 0 0 0 0 0 
_1.ptx 289 : 132651 1114755 0 0 0 0 0 0 0 
_1.ptx 290 : 132651 852689 0 0 0 0 0 0 2601 
_1.ptx 2033 : 51 563 0 0 0 0 0 0 0 
_1.ptx 292 : 2601 27069 0 0 0 0 0 0 0 
_1.ptx 2034 : 51 9824 1152 0 0 51 51 0 0 
_1.ptx 2035 : 51 173 0 0 0 0 0 0 0 
_1.ptx 294 : 2601 26913 0 0 0 0 0 0 0 
_1.ptx 2036 : 51 571 0 0 0 0 0 0 0 
_1.ptx 2037 : 51 568 0 0 0 0 0 0 0 
_1.ptx 2038 : 51 570 0 0 0 0 0 0 0 
_1.ptx 297 : 132651 1488522 0 0 0 0 0 0 0 
_1.ptx 2039 : 51 519 0 0 0 0 0 0 0 
_1.ptx 298 : 132651 1372958 0 0 0 0 0 0 0 
_1.ptx 2040 : 51 262 1632 0 0 51 51 0 0 
_1.ptx 299 : 132651 1520354 0 0 0 0 0 0 0 
_1.ptx 300 : 132651 1497016 0 0 0 0 0 0 0 
_1.ptx 2042 : 51 9812 1024 0 0 51 51 0 0 
_1.ptx 301 : 132651 1489363 0 0 0 0 0 0 0 
_1.ptx 2043 : 51 573 0 0 0 0 0 0 0 
_1.ptx 302 : 132651 998130 0 0 0 0 0 0 0 
_1.ptx 2044 : 51 569 0 0 0 0 0 0 0 
_1.ptx 303 : 132651 1389026 0 0 0 0 0 0 0 
_1.ptx 2045 : 51 573 0 0 0 0 0 0 0 
_1.ptx 304 : 132651 1483754 0 0 0 0 0 0 0 
_1.ptx 2046 : 51 521 0 0 0 0 0 0 0 
_1.ptx 305 : 132651 32159344 527872 0 0 8326 4182 0 0 
_1.ptx 2047 : 51 260 1632 0 0 51 51 0 0 
_1.ptx 306 : 132651 683373 0 4182 4182 0 0 0 0 
_1.ptx 307 : 132651 1368775 0 0 0 0 0 0 0 
_1.ptx 308 : 132651 1376673 0 0 0 0 0 0 0 
_1.ptx 2050 : 26112 161696 0 0 0 0 0 0 0 
_1.ptx 309 : 132651 1117872 0 0 0 0 0 0 0 
_1.ptx 310 : 132651 710086 0 0 0 0 0 0 51 
_1.ptx 2052 : 52224 383424 0 0 0 0 0 0 0 
_1.ptx 2053 : 52224 344480 0 0 0 0 0 0 0 
_1.ptx 312 : 26112 177888 0 0 0 0 0 0 0 
_1.ptx 2054 : 52224 341152 0 0 0 0 0 0 0 
_1.ptx 2055 : 52224 424096 0 0 0 0 0 0 0 
_1.ptx 314 : 26112 174976 0 0 0 0 0 0 0 
_1.ptx 2056 : 52224 389696 0 0 0 0 0 0 0 
_1.ptx 2057 : 52224 641248 0 0 0 0 0 0 0 
_1.ptx 316 : 26112 206496 0 0 0 0 0 0 0 
_1.ptx 2058 : 52224 371808 0 0 0 0 0 0 0 
_1.ptx 317 : 26112 87296 0 0 0 0 0 0 0 
_1.ptx 2059 : 52224 0 0 0 0 0 0 0 0 
_1.ptx 318 : 26112 223104 0 0 0 0 0 0 0 
_1.ptx 2060 : 52224 374080 0 0 0 0 0 0 0 
_1.ptx 319 : 26112 0 0 0 0 0 0 0 0 
_1.ptx 2061 : 52224 549472 0 0 0 0 0 0 0 
_1.ptx 320 : 26112 297600 0 0 0 0 0 0 0 
_1.ptx 2062 : 52224 581504 0 0 0 0 0 0 0 
_1.ptx 321 : 26112 275424 0 0 0 0 0 0 0 
_1.ptx 2063 : 52224 319840 0 0 0 0 0 0 0 
_1.ptx 322 : 26112 211264 0 0 0 0 0 0 0 
_1.ptx 2064 : 52224 426208 0 0 0 0 0 0 0 
_1.ptx 323 : 26112 189792 0 0 0 0 0 0 0 
_1.ptx 2065 : 52224 376800 0 0 0 0 0 0 0 
_1.ptx 324 : 26112 223744 0 0 0 0 0 0 0 
_1.ptx 2066 : 52224 425376 0 0 0 0 0 0 0 
_1.ptx 325 : 26112 296768 0 0 0 0 0 0 0 
_1.ptx 2067 : 52224 321568 0 0 0 0 0 0 0 
_1.ptx 326 : 26112 207008 0 0 0 0 0 0 0 
_1.ptx 2068 : 52224 425824 0 0 0 0 0 0 0 
_1.ptx 327 : 26112 208192 0 0 0 0 0 0 0 
_1.ptx 2069 : 52224 323168 0 0 0 0 0 0 0 
_1.ptx 328 : 26112 271648 0 0 0 0 0 0 0 
_1.ptx 329 : 26112 113856 0 0 0 0 0 0 0 
_1.ptx 330 : 26112 294112 0 0 0 0 0 0 0 
_1.ptx 331 : 26112 751872 128 0 0 0 0 0 0 
_1.ptx 332 : 26112 90624 0 0 0 0 0 0 0 
_1.ptx 333 : 26112 92800 0 0 0 0 0 0 0 
_1.ptx 334 : 26112 92160 0 0 0 0 0 0 0 
_1.ptx 335 : 26112 196736 0 0 0 0 0 0 0 
_1.ptx 339 : 875211 9251846 0 0 0 0 0 0 0 
_1.ptx 340 : 875211 7549610 0 0 0 0 0 0 0 
_1.ptx 341 : 875211 6831514 0 0 0 0 0 0 0 
_1.ptx 343 : 875211 133265954 0 0 0 0 0 0 0 
_1.ptx 344 : 875211 9379490 0 0 0 0 0 0 0 
_1.ptx 345 : 875211 6376522 0 0 0 0 0 0 0 
_1.ptx 346 : 875211 7548462 0 0 0 0 0 0 0 
_1.ptx 347 : 875211 6022150 0 0 0 0 0 0 6681 
_1.ptx 349 : 6681 52047 0 0 0 0 0 0 0 
_1.ptx 351 : 6681 52557 0 0 0 0 0 0 0 
_1.ptx 354 : 875211 9976279 0 0 0 0 0 0 0 
_1.ptx 355 : 875211 9308808 0 0 0 0 0 0 0 
_1.ptx 356 : 875211 10060457 0 0 0 0 0 0 0 
_1.ptx 357 : 875211 7640988 0 0 0 0 0 0 0 
_1.ptx 358 : 875211 9549133 0 0 0 0 0 0 0 
_1.ptx 359 : 875211 6335484 0 0 0 0 0 0 0 
_1.ptx 360 : 875211 8288547 0 0 0 0 0 0 0 
_1.ptx 361 : 875211 6930146 0 0 0 0 0 0 0 
_1.ptx 362 : 875211 7597367 0 0 0 0 0 0 0 
_1.ptx 363 : 875211 8333947 0 0 0 0 0 0 0 
_1.ptx 364 : 875211 7499353 0 0 0 0 0 0 0 
_1.ptx 365 : 875211 0 0 0 0 0 0 0 0 
_1.ptx 366 : 875211 3666205 0 0 0 0 0 0 0 
_1.ptx 367 : 875211 9971781 0 0 0 0 0 0 0 
_1.ptx 368 : 875211 9194936 0 0 0 0 0 0 0 
_1.ptx 369 : 875211 3705963 0 0 0 0 0 0 0 
_1.ptx 370 : 875211 7543664 0 0 0 0 0 0 0 
_1.ptx 371 : 875211 8304955 0 0 0 0 0 0 0 
_1.ptx 372 : 875211 10043079 0 0 0 0 0 0 0 
_1.ptx 373 : 875211 9237185 0 0 0 0 0 0 0 
_1.ptx 374 : 875211 3802064 0 0 0 0 0 0 0 
_1.ptx 375 : 875211 9991854 0 0 0 0 0 0 0 
_1.ptx 376 : 875211 7786330 0 0 0 0 0 0 0 
_1.ptx 377 : 875211 9305203 0 0 0 0 0 0 0 
_1.ptx 378 : 875211 9443477 0 0 0 0 0 0 0 
_1.ptx 379 : 875211 6423685 0 0 0 0 0 0 0 
_1.ptx 380 : 875211 8339191 0 0 0 0 0 0 0 
_1.ptx 381 : 875211 7586611 0 0 0 0 0 0 0 
_1.ptx 382 : 875211 6277731 0 0 0 0 0 0 0 
_1.ptx 383 : 875211 6962179 0 0 0 0 0 0 0 
_1.ptx 386 : 27599211 0 0 0 0 0 0 0 0 
_1.ptx 387 : 27599211 316669689 0 0 0 0 0 0 0 
_1.ptx 388 : 27599211 291566451 0 0 0 0 0 0 0 
_1.ptx 389 : 27599211 315064890 0 0 0 0 0 0 0 
_1.ptx 390 : 27599211 321221794 0 0 0 0 0 0 0 
_1.ptx 391 : 27599211 359280131 0 0 0 0 0 0 0 
_1.ptx 392 : 27599211 359290145 0 0 0 0 0 0 0 
_1.ptx 393 : 27599211 293116998 0 0 0 0 0 0 0 
_1.ptx 394 : 27599211 325921892 0 0 0 0 0 0 0 
_1.ptx 395 : 27599211 324351622 0 0 0 0 0 0 0 
_1.ptx 396 : 27599211 312825215 0 0 0 0 0 0 0 
_1.ptx 397 : 27599211 151107179 0 0 0 0 0 0 0 
_1.ptx 398 : 27599211 292109928 0 0 0 0 0 0 0 
_1.ptx 399 : 27599211 314543708 0 0 0 0 0 0 0 
_1.ptx 400 : 27599211 316670695 0 0 0 0 0 0 0 
_1.ptx 401 : 27599211 313213270 0 0 0 0 0 0 0 
_1.ptx 402 : 27599211 315306712 0 0 0 0 0 0 0 
_1.ptx 403 : 27599211 320125706 0 0 0 0 0 0 0 
_1.ptx 404 : 27599211 216718412 0 0 0 0 0 0 0 
_1.ptx 405 : 27599211 287536437 0 0 0 0 0 0 0 
_1.ptx 406 : 27599211 318190235 0 0 0 0 0 0 0 
_1.ptx 407 : 27599211 221126767 0 0 0 0 0 0 0 
_1.ptx 408 : 27599211 285797291 0 0 0 0 0 0 0 
_1.ptx 409 : 27599211 315558446 0 0 0 0 0 0 0 
_1.ptx 410 : 27599211 220562616 0 0 0 0 0 0 0 
_1.ptx 414 : 870323211 7522087865 5734784 0 0 54557046 35941740 0 0 
_1.ptx 415 : 870323211 8432368571 0 36316794 35941740 0 0 0 0 
_1.ptx 416 : 870323211 11606467582 0 0 0 0 0 0 0 
_1.ptx 417 : 870323211 9102666651 0 0 0 0 0 0 0 
_1.ptx 418 : 870323211 9328757569 0 0 0 0 0 0 0 
_1.ptx 419 : 870323211 9332806085 0 0 0 0 0 0 0 
_1.ptx 420 : 870323211 7550943462 0 0 0 0 0 0 0 
_1.ptx 421 : 870323211 5908734586 0 0 0 0 0 0 18944970 
_1.ptx 2164 : 52224 322400 0 0 0 0 0 0 0 
_1.ptx 423 : 27599211 294424906 0 0 0 0 0 0 0 
_1.ptx 424 : 27599211 240348504 0 0 0 0 0 0 0 
_1.ptx 425 : 27599211 184595862 0 0 0 0 0 0 4947 
_1.ptx 426 : 875211 6286409 0 0 0 0 0 0 0 
_1.ptx 431 : 875211 5274728 3502272 0 0 27387 27387 0 0 
_1.ptx 432 : 875211 9140898 0 0 0 0 0 0 0 
_1.ptx 433 : 875211 9330465 0 0 0 0 0 0 0 
_1.ptx 434 : 875211 7509899 0 0 0 0 0 0 0 
_1.ptx 435 : 875211 5915033 0 0 0 0 0 0 51 
_1.ptx 436 : 26112 186080 0 0 0 0 0 0 0 
_1.ptx 441 : 26112 184768 0 0 0 0 0 0 0 
_1.ptx 443 : 26112 198112 0 0 0 0 0 0 0 
_1.ptx 444 : 26112 80576 0 0 0 0 0 0 0 
_1.ptx 445 : 26112 211200 0 0 0 0 0 0 0 
_1.ptx 446 : 26112 0 0 0 0 0 0 0 0 
_1.ptx 447 : 26112 288992 0 0 0 0 0 0 0 
_1.ptx 448 : 26112 264608 0 0 0 0 0 0 0 
_1.ptx 449 : 26112 188704 0 0 0 0 0 0 0 
_1.ptx 450 : 26112 164416 0 0 0 0 0 0 0 
_1.ptx 451 : 26112 210880 0 0 0 0 0 0 0 
_1.ptx 452 : 26112 289632 0 0 0 0 0 0 0 
_1.ptx 453 : 26112 186720 0 0 0 0 0 0 0 
_1.ptx 454 : 26112 185728 0 0 0 0 0 0 0 
_1.ptx 455 : 26112 79648 0 0 0 0 0 0 0 
_1.ptx 456 : 26112 263584 0 0 0 0 0 0 0 
_1.ptx 457 : 26112 321856 0 0 0 0 0 0 0 
_1.ptx 458 : 26112 2220864 3328 0 0 0 0 0 0 
_1.ptx 459 : 26112 291328 0 0 0 0 0 0 0 
_1.ptx 460 : 26112 80928 0 0 0 0 0 0 0 
_1.ptx 461 : 26112 191392 0 0 0 0 0 0 0 
_1.ptx 465 : 1707939 17287720 0 0 0 0 0 0 0 
_1.ptx 466 : 1707939 13815134 0 0 0 0 0 0 0 
_1.ptx 467 : 1707939 17286613 0 0 0 0 0 0 0 
_1.ptx 469 : 1707939 262117696 0 0 0 0 0 0 0 
_1.ptx 470 : 1707939 10533668 0 0 0 0 0 0 0 
_1.ptx 471 : 1707939 13811550 0 0 0 0 0 0 0 
_1.ptx 472 : 1707939 10370231 0 0 0 0 0 0 9333 
_1.ptx 474 : 9333 94408 0 0 0 0 0 0 0 
_1.ptx 476 : 9333 94393 0 0 0 0 0 0 0 
_1.ptx 479 : 1707939 13822287 0 0 0 0 0 0 0 
_1.ptx 480 : 1707939 2904927 0 0 0 0 0 0 18105 
_1.ptx 481 : 1231956 3784575 0 0 0 0 0 0 0 
_1.ptx 482 : 1231956 13642384 0 0 0 0 0 0 0 
_1.ptx 483 : 1231956 9964401 0 0 0 0 0 0 0 
_1.ptx 484 : 1231956 2908407 0 0 0 0 0 0 9027 
_1.ptx 485 : 755973 2304737 0 0 0 0 0 0 0 
_1.ptx 486 : 755973 7663607 0 0 0 0 0 0 0 
_1.ptx 487 : 755973 6138169 0 0 0 0 0 0 0 
_1.ptx 488 : 755973 1290219 0 0 0 0 0 0 0 
_1.ptx 489 : 545292 1655388 0 0 0 0 0 0 0 
_1.ptx 490 : 545292 6035741 0 0 0 0 0 0 0 
_1.ptx 491 : 545292 4410567 0 0 0 0 0 0 0 
_1.ptx 492 : 545292 1294032 0 0 0 0 0 0 0 
_1.ptx 494 : 334611 1372582 0 0 0 0 0 0 0 
_1.ptx 495 : 334611 3702001 0 0 0 0 0 0 0 
_1.ptx 496 : 334611 3988637 0 0 0 0 0 0 0 
_1.ptx 497 : 334611 3700015 0 0 0 0 0 0 0 
_1.ptx 498 : 334611 3699093 0 0 0 0 0 0 0 
_1.ptx 499 : 334611 2383235 0 0 0 0 0 0 0 
_1.ptx 500 : 334611 3620945 0 0 0 0 0 0 0 
_1.ptx 501 : 334611 3698326 0 0 0 0 0 0 0 
_1.ptx 502 : 334611 89432156 1111680 0 0 24174 14433 0 0 
_1.ptx 503 : 334611 1702784 834528 0 0 14433 14433 0 0 
_1.ptx 504 : 334611 2029714 0 0 0 0 0 0 0 
_1.ptx 508 : 1373328 8364368 0 0 0 0 0 0 0 
_1.ptx 509 : 1373328 7116121 6196032 0 0 66096 66096 0 0 
_1.ptx 511 : 1707939 17286105 0 0 0 0 0 0 0 
_1.ptx 512 : 1707939 17248550 0 0 0 0 0 0 0 
_1.ptx 513 : 1707939 13839258 0 0 0 0 0 0 0 
_1.ptx 514 : 1707939 10273504 0 0 0 0 0 0 51 
_1.ptx 517 : 26112 160576 0 0 0 0 0 0 0 
_1.ptx 519 : 26112 187168 0 0 0 0 0 0 0 
_1.ptx 520 : 26112 864192 0 0 0 0 0 0 0 
_1.ptx 521 : 26112 210944 0 0 0 0 0 0 0 
_1.ptx 522 : 26112 102548 0 0 0 0 0 0 51 
_1.ptx 523 : 9333 102883 0 0 0 0 0 0 0 
_1.ptx 524 : 9333 93490 0 0 0 0 0 0 0 
_1.ptx 525 : 9333 65555 0 0 0 0 0 0 0 
_1.ptx 526 : 9333 58686 0 0 0 0 0 0 0 
_1.ptx 527 : 9333 75912 0 0 0 0 0 0 0 
_1.ptx 528 : 9333 102695 0 0 0 0 0 0 0 
_1.ptx 529 : 9333 66544 0 0 0 0 0 0 0 
_1.ptx 530 : 9333 27999 0 0 0 0 0 0 0 
_1.ptx 531 : 9333 134551 0 0 0 0 0 0 0 
_1.ptx 532 : 9333 139958 0 0 0 0 0 0 0 
_1.ptx 533 : 9333 65523 0 0 0 0 0 0 0 
_1.ptx 537 : 9333 66296 0 0 0 0 0 0 0 
_1.ptx 538 : 9333 67656 0 0 0 0 0 0 0 
_1.ptx 539 : 9333 106278 0 0 0 0 0 0 0 
_1.ptx 540 : 9333 76027 0 0 0 0 0 0 0 
_1.ptx 541 : 9333 0 0 0 0 0 0 0 0 
_1.ptx 542 : 9333 66378 0 0 0 0 0 0 0 
_1.ptx 543 : 9333 39075 0 0 0 0 0 0 0 
_1.ptx 544 : 9333 66379 0 0 0 0 0 0 0 
_1.ptx 545 : 9333 98356 0 0 0 0 0 0 0 
_1.ptx 546 : 9333 105239 0 0 0 0 0 0 0 
_1.ptx 547 : 9333 60597 0 0 0 0 0 0 0 
_1.ptx 548 : 9333 72348 0 0 0 0 0 0 0 
_1.ptx 552 : 1707939 2344831669 6505216 0 0 1707939 55998 0 0 
_1.ptx 553 : 1707939 18804950 0 0 0 0 0 0 0 
_1.ptx 554 : 1707939 1391448856 3840 0 0 1707939 55998 0 0 
_1.ptx 556 : 1707939 12167907 0 0 0 0 0 0 0 
_1.ptx 557 : 1707939 17282724 0 0 0 0 0 0 0 
_1.ptx 558 : 1707939 17326304 0 0 0 0 0 0 0 
_1.ptx 559 : 1707939 13878998 0 0 0 0 0 0 0 
_1.ptx 560 : 1707939 10229836 0 0 0 0 0 0 0 
_1.ptx 562 : 9333 93720 0 0 0 0 0 0 0 
_1.ptx 563 : 9333 102883 0 0 0 0 0 0 0 
_1.ptx 564 : 9333 74847 0 0 0 0 0 0 0 
_1.ptx 565 : 9333 0 0 0 0 0 0 0 0 
_1.ptx 568 : 26112 160096 0 0 0 0 0 0 0 
_1.ptx 570 : 26112 198144 0 0 0 0 0 0 0 
_1.ptx 571 : 26112 88896 0 0 0 0 0 0 0 
_1.ptx 572 : 26112 213152 0 0 0 0 0 0 0 
_1.ptx 573 : 26112 0 0 0 0 0 0 0 0 
_1.ptx 574 : 26112 289472 0 0 0 0 0 0 0 
_1.ptx 575 : 26112 263360 0 0 0 0 0 0 0 
_1.ptx 576 : 26112 187008 0 0 0 0 0 0 0 
_1.ptx 577 : 26112 158880 0 0 0 0 0 0 0 
_1.ptx 578 : 26112 211072 0 0 0 0 0 0 0 
_1.ptx 579 : 26112 288608 0 0 0 0 0 0 0 
_1.ptx 580 : 26112 186144 0 0 0 0 0 0 0 
_1.ptx 581 : 26112 186624 0 0 0 0 0 0 0 
_1.ptx 582 : 26112 284032 0 0 0 0 0 0 0 
_1.ptx 583 : 26112 124288 0 0 0 0 0 0 0 
_1.ptx 584 : 26112 122080 0 0 0 0 0 0 0 
_1.ptx 585 : 26112 291008 0 0 0 0 0 0 0 
_1.ptx 586 : 26112 87680 0 0 0 0 0 0 0 
_1.ptx 587 : 26112 88352 0 0 0 0 0 0 0 
_1.ptx 588 : 26112 88160 0 0 0 0 0 0 0 
_1.ptx 589 : 26112 85984 0 0 0 0 0 0 0 
_1.ptx 590 : 26112 186528 0 0 0 0 0 0 0 
_1.ptx 594 : 1222623 12305822 0 0 0 0 0 0 0 
_1.ptx 595 : 1222623 9863739 0 0 0 0 0 0 0 
_1.ptx 596 : 1222623 12342644 0 0 0 0 0 0 0 
_1.ptx 598 : 1222623 188255056 0 0 0 0 0 0 0 
_1.ptx 599 : 1222623 7452856 0 0 0 0 0 0 0 
_1.ptx 600 : 1222623 9882274 0 0 0 0 0 0 0 
_1.ptx 601 : 1222623 7358527 0 0 0 0 0 0 9333 
_1.ptx 603 : 9333 94040 0 0 0 0 0 0 0 
_1.ptx 605 : 9333 93734 0 0 0 0 0 0 0 
_1.ptx 608 : 1222623 13500154 0 0 0 0 0 0 0 
_1.ptx 609 : 1222623 13482185 0 0 0 0 0 0 0 
_1.ptx 610 : 1222623 12345115 0 0 0 0 0 0 0 
_1.ptx 611 : 1222623 14066269 0 0 0 0 0 0 0 
_1.ptx 612 : 1222623 13500041 0 0 0 0 0 0 0 
_1.ptx 613 : 1222623 8657470 0 0 0 0 0 0 0 
_1.ptx 614 : 1222623 12803925 0 0 0 0 0 0 0 
_1.ptx 615 : 1222623 13492597 0 0 0 0 0 0 0 
_1.ptx 616 : 1222623 398206876 6077824 0 0 85221 38250 0 0 
_1.ptx 617 : 1222623 6177157 4891104 0 0 38250 38250 0 0 
_1.ptx 618 : 1222623 12291131 0 0 0 0 0 0 0 
_1.ptx 619 : 1222623 12328318 0 0 0 0 0 0 0 
_1.ptx 620 : 1222623 9898166 0 0 0 0 0 0 0 
_1.ptx 621 : 1222623 7281090 0 0 0 0 0 0 51 
_1.ptx 624 : 26112 160800 0 0 0 0 0 0 0 
_1.ptx 626 : 26112 189216 0 0 0 0 0 0 0 
_1.ptx 627 : 26112 705216 256 0 0 0 0 0 0 
_1.ptx 628 : 26112 211616 0 0 0 0 0 0 0 
_1.ptx 629 : 26112 0 0 0 0 0 0 0 0 
_1.ptx 630 : 26112 291264 0 0 0 0 0 0 0 
_1.ptx 631 : 26112 264416 0 0 0 0 0 0 0 
_1.ptx 632 : 26112 191168 0 0 0 0 0 0 0 
_1.ptx 633 : 26112 164480 0 0 0 0 0 0 0 
_1.ptx 634 : 26112 212896 0 0 0 0 0 0 0 
_1.ptx 635 : 26112 291104 0 0 0 0 0 0 0 
_1.ptx 636 : 26112 187200 0 0 0 0 0 0 0 
_1.ptx 637 : 26112 187392 0 0 0 0 0 0 0 
_1.ptx 638 : 26112 315936 0 0 0 0 0 0 0 
_1.ptx 639 : 26112 112288 0 0 0 0 0 0 0 
_1.ptx 640 : 26112 111168 0 0 0 0 0 0 0 
_1.ptx 641 : 26112 289056 0 0 0 0 0 0 0 
_1.ptx 642 : 26112 86560 0 0 0 0 0 0 0 
_1.ptx 643 : 26112 85120 0 0 0 0 0 0 0 
_1.ptx 644 : 26112 85248 0 0 0 0 0 0 0 
_1.ptx 645 : 26112 87264 0 0 0 0 0 0 0 
_1.ptx 646 : 26112 185536 0 0 0 0 0 0 0 
_1.ptx 650 : 1222623 12322191 0 0 0 0 0 0 0 
_1.ptx 651 : 1222623 9880305 0 0 0 0 0 0 0 
_1.ptx 652 : 1222623 12392212 0 0 0 0 0 0 0 
_1.ptx 654 : 1222623 188296329 0 0 0 0 0 0 0 
_1.ptx 655 : 1222623 7468969 0 0 0 0 0 0 0 
_1.ptx 656 : 1222623 9888652 0 0 0 0 0 0 0 
_1.ptx 657 : 1222623 7373330 0 0 0 0 0 0 9333 
_1.ptx 659 : 9333 94403 0 0 0 0 0 0 0 
_1.ptx 661 : 9333 93736 0 0 0 0 0 0 0 
_1.ptx 664 : 1222623 13506133 0 0 0 0 0 0 0 
_1.ptx 665 : 1222623 13473397 0 0 0 0 0 0 0 
_1.ptx 666 : 1222623 12362582 0 0 0 0 0 0 0 
_1.ptx 667 : 1222623 14104086 0 0 0 0 0 0 0 
_1.ptx 668 : 1222623 13506101 0 0 0 0 0 0 0 
_1.ptx 669 : 1222623 8718270 0 0 0 0 0 0 0 
_1.ptx 670 : 1222623 12770320 0 0 0 0 0 0 0 
_1.ptx 671 : 1222623 13494741 0 0 0 0 0 0 0 
_1.ptx 672 : 1222623 384737756 6345856 0 0 80478 38250 0 0 
_1.ptx 673 : 1222623 6155333 4891104 0 0 38250 38250 0 0 
_1.ptx 674 : 1222623 12528451 0 0 0 0 0 0 0 
_1.ptx 675 : 1222623 12287225 0 0 0 0 0 0 0 
_1.ptx 676 : 1222623 9865748 0 0 0 0 0 0 0 
_1.ptx 677 : 1222623 7296078 0 0 0 0 0 0 51 
_1.ptx 678 : 26112 162848 0 0 0 0 0 0 0 
_1.ptx 683 : 26112 161568 0 0 0 0 0 0 0 
_1.ptx 685 : 26112 194304 0 0 0 0 0 0 0 
_1.ptx 686 : 26112 0 0 0 0 0 0 0 0 
_1.ptx 687 : 26112 293632 0 0 0 0 0 0 0 
_1.ptx 688 : 26112 265344 0 0 0 0 0 0 0 
_1.ptx 689 : 26112 190336 0 0 0 0 0 0 0 
_1.ptx 690 : 26112 163744 0 0 0 0 0 0 0 
_1.ptx 691 : 26112 213152 0 0 0 0 0 0 0 
_1.ptx 692 : 26112 290176 0 0 0 0 0 0 0 
_1.ptx 693 : 26112 187936 0 0 0 0 0 0 0 
_1.ptx 694 : 26112 188992 0 0 0 0 0 0 0 
_1.ptx 695 : 26112 275232 0 0 0 0 0 0 0 
_1.ptx 696 : 26112 107104 0 0 0 0 0 0 0 
_1.ptx 697 : 26112 107040 0 0 0 0 0 0 0 
_1.ptx 698 : 26112 291872 0 0 0 0 0 0 0 
_1.ptx 699 : 26112 296864 0 0 0 0 0 0 0 
_1.ptx 700 : 26112 209120 0 0 0 0 0 0 0 
_1.ptx 704 : 1222623 390929295 4896000 0 0 38250 38250 0 0 
_1.ptx 705 : 1222623 390814509 4863360 0 0 38250 38250 0 0 
_1.ptx 706 : 1222623 13470958 0 0 0 0 0 0 0 
_1.ptx 707 : 1222623 6292712 0 0 0 38250 38250 0 0 
_1.ptx 708 : 1222623 12243983 0 0 0 0 0 0 0 
_1.ptx 709 : 1222623 12245709 0 0 0 0 0 0 0 
_1.ptx 710 : 1222623 12313000 0 0 0 0 0 0 0 
_1.ptx 711 : 1222623 9800283 0 0 0 0 0 0 0 
_1.ptx 712 : 1222623 7206825 0 0 0 0 0 0 51 
_1.ptx 715 : 26112 160928 0 0 0 0 0 0 0 
_1.ptx 717 : 26112 194176 0 0 0 0 0 0 0 
_1.ptx 718 : 26112 216224 0 0 0 0 0 0 0 
_1.ptx 719 : 26112 117444 0 0 0 0 0 0 51 
_1.ptx 720 : 6681 73587 0 0 0 0 0 0 0 
_1.ptx 721 : 6681 66810 0 0 0 0 0 0 0 
_1.ptx 722 : 6681 47261 0 0 0 0 0 0 0 
_1.ptx 723 : 6681 41078 0 0 0 0 0 0 0 
_1.ptx 724 : 6681 53576 0 0 0 0 0 0 0 
_1.ptx 725 : 6681 73555 0 0 0 0 0 0 0 
_1.ptx 726 : 6681 47125 0 0 0 0 0 0 0 
_1.ptx 727 : 6681 48402 0 0 0 0 0 0 0 
_1.ptx 731 : 6681 47954 0 0 0 0 0 0 0 
_1.ptx 732 : 6681 73663 0 0 0 0 0 0 0 
_1.ptx 733 : 6681 53512 0 0 0 0 0 0 0 
_1.ptx 734 : 6681 0 0 0 0 0 0 0 0 
_1.ptx 735 : 6681 47471 0 0 0 0 0 0 0 
_1.ptx 736 : 6681 69370 0 0 0 0 0 0 0 
_1.ptx 737 : 6681 27844 0 0 0 0 0 0 0 
_1.ptx 738 : 6681 48290 0 0 0 0 0 0 0 
_1.ptx 739 : 6681 77209 0 0 0 0 0 0 0 
_1.ptx 740 : 6681 74859 0 0 0 0 0 0 0 
_1.ptx 741 : 6681 42249 0 0 0 0 0 0 0 
_1.ptx 745 : 1222623 376892725 4533632 0 0 83385 46665 0 0 
_1.ptx 746 : 1222623 13540322 0 0 0 0 0 0 0 
_1.ptx 747 : 1222623 7565786 0 0 0 83385 46665 0 0 
_1.ptx 749 : 1222623 9410810 0 0 0 0 0 0 0 
_1.ptx 750 : 1222623 13628927 0 0 0 0 0 0 0 
_1.ptx 751 : 1222623 13689453 0 0 0 0 0 0 0 
_1.ptx 752 : 1222623 9997305 0 0 0 0 0 0 0 
_1.ptx 753 : 1222623 7580061 0 0 0 0 0 0 0 
_1.ptx 755 : 6681 68263 0 0 0 0 0 0 0 
_1.ptx 756 : 6681 55136 0 0 0 0 0 0 0 
_1.ptx 757 : 6681 0 0 0 0 0 0 0 0 
_1.ptx 760 : 26112 160608 0 0 0 0 0 0 0 
_1.ptx 762 : 26112 190944 0 0 0 0 0 0 0 
_1.ptx 763 : 26112 79296 0 0 0 0 0 0 0 
_1.ptx 764 : 26112 211264 0 0 0 0 0 0 0 
_1.ptx 765 : 26112 0 0 0 0 0 0 0 0 
_1.ptx 766 : 26112 290848 0 0 0 0 0 0 0 
_1.ptx 767 : 26112 263520 0 0 0 0 0 0 0 
_1.ptx 768 : 26112 189728 0 0 0 0 0 0 0 
_1.ptx 769 : 26112 164320 0 0 0 0 0 0 0 
_1.ptx 770 : 26112 212896 0 0 0 0 0 0 0 
_1.ptx 771 : 26112 289344 0 0 0 0 0 0 0 
_1.ptx 772 : 26112 188640 0 0 0 0 0 0 0 
_1.ptx 773 : 26112 186432 0 0 0 0 0 0 0 
_1.ptx 774 : 26112 280160 0 0 0 0 0 0 0 
_1.ptx 775 : 26112 2073312 3200 0 0 0 0 0 0 
_1.ptx 776 : 26112 109696 0 0 0 0 0 0 0 
_1.ptx 777 : 26112 288512 0 0 0 0 0 0 0 
_1.ptx 778 : 26112 79488 0 0 0 0 0 0 0 
_1.ptx 779 : 26112 79264 0 0 0 0 0 0 0 
_1.ptx 780 : 26112 79968 0 0 0 0 0 0 0 
_1.ptx 781 : 26112 188960 0 0 0 0 0 0 0 
_1.ptx 785 : 875211 8822130 0 0 0 0 0 0 0 
_1.ptx 786 : 875211 7062236 0 0 0 0 0 0 0 
_1.ptx 787 : 875211 8860352 0 0 0 0 0 0 0 
_1.ptx 789 : 875211 135310954 0 0 0 0 0 0 0 
_1.ptx 790 : 875211 5347247 0 0 0 0 0 0 0 
_1.ptx 791 : 875211 7092732 0 0 0 0 0 0 0 
_1.ptx 792 : 875211 5282883 0 0 0 0 0 0 6681 
_1.ptx 794 : 6681 67467 0 0 0 0 0 0 0 
_1.ptx 796 : 6681 67061 0 0 0 0 0 0 0 
_1.ptx 799 : 875211 9660939 0 0 0 0 0 0 0 
_1.ptx 800 : 875211 9672281 0 0 0 0 0 0 0 
_1.ptx 801 : 875211 8845198 0 0 0 0 0 0 0 
_1.ptx 802 : 875211 10124820 0 0 0 0 0 0 0 
_1.ptx 803 : 875211 9651353 0 0 0 0 0 0 0 
_1.ptx 804 : 875211 6178893 0 0 0 0 0 0 0 
_1.ptx 805 : 875211 9151756 0 0 0 0 0 0 0 
_1.ptx 806 : 875211 9660802 0 0 0 0 0 0 0 
_1.ptx 807 : 875211 259057576 3336576 0 0 54774 27387 0 0 
_1.ptx 808 : 875211 4412479 3502272 0 0 27387 27387 0 0 
_1.ptx 809 : 875211 8937406 0 0 0 0 0 0 0 
_1.ptx 810 : 875211 8840199 0 0 0 0 0 0 0 
_1.ptx 811 : 875211 7089594 0 0 0 0 0 0 0 
_1.ptx 812 : 875211 5184422 0 0 0 0 0 0 51 
_1.ptx 815 : 26112 160672 0 0 0 0 0 0 0 
_1.ptx 817 : 26112 189280 0 0 0 0 0 0 0 
_1.ptx 818 : 26112 708736 256 0 0 0 0 0 0 
_1.ptx 819 : 26112 209632 0 0 0 0 0 0 0 
_1.ptx 820 : 26112 0 0 0 0 0 0 0 0 
_1.ptx 821 : 26112 289376 0 0 0 0 0 0 0 
_1.ptx 822 : 26112 263936 0 0 0 0 0 0 0 
_1.ptx 823 : 26112 187968 0 0 0 0 0 0 0 
_1.ptx 824 : 26112 161600 0 0 0 0 0 0 0 
_1.ptx 825 : 26112 213824 0 0 0 0 0 0 0 
_1.ptx 826 : 26112 288480 0 0 0 0 0 0 0 
_1.ptx 827 : 26112 187712 0 0 0 0 0 0 0 
_1.ptx 828 : 26112 186272 0 0 0 0 0 0 0 
_1.ptx 829 : 26112 275712 0 0 0 0 0 0 0 
_1.ptx 830 : 26112 110048 0 0 0 0 0 0 0 
_1.ptx 831 : 26112 111264 0 0 0 0 0 0 0 
_1.ptx 832 : 26112 290112 0 0 0 0 0 0 0 
_1.ptx 833 : 26112 91328 0 0 0 0 0 0 0 
_1.ptx 834 : 26112 90912 0 0 0 0 0 0 0 
_1.ptx 835 : 26112 91936 0 0 0 0 0 0 0 
_1.ptx 836 : 26112 190912 0 0 0 0 0 0 0 
_1.ptx 840 : 875211 8807584 0 0 0 0 0 0 0 
_1.ptx 841 : 875211 7045665 0 0 0 0 0 0 0 
_1.ptx 842 : 875211 8839575 0 0 0 0 0 0 0 
_1.ptx 844 : 875211 134641162 0 0 0 0 0 0 0 
_1.ptx 845 : 875211 5320271 0 0 0 0 0 0 0 
_1.ptx 846 : 875211 7058113 0 0 0 0 0 0 0 
_1.ptx 847 : 875211 5268122 0 0 0 0 0 0 6681 
_1.ptx 849 : 6681 67228 0 0 0 0 0 0 0 
_1.ptx 851 : 6681 67009 0 0 0 0 0 0 0 
_1.ptx 854 : 875211 9654914 0 0 0 0 0 0 0 
_1.ptx 855 : 875211 9642868 0 0 0 0 0 0 0 
_1.ptx 856 : 875211 8892544 0 0 0 0 0 0 0 
_1.ptx 857 : 875211 10058450 0 0 0 0 0 0 0 
_1.ptx 858 : 875211 9656194 0 0 0 0 0 0 0 
_1.ptx 859 : 875211 6188835 0 0 0 0 0 0 0 
_1.ptx 860 : 875211 9138727 0 0 0 0 0 0 0 
_1.ptx 861 : 875211 9649826 0 0 0 0 0 0 0 
_1.ptx 862 : 875211 263498285 3442048 0 0 27387 27387 0 0 
_1.ptx 863 : 875211 4396882 3502272 0 0 27387 27387 0 0 
_1.ptx 864 : 875211 8784941 0 0 0 0 0 0 0 
_1.ptx 865 : 875211 8787725 0 0 0 0 0 0 0 
_1.ptx 866 : 875211 7048498 0 0 0 0 0 0 0 
_1.ptx 867 : 875211 5161441 0 0 0 0 0 0 51 
_1.ptx 870 : 26112 161120 0 0 0 0 0 0 0 
_1.ptx 872 : 26112 199072 0 0 0 0 0 0 0 
_1.ptx 873 : 26112 0 0 0 0 0 0 0 0 
_1.ptx 874 : 26112 293312 0 0 0 0 0 0 0 
_1.ptx 875 : 26112 263392 0 0 0 0 0 0 0 
_1.ptx 876 : 26112 190112 0 0 0 0 0 0 0 
_1.ptx 877 : 26112 164128 0 0 0 0 0 0 0 
_1.ptx 878 : 26112 212416 0 0 0 0 0 0 0 
_1.ptx 879 : 26112 288768 0 0 0 0 0 0 0 
_1.ptx 880 : 26112 187872 0 0 0 0 0 0 0 
_1.ptx 881 : 26112 192416 0 0 0 0 0 0 0 
_1.ptx 882 : 26112 271392 0 0 0 0 0 0 0 
_1.ptx 883 : 26112 109184 0 0 0 0 0 0 0 
_1.ptx 884 : 26112 111744 0 0 0 0 0 0 0 
_1.ptx 885 : 26112 292608 0 0 0 0 0 0 0 
_1.ptx 886 : 26112 293888 0 0 0 0 0 0 0 
_1.ptx 887 : 26112 199328 0 0 0 0 0 0 0 
_1.ptx 891 : 875211 284605732 3499520 0 0 27387 27387 0 0 
_1.ptx 892 : 875211 275478397 3207552 0 0 27387 27387 0 0 
_1.ptx 893 : 875211 9640678 0 0 0 0 0 0 0 
_1.ptx 894 : 875211 4440288 0 0 0 27387 27387 0 0 
_1.ptx 895 : 875211 8758112 0 0 0 0 0 0 0 
_1.ptx 896 : 875211 8757865 0 0 0 0 0 0 0 
_1.ptx 897 : 875211 8833618 0 0 0 0 0 0 0 
_1.ptx 898 : 875211 7023053 0 0 0 0 0 0 0 
_1.ptx 899 : 875211 5115096 0 0 0 0 0 0 51 
_1.ptx 902 : 26112 161152 0 0 0 0 0 0 0 
_1.ptx 904 : 26112 188768 0 0 0 0 0 0 0 
_1.ptx 905 : 26112 78752 0 0 0 0 0 0 0 
_1.ptx 906 : 26112 212992 0 0 0 0 0 0 0 
_1.ptx 907 : 26112 0 0 0 0 0 0 0 0 
_1.ptx 908 : 26112 289344 0 0 0 0 0 0 0 
_1.ptx 909 : 26112 265024 0 0 0 0 0 0 0 
_1.ptx 910 : 26112 193184 0 0 0 0 0 0 0 
_1.ptx 911 : 26112 166848 0 0 0 0 0 0 0 
_1.ptx 912 : 26112 213888 0 0 0 0 0 0 0 
_1.ptx 913 : 26112 289760 0 0 0 0 0 0 0 
_1.ptx 914 : 26112 190432 0 0 0 0 0 0 0 
_1.ptx 915 : 26112 190400 0 0 0 0 0 0 0 
_1.ptx 916 : 26112 274208 0 0 0 0 0 0 0 
_1.ptx 917 : 26112 107040 0 0 0 0 0 0 0 
_1.ptx 918 : 26112 113504 0 0 0 0 0 0 0 
_1.ptx 919 : 26112 290464 0 0 0 0 0 0 0 
_1.ptx 920 : 26112 299456 0 0 0 0 0 0 0 
_1.ptx 921 : 26112 206336 0 0 0 0 0 0 0 
_1.ptx 925 : 334611 113351466 1344768 0 0 10506 10506 0 0 
_1.ptx 927 : 334611 3732321 0 0 0 0 0 0 0 
_1.ptx 928 : 334611 1708741 1339872 0 0 10506 10506 0 0 
_1.ptx 929 : 334611 3355844 0 0 0 0 0 0 0 
_1.ptx 930 : 334611 3358381 0 0 0 0 0 0 0 
_1.ptx 931 : 334611 3418024 0 0 0 0 0 0 0 
_1.ptx 932 : 334611 2693383 0 0 0 0 0 0 0 
_1.ptx 933 : 334611 1866520 0 0 0 0 0 0 51 
_1.ptx 936 : 26112 160704 0 0 0 0 0 0 0 
_1.ptx 938 : 26112 196384 0 0 0 0 0 0 0 
_1.ptx 939 : 26112 0 0 0 0 0 0 0 0 
_1.ptx 940 : 26112 293184 0 0 0 0 0 0 0 
_1.ptx 941 : 26112 263424 0 0 0 0 0 0 0 
_1.ptx 942 : 26112 186592 0 0 0 0 0 0 0 
_1.ptx 943 : 26112 163360 0 0 0 0 0 0 0 
_1.ptx 944 : 26112 212160 0 0 0 0 0 0 0 
_1.ptx 945 : 26112 288096 0 0 0 0 0 0 0 
_1.ptx 946 : 26112 189728 0 0 0 0 0 0 0 
_1.ptx 947 : 26112 187200 0 0 0 0 0 0 0 
_1.ptx 948 : 26112 82432 0 0 0 0 0 0 0 
_1.ptx 949 : 26112 267232 0 0 0 0 0 0 0 
_1.ptx 950 : 26112 288832 0 0 0 0 0 0 0 
_1.ptx 951 : 26112 113056 0 0 0 0 0 0 0 
_1.ptx 952 : 26112 292512 0 0 0 0 0 0 0 
_1.ptx 953 : 26112 80896 0 0 0 0 0 0 0 
_1.ptx 954 : 26112 200352 0 0 0 0 0 0 0 
_1.ptx 958 : 1707939 17280885 0 0 0 0 0 0 0 
_1.ptx 959 : 1707939 13819697 0 0 0 0 0 0 0 
_1.ptx 960 : 1707939 17256842 0 0 0 0 0 0 0 
_1.ptx 962 : 1707939 261997930 0 0 0 0 0 0 0 
_1.ptx 963 : 1707939 10530652 0 0 0 0 0 0 0 
_1.ptx 964 : 1707939 13809306 0 0 0 0 0 0 0 
_1.ptx 965 : 1707939 10374757 0 0 0 0 0 0 9333 
_1.ptx 967 : 9333 94501 0 0 0 0 0 0 0 
_1.ptx 969 : 9333 94432 0 0 0 0 0 0 0 
_1.ptx 972 : 1707939 13810302 0 0 0 0 0 0 0 
_1.ptx 973 : 1707939 2906452 0 0 0 0 0 0 18105 
_1.ptx 974 : 1231956 3754292 0 0 0 0 0 0 0 
_1.ptx 975 : 1231956 13641152 0 0 0 0 0 0 0 
_1.ptx 976 : 1231956 9971001 0 0 0 0 0 0 0 
_1.ptx 977 : 1231956 2906006 0 0 0 0 0 0 9027 
_1.ptx 978 : 755973 2294977 0 0 0 0 0 0 0 
_1.ptx 979 : 755973 7647755 0 0 0 0 0 0 0 
_1.ptx 980 : 755973 6137515 0 0 0 0 0 0 0 
_1.ptx 981 : 755973 1289214 0 0 0 0 0 0 0 
_1.ptx 982 : 545292 1651832 0 0 0 0 0 0 0 
_1.ptx 983 : 545292 6038943 0 0 0 0 0 0 0 
_1.ptx 984 : 545292 4413338 0 0 0 0 0 0 0 
_1.ptx 985 : 545292 1294821 0 0 0 0 0 0 0 
_1.ptx 987 : 334611 1371118 0 0 0 0 0 0 0 
_1.ptx 988 : 334611 3699375 0 0 0 0 0 0 0 
_1.ptx 989 : 334611 3969220 0 0 0 0 0 0 0 
_1.ptx 990 : 334611 3703147 0 0 0 0 0 0 0 
_1.ptx 991 : 334611 3701162 0 0 0 0 0 0 0 
_1.ptx 992 : 334611 2382701 0 0 0 0 0 0 0 
_1.ptx 993 : 334611 3609979 0 0 0 0 0 0 0 
_1.ptx 994 : 334611 3699486 0 0 0 0 0 0 0 
_1.ptx 995 : 334611 92298521 1105152 0 0 24174 14433 0 0 
_1.ptx 996 : 334611 1704694 839136 0 0 14433 14433 0 0 
_1.ptx 997 : 334611 2031752 0 0 0 0 0 0 0 
_1.ptx 1001 : 1373328 8362246 0 0 0 0 0 0 0 
_1.ptx 1002 : 1373328 7046388 6289568 0 0 66096 66096 0 0 
_1.ptx 1004 : 1707939 17278182 0 0 0 0 0 0 0 
_1.ptx 1005 : 1707939 17221798 0 0 0 0 0 0 0 
_1.ptx 1006 : 1707939 13843345 0 0 0 0 0 0 0 
_1.ptx 1007 : 1707939 10272173 0 0 0 0 0 0 51 
_1.ptx 1010 : 26112 161280 0 0 0 0 0 0 0 
_1.ptx 1012 : 26112 192864 0 0 0 0 0 0 0 
_1.ptx 1013 : 26112 103084 0 0 0 0 0 0 51 
_1.ptx 1014 : 9333 107963 0 0 0 0 0 0 0 
_1.ptx 1015 : 9333 93362 0 0 0 0 0 0 0 
_1.ptx 1016 : 9333 67481 0 0 0 0 0 0 0 
_1.ptx 1017 : 9333 57201 0 0 0 0 0 0 0 
_1.ptx 1018 : 9333 75584 0 0 0 0 0 0 0 
_1.ptx 1019 : 9333 103061 0 0 0 0 0 0 0 
_1.ptx 1020 : 9333 67091 0 0 0 0 0 0 0 
_1.ptx 1021 : 9333 28717 0 0 0 0 0 0 0 
_1.ptx 1022 : 9333 136649 0 0 0 0 0 0 0 
_1.ptx 1023 : 9333 160381 0 0 0 0 0 0 0 
_1.ptx 1024 : 9333 67843 0 0 0 0 0 0 0 
_1.ptx 1028 : 9333 70907 0 0 0 0 0 0 0 
_1.ptx 1029 : 9333 71581 0 0 0 0 0 0 0 
_1.ptx 1030 : 9333 105902 0 0 0 0 0 0 0 
_1.ptx 1031 : 9333 77971 0 0 0 0 0 0 0 
_1.ptx 1032 : 9333 0 0 0 0 0 0 0 0 
_1.ptx 1033 : 9333 68854 0 0 0 0 0 0 0 
_1.ptx 1034 : 9333 91245 0 0 0 0 0 0 0 
_1.ptx 1035 : 9333 68983 0 0 0 0 0 0 0 
_1.ptx 1036 : 9333 98047 0 0 0 0 0 0 0 
_1.ptx 1037 : 9333 104776 0 0 0 0 0 0 0 
_1.ptx 1038 : 9333 59620 0 0 0 0 0 0 0 
_1.ptx 1039 : 9333 70832 0 0 0 0 0 0 0 
_1.ptx 1043 : 1707939 2365627738 6829440 0 0 1707939 55998 0 0 
_1.ptx 1044 : 1707939 18805734 0 0 0 0 0 0 0 
_1.ptx 1045 : 1707939 1413882563 14688 0 0 1707939 55998 0 0 
_1.ptx 1047 : 1707939 12194803 0 0 0 0 0 0 0 
_1.ptx 1048 : 1707939 17268758 0 0 0 0 0 0 0 
_1.ptx 1049 : 1707939 17286530 0 0 0 0 0 0 0 
_1.ptx 1050 : 1707939 13865934 0 0 0 0 0 0 0 
_1.ptx 1051 : 1707939 10227079 0 0 0 0 0 0 0 
_1.ptx 1053 : 9333 93568 0 0 0 0 0 0 0 
_1.ptx 1054 : 9333 103130 0 0 0 0 0 0 0 
_1.ptx 1055 : 9333 74719 0 0 0 0 0 0 0 
_1.ptx 1056 : 9333 0 0 0 0 0 0 0 0 
_1.ptx 1059 : 26112 159136 0 0 0 0 0 0 0 
_1.ptx 1061 : 26112 204384 0 0 0 0 0 0 0 
_1.ptx 1062 : 26112 0 0 0 0 0 0 0 0 
_1.ptx 1063 : 26112 300288 0 0 0 0 0 0 0 
_1.ptx 1064 : 26112 262880 0 0 0 0 0 0 0 
_1.ptx 1065 : 26112 186656 0 0 0 0 0 0 0 
_1.ptx 1066 : 26112 161408 0 0 0 0 0 0 0 
_1.ptx 1067 : 26112 210912 0 0 0 0 0 0 0 
_1.ptx 1068 : 26112 288320 0 0 0 0 0 0 0 
_1.ptx 1069 : 26112 186592 0 0 0 0 0 0 0 
_1.ptx 1070 : 26112 185408 0 0 0 0 0 0 0 
_1.ptx 1071 : 26112 277024 0 0 0 0 0 0 0 
_1.ptx 1072 : 26112 108928 0 0 0 0 0 0 0 
_1.ptx 1073 : 26112 109728 0 0 0 0 0 0 0 
_1.ptx 1074 : 26112 288416 0 0 0 0 0 0 0 
_1.ptx 1075 : 26112 89888 0 0 0 0 0 0 0 
_1.ptx 1076 : 26112 89376 0 0 0 0 0 0 0 
_1.ptx 1077 : 26112 90144 0 0 0 0 0 0 0 
_1.ptx 1078 : 26112 88096 0 0 0 0 0 0 0 
_1.ptx 1079 : 26112 185024 0 0 0 0 0 0 0 
_1.ptx 1083 : 1222623 12304601 0 0 0 0 0 0 0 
_1.ptx 1084 : 1222623 9840603 0 0 0 0 0 0 0 
_1.ptx 1085 : 1222623 12328621 0 0 0 0 0 0 0 
_1.ptx 1087 : 1222623 188178122 0 0 0 0 0 0 0 
_1.ptx 1088 : 1222623 7453971 0 0 0 0 0 0 0 
_1.ptx 1089 : 1222623 9874572 0 0 0 0 0 0 0 
_1.ptx 1090 : 1222623 7356374 0 0 0 0 0 0 9333 
_1.ptx 1092 : 9333 93899 0 0 0 0 0 0 0 
_1.ptx 1094 : 9333 93625 0 0 0 0 0 0 0 
_1.ptx 1097 : 1222623 13487125 0 0 0 0 0 0 0 
_1.ptx 1098 : 1222623 13509109 0 0 0 0 0 0 0 
_1.ptx 1099 : 1222623 12351685 0 0 0 0 0 0 0 
_1.ptx 1100 : 1222623 14093081 0 0 0 0 0 0 0 
_1.ptx 1101 : 1222623 13489759 0 0 0 0 0 0 0 
_1.ptx 1102 : 1222623 8632392 0 0 0 0 0 0 0 
_1.ptx 1103 : 1222623 12783068 0 0 0 0 0 0 0 
_1.ptx 1104 : 1222623 13484346 0 0 0 0 0 0 0 
_1.ptx 1105 : 1222623 396833970 6064384 0 0 85221 38250 0 0 
_1.ptx 1106 : 1222623 6164355 4891104 0 0 38250 38250 0 0 
_1.ptx 1107 : 1222623 12297908 0 0 0 0 0 0 0 
_1.ptx 1108 : 1222623 12291075 0 0 0 0 0 0 0 
_1.ptx 1109 : 1222623 9904456 0 0 0 0 0 0 0 
_1.ptx 1110 : 1222623 7279564 0 0 0 0 0 0 51 
_1.ptx 1113 : 26112 161888 0 0 0 0 0 0 0 
_1.ptx 1115 : 26112 198304 0 0 0 0 0 0 0 
_1.ptx 1116 : 26112 0 0 0 0 0 0 0 0 
_1.ptx 1117 : 26112 294272 0 0 0 0 0 0 0 
_1.ptx 1118 : 26112 264512 0 0 0 0 0 0 0 
_1.ptx 1119 : 26112 190112 0 0 0 0 0 0 0 
_1.ptx 1120 : 26112 165504 0 0 0 0 0 0 0 
_1.ptx 1121 : 26112 213056 0 0 0 0 0 0 0 
_1.ptx 1122 : 26112 288928 0 0 0 0 0 0 0 
_1.ptx 1123 : 26112 186016 0 0 0 0 0 0 0 
_1.ptx 1124 : 26112 186464 0 0 0 0 0 0 0 
_1.ptx 1125 : 26112 280480 0 0 0 0 0 0 0 
_1.ptx 1126 : 26112 109728 0 0 0 0 0 0 0 
_1.ptx 1127 : 26112 113024 0 0 0 0 0 0 0 
_1.ptx 1128 : 26112 289632 0 0 0 0 0 0 0 
_1.ptx 1129 : 26112 86208 0 0 0 0 0 0 0 
_1.ptx 1130 : 26112 85120 0 0 0 0 0 0 0 
_1.ptx 1131 : 26112 84704 0 0 0 0 0 0 0 
_1.ptx 1132 : 26112 188224 0 0 0 0 0 0 0 
_1.ptx 1136 : 1222623 12326080 0 0 0 0 0 0 0 
_1.ptx 1137 : 1222623 9857275 0 0 0 0 0 0 0 
_1.ptx 1138 : 1222623 12353620 0 0 0 0 0 0 0 
_1.ptx 1140 : 1222623 188351438 0 0 0 0 0 0 0 
_1.ptx 1141 : 1222623 7469149 0 0 0 0 0 0 0 
_1.ptx 1142 : 1222623 9879020 0 0 0 0 0 0 0 
_1.ptx 1143 : 1222623 7377241 0 0 0 0 0 0 9333 
_1.ptx 1145 : 9333 94348 0 0 0 0 0 0 0 
_1.ptx 1147 : 9333 93603 0 0 0 0 0 0 0 
_1.ptx 1150 : 1222623 13493796 0 0 0 0 0 0 0 
_1.ptx 1151 : 1222623 13477114 0 0 0 0 0 0 0 
_1.ptx 1152 : 1222623 12343941 0 0 0 0 0 0 0 
_1.ptx 1153 : 1222623 13979234 0 0 0 0 0 0 0 
_1.ptx 1154 : 1222623 13489877 0 0 0 0 0 0 0 
_1.ptx 1155 : 1222623 8669721 0 0 0 0 0 0 0 
_1.ptx 1156 : 1222623 12721921 0 0 0 0 0 0 0 
_1.ptx 1157 : 1222623 13483999 0 0 0 0 0 0 0 
_1.ptx 1158 : 1222623 383491328 6286336 0 0 80478 38250 0 0 
_1.ptx 1159 : 1222623 6166767 4891104 0 0 38250 38250 0 0 
_1.ptx 1160 : 1222623 12297812 0 0 0 0 0 0 0 
_1.ptx 1161 : 1222623 12301578 0 0 0 0 0 0 0 
_1.ptx 1162 : 1222623 9877559 0 0 0 0 0 0 0 
_1.ptx 1163 : 1222623 7294690 0 0 0 0 0 0 51 
_1.ptx 1166 : 26112 162368 0 0 0 0 0 0 0 
_1.ptx 1168 : 26112 196672 0 0 0 0 0 0 0 
_1.ptx 1169 : 26112 0 0 0 0 0 0 0 0 
_1.ptx 1170 : 26112 294272 0 0 0 0 0 0 0 
_1.ptx 1171 : 26112 262560 0 0 0 0 0 0 0 
_1.ptx 1172 : 26112 188256 0 0 0 0 0 0 0 
_1.ptx 1173 : 26112 163072 0 0 0 0 0 0 0 
_1.ptx 1174 : 26112 212000 0 0 0 0 0 0 0 
_1.ptx 1175 : 26112 289376 0 0 0 0 0 0 0 
_1.ptx 1176 : 26112 186848 0 0 0 0 0 0 0 
_1.ptx 1177 : 26112 186400 0 0 0 0 0 0 0 
_1.ptx 1178 : 26112 270944 0 0 0 0 0 0 0 
_1.ptx 1179 : 26112 111904 0 0 0 0 0 0 0 
_1.ptx 1180 : 26112 112352 0 0 0 0 0 0 0 
_1.ptx 1181 : 26112 294048 0 0 0 0 0 0 0 
_1.ptx 1182 : 26112 300544 0 0 0 0 0 0 0 
_1.ptx 1183 : 26112 218144 0 0 0 0 0 0 0 
_1.ptx 1187 : 1222623 378655223 4891264 0 0 38250 38250 0 0 
_1.ptx 1188 : 1222623 359497752 4311552 0 0 38250 38250 0 0 
_1.ptx 1189 : 1222623 13481658 0 0 0 0 0 0 0 
_1.ptx 1190 : 1222623 6189952 0 0 0 38250 38250 0 0 
_1.ptx 1191 : 1222623 12267653 0 0 0 0 0 0 0 
_1.ptx 1192 : 1222623 12264613 0 0 0 0 0 0 0 
_1.ptx 1193 : 1222623 12316591 0 0 0 0 0 0 0 
_1.ptx 1194 : 1222623 9828571 0 0 0 0 0 0 0 
_1.ptx 1195 : 1222623 7228681 0 0 0 0 0 0 51 
_1.ptx 1198 : 26112 185248 0 0 0 0 0 0 0 
_1.ptx 1199 : 26112 118500 0 0 0 0 0 0 51 
_1.ptx 1200 : 6681 73864 0 0 0 0 0 0 0 
_1.ptx 1201 : 6681 67363 0 0 0 0 0 0 0 
_1.ptx 1202 : 6681 47291 0 0 0 0 0 0 0 
_1.ptx 1203 : 6681 40415 0 0 0 0 0 0 0 
_1.ptx 1204 : 6681 54167 0 0 0 0 0 0 0 
_1.ptx 1205 : 6681 73884 0 0 0 0 0 0 0 
_1.ptx 1206 : 6681 47492 0 0 0 0 0 0 0 
_1.ptx 1207 : 6681 47434 0 0 0 0 0 0 0 
_1.ptx 1211 : 6681 47428 0 0 0 0 0 0 0 
_1.ptx 1212 : 6681 74242 0 0 0 0 0 0 0 
_1.ptx 1213 : 6681 53777 0 0 0 0 0 0 0 
_1.ptx 1214 : 6681 0 0 0 0 0 0 0 0 
_1.ptx 1215 : 6681 47393 0 0 0 0 0 0 0 
_1.ptx 1216 : 6681 70019 0 0 0 0 0 0 0 
_1.ptx 1217 : 6681 27353 0 0 0 0 0 0 0 
_1.ptx 1218 : 6681 47946 0 0 0 0 0 0 0 
_1.ptx 1219 : 6681 74707 0 0 0 0 0 0 0 
_1.ptx 1220 : 6681 73823 0 0 0 0 0 0 0 
_1.ptx 1221 : 6681 40619 0 0 0 0 0 0 0 
_1.ptx 1225 : 1222623 338835497 3849728 0 0 83385 46665 0 0 
_1.ptx 1226 : 1222623 13487569 0 0 0 0 0 0 0 
_1.ptx 1227 : 1222623 7573828 0 0 0 83385 46665 0 0 
_1.ptx 1229 : 1222623 9395495 0 0 0 0 0 0 0 
_1.ptx 1230 : 1222623 13528623 0 0 0 0 0 0 0 
_1.ptx 1231 : 1222623 13613154 0 0 0 0 0 0 0 
_1.ptx 1232 : 1222623 9854748 0 0 0 0 0 0 0 
_1.ptx 1233 : 1222623 7385772 0 0 0 0 0 0 0 
_1.ptx 1235 : 6681 68073 0 0 0 0 0 0 0 
_1.ptx 1236 : 6681 54932 0 0 0 0 0 0 0 
_1.ptx 1237 : 6681 0 0 0 0 0 0 0 0 
_1.ptx 1240 : 26112 162240 0 0 0 0 0 0 0 
_1.ptx 1242 : 26112 204384 0 0 0 0 0 0 0 
_1.ptx 1243 : 26112 0 0 0 0 0 0 0 0 
_1.ptx 1244 : 26112 301760 0 0 0 0 0 0 0 
_1.ptx 1245 : 26112 264832 0 0 0 0 0 0 0 
_1.ptx 1246 : 26112 193312 0 0 0 0 0 0 0 
_1.ptx 1247 : 26112 169632 0 0 0 0 0 0 0 
_1.ptx 1248 : 26112 214528 0 0 0 0 0 0 0 
_1.ptx 1249 : 26112 290880 0 0 0 0 0 0 0 
_1.ptx 1250 : 26112 191648 0 0 0 0 0 0 0 
_1.ptx 1251 : 26112 191424 0 0 0 0 0 0 0 
_1.ptx 1252 : 26112 283328 0 0 0 0 0 0 0 
_1.ptx 1253 : 26112 112864 0 0 0 0 0 0 0 
_1.ptx 1254 : 26112 112032 0 0 0 0 0 0 0 
_1.ptx 1255 : 26112 289600 0 0 0 0 0 0 0 
_1.ptx 1256 : 26112 87776 0 0 0 0 0 0 0 
_1.ptx 1257 : 26112 86720 0 0 0 0 0 0 0 
_1.ptx 1258 : 26112 86400 0 0 0 0 0 0 0 
_1.ptx 1259 : 26112 191968 0 0 0 0 0 0 0 
_1.ptx 1263 : 875211 8829216 0 0 0 0 0 0 0 
_1.ptx 1264 : 875211 7068545 0 0 0 0 0 0 0 
_1.ptx 1265 : 875211 8877389 0 0 0 0 0 0 0 
_1.ptx 1267 : 875211 135466878 0 0 0 0 0 0 0 
_1.ptx 1268 : 875211 5350543 0 0 0 0 0 0 0 
_1.ptx 1269 : 875211 7078657 0 0 0 0 0 0 0 
_1.ptx 1270 : 875211 5284372 0 0 0 0 0 0 6681 
_1.ptx 1272 : 6681 67676 0 0 0 0 0 0 0 
_1.ptx 1274 : 6681 67072 0 0 0 0 0 0 0 
_1.ptx 1277 : 875211 9664025 0 0 0 0 0 0 0 
_1.ptx 1278 : 875211 9671897 0 0 0 0 0 0 0 
_1.ptx 1279 : 875211 8851794 0 0 0 0 0 0 0 
_1.ptx 1280 : 875211 10109912 0 0 0 0 0 0 0 
_1.ptx 1281 : 875211 9653579 0 0 0 0 0 0 0 
_1.ptx 1282 : 875211 6175775 0 0 0 0 0 0 0 
_1.ptx 1283 : 875211 9124556 0 0 0 0 0 0 0 
_1.ptx 1284 : 875211 9660226 0 0 0 0 0 0 0 
_1.ptx 1285 : 875211 252549433 3582464 0 0 54774 27387 0 0 
_1.ptx 1286 : 875211 4408890 3502272 0 0 27387 27387 0 0 
_1.ptx 1287 : 875211 8909718 0 0 0 0 0 0 0 
_1.ptx 1288 : 875211 8830480 0 0 0 0 0 0 0 
_1.ptx 1289 : 875211 7095998 0 0 0 0 0 0 0 
_1.ptx 1290 : 875211 5189656 0 0 0 0 0 0 51 
_1.ptx 1293 : 26112 162368 0 0 0 0 0 0 0 
_1.ptx 1295 : 26112 197024 0 0 0 0 0 0 0 
_1.ptx 1296 : 26112 0 0 0 0 0 0 0 0 
_1.ptx 1297 : 26112 293216 0 0 0 0 0 0 0 
_1.ptx 1298 : 26112 262976 0 0 0 0 0 0 0 
_1.ptx 1299 : 26112 189568 0 0 0 0 0 0 0 
_1.ptx 1300 : 26112 164640 0 0 0 0 0 0 0 
_1.ptx 1301 : 26112 213952 0 0 0 0 0 0 0 
_1.ptx 1302 : 26112 288832 0 0 0 0 0 0 0 
_1.ptx 1303 : 26112 187104 0 0 0 0 0 0 0 
_1.ptx 1304 : 26112 184288 0 0 0 0 0 0 0 
_1.ptx 1305 : 26112 306912 0 0 0 0 0 0 0 
_1.ptx 1306 : 26112 111232 0 0 0 0 0 0 0 
_1.ptx 1307 : 26112 113344 0 0 0 0 0 0 0 
_1.ptx 1308 : 26112 288064 0 0 0 0 0 0 0 
_1.ptx 1309 : 26112 87360 0 0 0 0 0 0 0 
_1.ptx 1310 : 26112 86624 0 0 0 0 0 0 0 
_1.ptx 1311 : 26112 87616 0 0 0 0 0 0 0 
_1.ptx 1312 : 26112 187168 0 0 0 0 0 0 0 
_1.ptx 1316 : 875211 8807127 0 0 0 0 0 0 0 
_1.ptx 1317 : 875211 7039114 0 0 0 0 0 0 0 
_1.ptx 1318 : 875211 8849198 0 0 0 0 0 0 0 
_1.ptx 1320 : 875211 134595298 0 0 0 0 0 0 0 
_1.ptx 1321 : 875211 5314178 0 0 0 0 0 0 0 
_1.ptx 1322 : 875211 7056353 0 0 0 0 0 0 0 
_1.ptx 1323 : 875211 5261426 0 0 0 0 0 0 6681 
_1.ptx 1325 : 6681 67162 0 0 0 0 0 0 0 
_1.ptx 1327 : 6681 67068 0 0 0 0 0 0 0 
_1.ptx 1330 : 875211 9693506 0 0 0 0 0 0 0 
_1.ptx 1331 : 875211 9650882 0 0 0 0 0 0 0 
_1.ptx 1332 : 875211 8898423 0 0 0 0 0 0 0 
_1.ptx 1333 : 875211 10113544 0 0 0 0 0 0 0 
_1.ptx 1334 : 875211 9655001 0 0 0 0 0 0 0 
_1.ptx 1335 : 875211 6217398 0 0 0 0 0 0 0 
_1.ptx 1336 : 875211 9192001 0 0 0 0 0 0 0 
_1.ptx 1337 : 875211 9655961 0 0 0 0 0 0 0 
_1.ptx 1338 : 875211 252917157 3458816 0 0 27387 27387 0 0 
_1.ptx 1339 : 875211 4407026 3502272 0 0 27387 27387 0 0 
_1.ptx 1340 : 875211 8789910 0 0 0 0 0 0 0 
_1.ptx 1341 : 875211 8777612 0 0 0 0 0 0 0 
_1.ptx 1342 : 875211 7047214 0 0 0 0 0 0 0 
_1.ptx 1343 : 875211 5151051 0 0 0 0 0 0 51 
_1.ptx 1346 : 26112 159552 0 0 0 0 0 0 0 
_1.ptx 1348 : 26112 196672 0 0 0 0 0 0 0 
_1.ptx 1349 : 26112 0 0 0 0 0 0 0 0 
_1.ptx 1350 : 26112 293024 0 0 0 0 0 0 0 
_1.ptx 1351 : 26112 262944 0 0 0 0 0 0 0 
_1.ptx 1352 : 26112 189696 0 0 0 0 0 0 0 
_1.ptx 1353 : 26112 164992 0 0 0 0 0 0 0 
_1.ptx 1354 : 26112 212608 0 0 0 0 0 0 0 
_1.ptx 1355 : 26112 289824 0 0 0 0 0 0 0 
_1.ptx 1356 : 26112 189344 0 0 0 0 0 0 0 
_1.ptx 1357 : 26112 189120 0 0 0 0 0 0 0 
_1.ptx 1358 : 26112 273568 0 0 0 0 0 0 0 
_1.ptx 1359 : 26112 110688 0 0 0 0 0 0 0 
_1.ptx 1360 : 26112 110656 0 0 0 0 0 0 0 
_1.ptx 1361 : 26112 289024 0 0 0 0 0 0 0 
_1.ptx 1362 : 26112 291008 0 0 0 0 0 0 0 
_1.ptx 1363 : 26112 187136 0 0 0 0 0 0 0 
_1.ptx 1367 : 875211 262555328 3505408 0 0 27387 27387 0 0 
_1.ptx 1368 : 875211 252242659 3216640 0 0 27387 27387 0 0 
_1.ptx 1369 : 875211 9640290 0 0 0 0 0 0 0 
_1.ptx 1370 : 875211 4406089 0 0 0 27387 27387 0 0 
_1.ptx 1371 : 875211 8762377 0 0 0 0 0 0 0 
_1.ptx 1372 : 875211 8765320 0 0 0 0 0 0 0 
_1.ptx 1373 : 875211 8800539 0 0 0 0 0 0 0 
_1.ptx 1374 : 875211 7019918 0 0 0 0 0 0 0 
_1.ptx 1375 : 875211 5112971 0 0 0 0 0 0 51 
_1.ptx 1378 : 26112 160960 0 0 0 0 0 0 0 
_1.ptx 1380 : 26112 201600 0 0 0 0 0 0 0 
_1.ptx 1381 : 26112 0 0 0 0 0 0 0 0 
_1.ptx 1382 : 26112 301184 0 0 0 0 0 0 0 
_1.ptx 1383 : 26112 263808 0 0 0 0 0 0 0 
_1.ptx 1384 : 26112 193088 0 0 0 0 0 0 0 
_1.ptx 1385 : 26112 169056 0 0 0 0 0 0 0 
_1.ptx 1386 : 26112 210368 0 0 0 0 0 0 0 
_1.ptx 1387 : 26112 288384 0 0 0 0 0 0 0 
_1.ptx 1388 : 26112 188416 0 0 0 0 0 0 0 
_1.ptx 1389 : 26112 191584 0 0 0 0 0 0 0 
_1.ptx 1390 : 26112 191296 0 0 0 0 0 0 0 
_1.ptx 1391 : 26112 280992 0 0 0 0 0 0 0 
_1.ptx 1392 : 26112 109792 0 0 0 0 0 0 0 
_1.ptx 1393 : 26112 113984 0 0 0 0 0 0 0 
_1.ptx 1394 : 26112 293696 0 0 0 0 0 0 0 
_1.ptx 1395 : 26112 301184 0 0 0 0 0 0 0 
_1.ptx 1396 : 26112 200896 0 0 0 0 0 0 0 
_1.ptx 1400 : 875211 259207763 3505536 0 0 27387 27387 0 0 
_1.ptx 1402 : 875211 250174290 3131264 0 0 27387 27387 0 0 
_1.ptx 1403 : 875211 9667389 0 0 0 0 0 0 0 
_1.ptx 1404 : 875211 40969411 0 0 0 0 0 0 0 
_1.ptx 1405 : 875211 9676317 0 0 0 0 0 0 0 
_1.ptx 1407 : 875211 5278689 0 0 0 0 0 0 0 
_1.ptx 1408 : 875211 5275712 0 0 0 0 0 0 0 
_1.ptx 1409 : 875211 7068105 0 0 0 0 0 0 0 
_1.ptx 1410 : 875211 7927326 0 0 0 0 0 0 0 
_1.ptx 1411 : 875211 13497934 0 0 0 0 0 0 0 
_1.ptx 1412 : 875211 4442971 0 0 0 27387 27387 0 0 
_1.ptx 1413 : 875211 8795656 0 0 0 0 0 0 0 
_1.ptx 1414 : 875211 8795972 0 0 0 0 0 0 0 
_1.ptx 1415 : 875211 8950065 0 0 0 0 0 0 0 
_1.ptx 1416 : 875211 7038784 0 0 0 0 0 0 0 
_1.ptx 1417 : 875211 5136015 0 0 0 0 0 0 51 
_1.ptx 1420 : 26112 160832 0 0 0 0 0 0 0 
_1.ptx 1422 : 26112 194432 0 0 0 0 0 0 0 
_1.ptx 1423 : 26112 774272 384 0 0 0 0 0 0 
_1.ptx 1424 : 26112 212288 0 0 0 0 0 0 0 
_1.ptx 1425 : 26112 0 0 0 0 0 0 0 0 
_1.ptx 1426 : 26112 291200 0 0 0 0 0 0 0 
_1.ptx 1427 : 26112 266272 0 0 0 0 0 0 0 
_1.ptx 1428 : 26112 190560 0 0 0 0 0 0 0 
_1.ptx 1429 : 26112 164384 0 0 0 0 0 0 0 
_1.ptx 1430 : 26112 212640 0 0 0 0 0 0 0 
_1.ptx 1431 : 26112 289120 0 0 0 0 0 0 0 
_1.ptx 1432 : 26112 188864 0 0 0 0 0 0 0 
_1.ptx 1433 : 26112 186976 0 0 0 0 0 0 0 
_1.ptx 1434 : 26112 277984 0 0 0 0 0 0 0 
_1.ptx 1435 : 26112 289504 0 0 0 0 0 0 0 
_1.ptx 1436 : 26112 1738272 2944 0 0 0 0 0 0 
_1.ptx 1437 : 26112 289344 0 0 0 0 0 0 0 
_1.ptx 1438 : 26112 188768 0 0 0 0 0 0 0 
_1.ptx 1442 : 132651 40541121 534272 0 0 8164 4182 0 0 
_1.ptx 1444 : 132651 1470082 0 0 0 0 0 0 0 
_1.ptx 1445 : 132651 676439 532032 0 0 4182 4182 0 0 
_1.ptx 1446 : 132651 1338094 0 0 0 0 0 0 0 
_1.ptx 1447 : 132651 1352023 0 0 0 0 0 0 0 
_1.ptx 1448 : 132651 1353888 0 0 0 0 0 0 0 
_1.ptx 1449 : 132651 1101889 0 0 0 0 0 0 0 
_1.ptx 1450 : 132651 655592 0 0 0 0 0 0 51 
_1.ptx 1453 : 26112 166464 0 0 0 0 0 0 0 
_1.ptx 1455 : 26112 199360 0 0 0 0 0 0 0 
_1.ptx 1456 : 26112 214464 0 0 0 0 0 0 0 
_1.ptx 1457 : 26112 144369 0 0 0 0 0 0 51 
_1.ptx 1458 : 2601 15657 0 0 0 0 0 0 0 
_1.ptx 1459 : 2601 29159 0 0 0 0 0 0 0 
_1.ptx 1460 : 2601 26029 0 0 0 0 0 0 0 
_1.ptx 1461 : 2601 18207 0 0 0 0 0 0 0 
_1.ptx 1462 : 2601 15606 0 0 0 0 0 0 0 
_1.ptx 1463 : 2601 20992 0 0 0 0 0 0 0 
_1.ptx 1464 : 2601 29039 0 0 0 0 0 0 0 
_1.ptx 1465 : 2601 18906 0 0 0 0 0 0 0 
_1.ptx 1466 : 2601 19331 0 0 0 0 0 0 0 
_1.ptx 1467 : 2601 8204 0 0 0 0 0 0 0 
_1.ptx 1468 : 2601 16556 0 0 0 0 0 0 0 
_1.ptx 1469 : 2601 21834 0 0 0 0 0 0 0 
_1.ptx 1470 : 2601 28085 0 0 0 0 0 0 0 
_1.ptx 1471 : 2601 29471 0 0 0 0 0 0 0 
_1.ptx 1472 : 2601 21132 0 0 0 0 0 0 0 
_1.ptx 1475 : 2601 0 0 0 0 0 0 0 0 
_1.ptx 1476 : 2601 20820 0 0 0 0 0 0 0 
_1.ptx 1477 : 2601 29763 0 0 0 0 0 0 0 
_1.ptx 1478 : 2601 20357 0 0 0 0 0 0 0 
_1.ptx 1479 : 2601 30231 0 0 0 0 0 0 0 
_1.ptx 1480 : 2601 20360 0 0 0 0 0 0 0 
_1.ptx 1481 : 2601 28376 0 0 0 0 0 0 0 
_1.ptx 1482 : 2601 29286 0 0 0 0 0 0 0 
_1.ptx 1483 : 2601 16714 0 0 0 0 0 0 0 
_1.ptx 1484 : 2601 20048 0 0 0 0 0 0 0 
_1.ptx 1488 : 132651 5903168 128 0 0 132651 5202 0 0 
_1.ptx 1489 : 132651 1466555 0 0 0 0 0 0 0 
_1.ptx 1490 : 132651 1336173 0 0 0 0 0 0 0 
_1.ptx 1491 : 132651 1333324 0 0 0 0 0 0 0 
_1.ptx 1492 : 132651 1121029 0 0 0 0 0 0 0 
_1.ptx 1493 : 132651 877374 0 0 0 0 0 0 0 
_1.ptx 1494 : 2601 18241 0 0 0 0 0 0 0 
_1.ptx 1499 : 2601 14542 0 102 102 0 0 0 0 
_1.ptx 1500 : 2601 27305 0 0 0 0 0 0 0 
_1.ptx 1501 : 2601 27121 0 0 0 0 0 0 0 
_1.ptx 1502 : 2601 21608 0 0 0 0 0 0 0 
_1.ptx 1503 : 2601 0 0 0 0 0 0 0 0 
_1.ptx 1505 : 26112 165888 0 0 0 0 0 0 0 
_1.ptx 1507 : 26112 165632 0 0 0 0 0 0 0 
_1.ptx 1509 : 26112 189344 0 0 0 0 0 0 0 
_1.ptx 1510 : 26112 79136 0 0 0 0 0 0 0 
_1.ptx 1511 : 26112 211008 0 0 0 0 0 0 0 
_1.ptx 1512 : 26112 143831 0 0 0 0 0 0 51 
_1.ptx 1513 : 2601 15734 0 0 0 0 0 0 0 
_1.ptx 1514 : 2601 28963 0 0 0 0 0 0 0 
_1.ptx 1515 : 2601 26010 0 0 0 0 0 0 0 
_1.ptx 1516 : 2601 18245 0 0 0 0 0 0 0 
_1.ptx 1517 : 2601 15670 0 0 0 0 0 0 0 
_1.ptx 1518 : 2601 20808 0 0 0 0 0 0 0 
_1.ptx 1519 : 2601 28611 0 0 0 0 0 0 0 
_1.ptx 1520 : 2601 18207 0 0 0 0 0 0 0 
_1.ptx 1521 : 2601 18207 0 0 0 0 0 0 0 
_1.ptx 1522 : 2601 18207 0 0 0 0 0 0 0 
_1.ptx 1523 : 2601 7803 0 0 0 0 0 0 0 
_1.ptx 1524 : 2601 16785 0 0 0 0 0 0 0 
_1.ptx 1525 : 2601 21445 0 0 0 0 0 0 0 
_1.ptx 1526 : 2601 28956 0 0 0 0 0 0 0 
_1.ptx 1527 : 2601 29419 0 0 0 0 0 0 0 
_1.ptx 1528 : 2601 21179 0 0 0 0 0 0 0 
_1.ptx 1531 : 2601 0 0 0 0 0 0 0 0 
_1.ptx 1532 : 2601 21341 0 0 0 0 0 0 0 
_1.ptx 1533 : 2601 21545 0 0 0 0 0 0 0 
_1.ptx 1534 : 2601 11407 0 0 0 0 0 0 0 
_1.ptx 1535 : 2601 20572 0 0 0 0 0 0 0 
_1.ptx 1536 : 2601 27192 0 0 0 0 0 0 0 
_1.ptx 1537 : 2601 29429 0 0 0 0 0 0 0 
_1.ptx 1538 : 2601 29331 0 0 0 0 0 0 0 
_1.ptx 1539 : 2601 16606 0 0 0 0 0 0 0 
_1.ptx 1540 : 2601 17117 0 0 0 0 0 0 0 
_1.ptx 1541 : 2601 20170 0 0 0 0 0 0 0 
_1.ptx 1545 : 132651 22651627 74624 0 0 9180 5202 0 0 
_1.ptx 1546 : 132651 1488646 0 0 0 0 0 0 0 
_1.ptx 1547 : 132651 1410109 0 0 0 0 0 0 0 
_1.ptx 1548 : 132651 1499876 0 0 0 0 0 0 0 
_1.ptx 1549 : 132651 1113829 0 0 0 0 0 0 0 
_1.ptx 1550 : 132651 840065 0 0 0 0 0 0 0 
_1.ptx 1551 : 2601 17121 0 0 0 0 0 0 0 
_1.ptx 1556 : 2601 13324 0 102 102 0 0 0 0 
_1.ptx 1557 : 2601 26890 0 0 0 0 0 0 0 
_1.ptx 1558 : 2601 27315 0 0 0 0 0 0 0 
_1.ptx 1559 : 2601 27659 0 0 0 0 0 0 0 
_1.ptx 1560 : 2601 22075 0 0 0 0 0 0 0 
_1.ptx 1561 : 2601 0 0 0 0 0 0 0 0 
_1.ptx 1563 : 26112 159648 0 0 0 0 0 0 0 
_1.ptx 1565 : 26112 161280 0 0 0 0 0 0 0 
_1.ptx 1566 : 26112 175552 0 0 0 0 0 0 0 
_1.ptx 1567 : 26112 211616 0 0 0 0 0 0 0 
_1.ptx 1568 : 26112 160973 0 0 0 0 0 0 51 
_1.ptx 1570 : 51 338 0 0 0 0 0 0 0 
_1.ptx 1571 : 51 347 0 0 0 0 0 0 0 
_1.ptx 1572 : 51 429 0 0 0 0 0 0 0 
_1.ptx 1573 : 51 0 0 0 0 0 0 0 0 
_1.ptx 1574 : 51 382 0 0 0 0 0 0 0 
_1.ptx 1575 : 51 389 0 0 0 0 0 0 0 
_1.ptx 1576 : 51 351 0 0 0 0 0 0 0 
_1.ptx 1577 : 51 389 0 0 0 0 0 0 0 
_1.ptx 1581 : 2601 21486 0 2601 2601 0 0 0 0 
_1.ptx 1582 : 2601 29300 0 0 0 0 0 0 0 
_1.ptx 1583 : 2601 27071 0 0 0 0 0 0 0 
_1.ptx 1584 : 2601 27045 0 0 0 0 0 0 0 
_1.ptx 1585 : 2601 21892 0 0 0 0 0 0 0 
_1.ptx 1586 : 2601 16608 0 0 0 0 0 0 0 
_1.ptx 1587 : 51 216 0 51 51 0 0 0 0 
_1.ptx 1588 : 51 327 0 0 0 0 0 0 0 
_1.ptx 1593 : 26061 161806 0 0 0 0 0 0 0 
_1.ptx 1594 : 26061 211589 0 0 0 0 0 0 0 
_1.ptx 1595 : 26061 158812 0 0 0 0 0 0 51 
_1.ptx 1597 : 51 311 0 0 0 0 0 0 0 
_1.ptx 1598 : 51 153 0 0 0 0 0 0 0 
_1.ptx 1599 : 51 307 0 0 0 0 0 0 0 
_1.ptx 1600 : 51 408 0 0 0 0 0 0 0 
_1.ptx 1601 : 51 0 0 0 0 0 0 0 0 
_1.ptx 1602 : 51 357 0 0 0 0 0 0 0 
_1.ptx 1603 : 51 357 0 0 0 0 0 0 0 
_1.ptx 1604 : 51 306 0 0 0 0 0 0 0 
_1.ptx 1605 : 51 357 0 0 0 0 0 0 0 
_1.ptx 1609 : 2601 21383 0 2601 2601 0 0 0 0 
_1.ptx 1610 : 2601 29310 0 0 0 0 0 0 0 
_1.ptx 1611 : 2601 27224 0 0 0 0 0 0 0 
_1.ptx 1612 : 2601 27087 0 0 0 0 0 0 0 
_1.ptx 1613 : 2601 21756 0 0 0 0 0 0 0 
_1.ptx 1614 : 2601 16569 0 0 0 0 0 0 0 
_1.ptx 1615 : 51 217 0 51 51 0 0 0 0 
_1.ptx 1616 : 51 330 0 0 0 0 0 0 0 
_1.ptx 1623 : 26112 161280 0 0 0 0 0 0 0 
_1.ptx 1624 : 26112 175454 0 0 0 0 0 0 51 
_1.ptx 1626 : 51 407 0 0 0 0 0 0 0 
_1.ptx 1627 : 51 366 0 51 51 0 0 0 0 
_1.ptx 1628 : 51 2346 0 0 0 0 0 0 0 
_1.ptx 1629 : 51 510 0 0 0 0 0 0 0 
_1.ptx 1630 : 51 357 0 0 0 0 0 0 0 
_1.ptx 1631 : 51 714 0 0 0 0 0 0 0 
_1.ptx 1632 : 51 369 0 51 51 0 0 0 0 
_1.ptx 1633 : 51 2349 0 0 0 0 0 0 0 
_1.ptx 1634 : 51 581 0 0 0 0 0 0 0 
_1.ptx 1635 : 51 574 0 0 0 0 0 0 0 
_1.ptx 1636 : 51 721 0 0 0 0 0 0 0 
_1.ptx 1637 : 51 569 0 0 0 0 0 0 0 
_1.ptx 1638 : 51 217 0 51 51 0 0 0 0 
_1.ptx 1641 : 26112 160256 0 0 0 0 0 0 0 
_1.ptx 1643 : 26112 197920 0 0 0 0 0 0 0 
_1.ptx 1644 : 26112 0 0 0 0 0 0 0 0 
_1.ptx 1645 : 26112 293632 0 0 0 0 0 0 0 
_1.ptx 1646 : 26112 265472 0 0 0 0 0 0 0 
_1.ptx 1647 : 26112 187968 0 0 0 0 0 0 0 
_1.ptx 1648 : 26112 159200 0 0 0 0 0 0 0 
_1.ptx 1649 : 26112 210880 0 0 0 0 0 0 0 
_1.ptx 1650 : 26112 288224 0 0 0 0 0 0 0 
_1.ptx 1651 : 26112 188224 0 0 0 0 0 0 0 
_1.ptx 1652 : 26112 186976 0 0 0 0 0 0 0 
_1.ptx 1653 : 26112 271968 0 0 0 0 0 0 0 
_1.ptx 1654 : 26112 112128 0 0 0 0 0 0 0 
_1.ptx 1655 : 26112 290528 0 0 0 0 0 0 0 
_1.ptx 1656 : 26112 193280 0 816 816 0 0 0 0 
_1.ptx 1657 : 26112 188608 0 0 0 0 0 0 0 
_1.ptx 1661 : 875211 246973774 3283840 0 0 27387 27387 0 0 
_1.ptx 1663 : 875211 6280770 0 27387 27387 0 0 0 0 
_1.ptx 1665 : 875211 9644188 0 0 0 0 0 0 0 
_1.ptx 1666 : 875211 4429746 0 0 0 27387 27387 0 0 
_1.ptx 1667 : 875211 8763902 0 0 0 0 0 0 0 
_1.ptx 1668 : 875211 8769287 0 0 0 0 0 0 0 
_1.ptx 1669 : 875211 7021375 0 0 0 0 0 0 0 
_1.ptx 1670 : 875211 5125048 0 0 0 0 0 0 51 
_1.ptx 1673 : 26112 162560 0 0 0 0 0 0 0 
_1.ptx 1675 : 26112 197568 0 0 0 0 0 0 0 
_1.ptx 1676 : 26112 0 0 0 0 0 0 0 0 
_1.ptx 1677 : 26112 293152 0 0 0 0 0 0 0 
_1.ptx 1678 : 26112 264512 0 0 0 0 0 0 0 
_1.ptx 1679 : 26112 188640 0 0 0 0 0 0 0 
_1.ptx 1680 : 26112 163008 0 0 0 0 0 0 0 
_1.ptx 1681 : 26112 212576 0 0 0 0 0 0 0 
_1.ptx 1682 : 26112 289216 0 0 0 0 0 0 0 
_1.ptx 1683 : 26112 189408 0 0 0 0 0 0 0 
_1.ptx 1684 : 26112 188736 0 0 0 0 0 0 0 
_1.ptx 1685 : 26112 188608 0 0 0 0 0 0 0 
_1.ptx 1686 : 26112 273472 0 0 0 0 0 0 0 
_1.ptx 1687 : 26112 108576 0 0 0 0 0 0 0 
_1.ptx 1688 : 26112 113280 0 0 0 0 0 0 0 
_1.ptx 1689 : 26112 287840 0 0 0 0 0 0 0 
_1.ptx 1690 : 26112 288672 0 0 0 0 0 0 0 
_1.ptx 1691 : 26112 194176 0 816 816 0 0 0 0 
_1.ptx 1692 : 26112 187392 0 0 0 0 0 0 0 
_1.ptx 1696 : 875211 261827186 3505536 0 0 27387 27387 0 0 
_1.ptx 1697 : 875211 270294650 3505536 0 0 27387 27387 0 0 
_1.ptx 1699 : 875211 6238572 0 27387 27387 0 0 0 0 
_1.ptx 1701 : 875211 9646882 0 0 0 0 0 0 0 
_1.ptx 1702 : 875211 40293013 0 0 0 0 0 0 0 
_1.ptx 1703 : 875211 9650676 0 0 0 0 0 0 0 
_1.ptx 1704 : 875211 4413499 0 0 0 27387 27387 0 0 
_1.ptx 1705 : 875211 8773796 0 0 0 0 0 0 0 
_1.ptx 1706 : 875211 8779670 0 0 0 0 0 0 0 
_1.ptx 1707 : 875211 8803675 0 0 0 0 0 0 0 
_1.ptx 1708 : 875211 7035720 0 0 0 0 0 0 0 
_1.ptx 1709 : 875211 5122547 0 0 0 0 0 0 51 
_1.ptx 1712 : 26112 159392 0 0 0 0 0 0 0 
_1.ptx 1714 : 26112 193376 0 0 0 0 0 0 0 
_1.ptx 1715 : 26112 0 0 0 0 0 0 0 0 
_1.ptx 1716 : 26112 291232 0 0 0 0 0 0 0 
_1.ptx 1717 : 26112 264576 0 0 0 0 0 0 0 
_1.ptx 1718 : 26112 190112 0 0 0 0 0 0 0 
_1.ptx 1719 : 26112 163456 0 0 0 0 0 0 0 
_1.ptx 1720 : 26112 212672 0 0 0 0 0 0 0 
_1.ptx 1721 : 26112 288832 0 0 0 0 0 0 0 
_1.ptx 1722 : 26112 187232 0 0 0 0 0 0 0 
_1.ptx 1723 : 26112 188288 0 0 0 0 0 0 0 
_1.ptx 1724 : 26112 277088 0 0 0 0 0 0 0 
_1.ptx 1725 : 26112 115424 0 0 0 0 0 0 0 
_1.ptx 1726 : 26112 115360 0 0 0 0 0 0 0 
_1.ptx 1727 : 26112 289952 0 0 0 0 0 0 0 
_1.ptx 1728 : 26112 292672 0 0 0 0 0 0 0 
_1.ptx 1729 : 26112 184640 0 0 0 0 0 0 0 
_1.ptx 1733 : 875211 253521109 3114496 0 0 27387 27387 0 0 
_1.ptx 1734 : 875211 273792347 3497216 0 0 27387 27387 0 0 
_1.ptx 1735 : 875211 40269013 0 0 0 0 0 0 0 
_1.ptx 1736 : 875211 4400987 0 0 0 27387 27387 0 0 
_1.ptx 1737 : 875211 8762847 0 0 0 0 0 0 0 
_1.ptx 1738 : 875211 8760416 0 0 0 0 0 0 0 
_1.ptx 1739 : 875211 8798774 0 0 0 0 0 0 0 
_1.ptx 1740 : 875211 7012992 0 0 0 0 0 0 0 
