kernel line : count latency dram_traffic smem_bk_conflicts smem_warp gmem_access_generated gmem_warp exposed_latency warp_divergence
_1.ptx 1636 : 32768 368288 0 0 0 0 0 0 0 
_1.ptx 1637 : 32768 365760 0 0 0 0 0 0 0 
_1.ptx 1638 : 32768 366944 0 0 0 0 0 0 0 
_1.ptx 1639 : 32768 366560 0 0 0 0 0 0 0 
_1.ptx 1641 : 32768 367520 0 0 0 0 0 0 0 
_1.ptx 1642 : 32768 307808 0 0 0 0 0 0 0 
_1.ptx 1643 : 32768 383712 0 0 0 0 0 0 0 
_1.ptx 1644 : 32768 366624 0 0 0 0 0 0 0 
_1.ptx 1645 : 32768 305152 0 0 0 0 0 0 0 
_1.ptx 1647 : 32768 372096 0 0 0 0 0 0 0 
_1.ptx 1648 : 32768 101536 0 0 0 0 0 0 0 
_1.ptx 1649 : 32768 366240 0 0 0 0 0 0 0 
_1.ptx 1650 : 32768 366528 0 0 0 0 0 0 0 
_1.ptx 1651 : 32768 170592 0 1024 1024 0 0 0 0 
_1.ptx 1653 : 32768 365440 0 0 0 0 0 0 0 
_1.ptx 1654 : 32768 367008 0 0 0 0 0 0 0 
_1.ptx 1655 : 32768 172512 0 1024 1024 0 0 0 0 
_1.ptx 1657 : 32768 365216 0 0 0 0 0 0 0 
_1.ptx 1658 : 32768 365344 0 0 0 0 0 0 0 
_1.ptx 1659 : 32768 365920 0 0 0 0 0 0 0 
_1.ptx 1660 : 32768 172192 0 1024 1024 0 0 0 0 
_1.ptx 1662 : 32768 365888 0 0 0 0 0 0 0 
_1.ptx 1663 : 32768 365600 0 0 0 0 0 0 0 
_1.ptx 1664 : 32768 170528 0 1024 1024 0 0 0 0 
_1.ptx 1666 : 32768 365536 0 0 0 0 0 0 0 
_1.ptx 1667 : 32768 366240 0 0 0 0 0 0 0 
_1.ptx 1668 : 32768 366336 0 0 0 0 0 0 0 
_1.ptx 1669 : 32768 171232 0 1024 1024 0 0 0 0 
_1.ptx 1671 : 32768 364896 0 0 0 0 0 0 0 
_1.ptx 1672 : 32768 365952 0 0 0 0 0 0 0 
_1.ptx 1673 : 32768 367296 0 0 0 0 0 0 0 
_1.ptx 1674 : 32768 172128 0 1024 1024 0 0 0 0 
_1.ptx 1676 : 32768 364800 0 0 0 0 0 0 0 
_1.ptx 1677 : 32768 369568 0 0 0 0 0 0 0 
_1.ptx 1678 : 32768 176928 0 1024 1024 0 0 0 0 
_1.ptx 1680 : 32768 365280 0 0 0 0 0 0 0 
_1.ptx 1681 : 32768 367584 0 0 0 0 0 0 0 
_1.ptx 1682 : 32768 172864 0 1024 1024 0 0 0 0 
_1.ptx 1684 : 32768 365536 0 0 0 0 0 0 0 
_1.ptx 1685 : 32768 344224 0 0 0 0 0 0 0 
_1.ptx 1686 : 32768 245248 0 0 0 0 0 0 0 
_1.ptx 1687 : 32768 370016 0 0 0 0 0 0 0 
_1.ptx 1688 : 32768 246176 0 0 0 0 0 0 0 
_1.ptx 1689 : 32768 368544 0 0 0 0 0 0 0 
_1.ptx 1690 : 32768 344256 0 0 0 0 0 0 0 
_1.ptx 1691 : 32768 368064 0 0 0 0 0 0 0 
_1.ptx 1692 : 32768 275712 0 1024 1024 0 0 0 0 
_1.ptx 1693 : 32768 276000 0 1024 1024 0 0 0 0 
_1.ptx 1694 : 32768 370112 0 0 0 0 0 0 0 
_1.ptx 1696 : 32768 278272 0 1024 1024 0 0 0 0 
_1.ptx 1697 : 32768 285504 0 1024 1024 0 0 0 0 
_1.ptx 1698 : 32768 369248 0 0 0 0 0 0 0 
_1.ptx 1699 : 32768 308416 0 0 0 0 0 0 0 
_1.ptx 1701 : 32768 277056 0 1024 1024 0 0 0 0 
_1.ptx 1702 : 32768 283584 0 1024 1024 0 0 0 0 
_1.ptx 1703 : 32768 280800 0 1024 1024 0 0 0 0 
_1.ptx 1704 : 32768 285696 0 1024 1024 0 0 0 0 
_1.ptx 1705 : 32768 369984 0 0 0 0 0 0 0 
_1.ptx 1706 : 32768 304928 0 0 0 0 0 0 0 
_1.ptx 1707 : 32768 305984 0 0 0 0 0 0 0 
_1.ptx 1708 : 32768 307424 0 0 0 0 0 0 0 
_1.ptx 1710 : 32768 374560 0 0 0 0 0 0 0 
_1.ptx 1711 : 32768 371712 0 0 0 0 0 0 0 
_1.ptx 1712 : 32768 366496 0 0 0 0 0 0 0 
_1.ptx 1713 : 32768 305152 0 0 0 0 0 0 0 
_1.ptx 1714 : 32768 374880 0 0 0 0 0 0 0 
_1.ptx 1715 : 32768 371008 0 0 0 0 0 0 0 
_1.ptx 1717 : 32768 372928 0 0 0 0 0 0 0 
_1.ptx 1719 : 32768 372672 0 0 0 0 0 0 0 
_1.ptx 1720 : 32768 378144 0 0 0 0 0 0 0 
_1.ptx 1721 : 32768 371456 0 0 0 0 0 0 0 
_1.ptx 1723 : 32768 374944 0 0 0 0 0 0 0 
_1.ptx 1724 : 32768 373088 0 0 0 0 0 0 0 
_1.ptx 1725 : 32768 369088 0 0 0 0 0 0 0 
_1.ptx 1726 : 32768 373760 0 0 0 0 0 0 0 
_1.ptx 1727 : 32768 369152 0 0 0 0 0 0 0 
_1.ptx 1728 : 32768 367296 0 0 0 0 0 0 0 
_1.ptx 1729 : 32768 368288 0 0 0 0 0 0 0 
_1.ptx 1731 : 32768 369856 0 0 0 0 0 0 0 
_1.ptx 1732 : 32768 306304 0 0 0 0 0 0 0 
_1.ptx 1733 : 32768 383360 0 0 0 0 0 0 0 
_1.ptx 1734 : 32768 366592 0 0 0 0 0 0 0 
_1.ptx 1735 : 32768 304832 0 0 0 0 0 0 0 
_1.ptx 1737 : 32768 373152 0 0 0 0 0 0 0 
_1.ptx 1738 : 32768 366144 0 0 0 0 0 0 0 
_1.ptx 1739 : 32768 366272 0 0 0 0 0 0 0 
_1.ptx 1740 : 32768 172576 0 1024 1024 0 0 0 0 
_1.ptx 1742 : 32768 366304 0 0 0 0 0 0 0 
_1.ptx 1743 : 32768 365056 0 0 0 0 0 0 0 
_1.ptx 1744 : 32768 170400 0 1024 1024 0 0 0 0 
_1.ptx 1746 : 32768 364800 0 0 0 0 0 0 0 
_1.ptx 1747 : 32768 364672 0 0 0 0 0 0 0 
_1.ptx 1748 : 32768 365856 0 0 0 0 0 0 0 
_1.ptx 1749 : 32768 170912 0 1024 1024 0 0 0 0 
_1.ptx 1751 : 32768 363712 0 0 0 0 0 0 0 
_1.ptx 1752 : 32768 364544 0 0 0 0 0 0 0 
_1.ptx 1753 : 32768 173504 0 1024 1024 0 0 0 0 
_1.ptx 1755 : 32768 364800 0 0 0 0 0 0 0 
_1.ptx 1756 : 32768 368736 0 0 0 0 0 0 0 
_1.ptx 1757 : 32768 363872 0 0 0 0 0 0 0 
_1.ptx 1758 : 32768 176384 0 1024 1024 0 0 0 0 
_1.ptx 1760 : 32768 364672 0 0 0 0 0 0 0 
_1.ptx 1761 : 32768 363872 0 0 0 0 0 0 0 
_1.ptx 1762 : 32768 363808 0 0 0 0 0 0 0 
_1.ptx 1763 : 32768 177952 0 1024 1024 0 0 0 0 
_1.ptx 1765 : 32768 365280 0 0 0 0 0 0 0 
_1.ptx 1766 : 32768 364416 0 0 0 0 0 0 0 
_1.ptx 1767 : 32768 187520 0 1024 1024 0 0 0 0 
_1.ptx 1769 : 32768 365600 0 0 0 0 0 0 0 
_1.ptx 1770 : 32768 364288 0 0 0 0 0 0 0 
_1.ptx 1771 : 32768 191680 0 1024 1024 0 0 0 0 
_1.ptx 1773 : 32768 201152 0 0 0 0 0 0 0 
_1.ptx 1774 : 32768 267552 0 0 0 0 0 0 0 
_1.ptx 1775 : 32768 237312 0 0 0 0 0 0 0 
_1.ptx 1776 : 32768 346016 0 0 0 0 0 0 0 
_1.ptx 1777 : 32768 365248 0 0 0 0 0 0 0 
_1.ptx 1779 : 32768 304928 0 1024 1024 0 0 0 0 
_1.ptx 1780 : 32768 244064 0 0 0 1024 1024 0 0 
_1.ptx 1782 : 32768 366464 0 0 0 0 0 0 0 
_1.ptx 1784 : 32768 343808 0 1024 1024 0 0 0 0 
_1.ptx 1785 : 32768 269632 0 0 0 1024 1024 0 0 
_1.ptx 1787 : 32768 364128 0 0 0 0 0 0 0 
_1.ptx 1789 : 32768 372096 0 1024 1024 0 0 0 0 
_1.ptx 1790 : 32768 292064 0 0 0 1024 1024 0 0 
_1.ptx 1792 : 32768 366336 0 0 0 0 0 0 0 
_1.ptx 1794 : 32768 396480 0 1024 1024 0 0 0 0 
_1.ptx 1795 : 32768 324192 0 0 0 1024 1024 0 0 
_1.ptx 1797 : 32768 363872 0 0 0 0 0 0 0 
_1.ptx 1799 : 32768 348192 0 1024 1024 0 0 0 0 
_1.ptx 1800 : 32768 291136 0 0 0 1024 1024 0 0 
_1.ptx 1802 : 32768 365600 0 0 0 0 0 0 0 
_1.ptx 1804 : 32768 393600 0 1024 1024 0 0 0 0 
_1.ptx 1805 : 32768 314144 0 0 0 1024 1024 0 0 
_1.ptx 1807 : 32768 364288 0 0 0 0 0 0 0 
_1.ptx 1809 : 32768 424096 0 1024 1024 0 0 0 0 
_1.ptx 1810 : 32768 355808 0 0 0 1024 1024 0 0 
_1.ptx 1812 : 32768 432256 0 1024 1024 0 0 0 0 
_1.ptx 1813 : 32768 363968 0 0 0 0 0 0 0 
_1.ptx 1814 : 32768 383392 0 0 0 1024 1024 0 0 
_1.ptx 1816 : 32768 198912 0 0 0 0 0 0 0 
_1.ptx 1525 : 32768 201280 0 0 0 0 0 0 0 
_1.ptx 1527 : 32768 203168 0 0 0 0 0 0 0 
_1.ptx 1528 : 32768 238688 0 0 0 0 0 0 0 
_1.ptx 1529 : 32768 209760 0 0 0 0 0 0 0 
_1.ptx 1530 : 32768 238624 0 0 0 0 0 0 0 
_1.ptx 1531 : 32768 209088 0 0 0 0 0 0 0 
_1.ptx 1532 : 32768 237024 0 0 0 0 0 0 0 
_1.ptx 1533 : 32768 209088 0 0 0 0 0 0 0 
_1.ptx 1534 : 32768 235456 0 0 0 0 0 0 0 
_1.ptx 1535 : 32768 363776 0 0 0 0 0 0 0 
_1.ptx 1536 : 32768 202976 0 0 0 0 0 0 0 
_1.ptx 1537 : 32768 266144 0 0 0 0 0 0 0 
_1.ptx 1538 : 32768 208032 0 0 0 0 0 0 0 
_1.ptx 1539 : 32768 363584 0 0 0 0 0 0 0 
_1.ptx 1540 : 32768 1255424 128 0 0 0 0 0 0 
_1.ptx 1541 : 32768 265280 0 0 0 0 0 0 0 
_1.ptx 1542 : 32768 365440 0 0 0 0 0 0 0 
_1.ptx 1543 : 32768 236640 0 0 0 0 0 0 0 
_1.ptx 1544 : 32768 344800 0 0 0 0 0 0 0 
_1.ptx 1545 : 32768 363392 0 0 0 0 0 0 0 
_1.ptx 1546 : 32768 219520 0 0 0 0 0 0 0 
_1.ptx 1547 : 32768 363936 0 0 0 0 0 0 0 
_1.ptx 1548 : 32768 362496 0 0 0 0 0 0 0 
_1.ptx 1549 : 32768 233600 0 0 0 0 0 0 0 
_1.ptx 1550 : 32768 336800 0 0 0 0 0 0 0 
_1.ptx 1551 : 32768 363712 0 0 0 0 0 0 0 
_1.ptx 1552 : 32768 10574208 131072 0 0 1024 1024 0 0 
_1.ptx 1553 : 32768 192992 0 1024 1024 0 0 0 0 
_1.ptx 1555 : 32768 230016 0 0 0 0 0 0 0 
_1.ptx 1556 : 32768 330112 0 0 0 0 0 0 0 
_1.ptx 1557 : 32768 361280 0 0 0 0 0 0 0 
_1.ptx 1558 : 32768 9512768 131072 0 0 1024 1024 0 0 
_1.ptx 1559 : 32768 165184 0 1024 1024 0 0 0 0 
_1.ptx 1561 : 32768 360576 0 0 0 0 0 0 0 
_1.ptx 1562 : 32768 8940640 131072 0 0 1024 1024 0 0 
_1.ptx 1563 : 32768 166112 0 1024 1024 0 0 0 0 
_1.ptx 1565 : 32768 360512 0 0 0 0 0 0 0 
_1.ptx 1567 : 32768 8925696 131072 0 0 1024 1024 0 0 
_1.ptx 1568 : 32768 164640 0 1024 1024 0 0 0 0 
_1.ptx 1570 : 32768 360512 0 0 0 0 0 0 0 
_1.ptx 1572 : 32768 8896608 131072 0 0 1024 1024 0 0 
_1.ptx 1573 : 32768 165504 0 1024 1024 0 0 0 0 
_1.ptx 1575 : 32768 360512 0 0 0 0 0 0 0 
_1.ptx 1577 : 32768 8974368 131072 0 0 1024 1024 0 0 
_1.ptx 1578 : 32768 164544 0 1024 1024 0 0 0 0 
_1.ptx 1580 : 32768 360576 0 0 0 0 0 0 0 
_1.ptx 1582 : 32768 8885920 131072 0 0 1024 1024 0 0 
_1.ptx 1583 : 32768 166944 0 1024 1024 0 0 0 0 
_1.ptx 1585 : 32768 361280 0 0 0 0 0 0 0 
_1.ptx 1587 : 32768 8875456 131072 0 0 1024 1024 0 0 
_1.ptx 1588 : 32768 168064 0 1024 1024 0 0 0 0 
_1.ptx 1590 : 32768 233568 0 0 0 0 0 0 0 
_1.ptx 1591 : 32768 333792 0 0 0 0 0 0 0 
_1.ptx 1592 : 32768 236064 0 0 0 0 0 0 0 
_1.ptx 1593 : 32768 364416 0 0 0 0 0 0 0 
_1.ptx 1594 : 32768 335200 0 0 0 0 0 0 0 
_1.ptx 1595 : 32768 364640 0 0 0 0 0 0 0 
_1.ptx 1596 : 32768 271040 0 1024 1024 0 0 0 0 
_1.ptx 1597 : 32768 270784 0 1024 1024 0 0 0 0 
_1.ptx 1598 : 32768 366464 0 0 0 0 0 0 0 
_1.ptx 1600 : 32768 271776 0 1024 1024 0 0 0 0 
_1.ptx 1601 : 32768 276000 0 1024 1024 0 0 0 0 
_1.ptx 1602 : 32768 1108864 128 0 0 0 0 0 0 
_1.ptx 1603 : 32768 1109472 0 0 0 0 0 0 0 
_1.ptx 1604 : 32768 366144 0 0 0 0 0 0 0 
_1.ptx 1605 : 32768 300832 0 0 0 0 0 0 0 
_1.ptx 1607 : 32768 270592 0 1024 1024 0 0 0 0 
_1.ptx 1608 : 32768 275648 0 1024 1024 0 0 0 0 
_1.ptx 1609 : 32768 273824 0 1024 1024 0 0 0 0 
_1.ptx 1610 : 32768 277216 0 1024 1024 0 0 0 0 
_1.ptx 1611 : 32768 114880 0 0 0 0 0 0 0 
_1.ptx 1612 : 32768 115648 0 0 0 0 0 0 0 
_1.ptx 1613 : 32768 110528 0 0 0 0 0 0 0 
_1.ptx 1614 : 32768 112832 0 0 0 0 0 0 0 
_1.ptx 1615 : 32768 366624 0 0 0 0 0 0 0 
_1.ptx 1616 : 32768 301344 0 0 0 0 0 0 0 
_1.ptx 1617 : 32768 303648 0 0 0 0 0 0 0 
_1.ptx 1618 : 32768 306176 0 0 0 0 0 0 0 
_1.ptx 1620 : 32768 376032 0 0 0 0 0 0 0 
_1.ptx 1621 : 32768 371936 0 0 0 0 0 0 0 
_1.ptx 1622 : 32768 369920 0 0 0 0 0 0 0 
_1.ptx 1623 : 32768 305696 0 0 0 0 0 0 0 
_1.ptx 1624 : 32768 375200 0 0 0 0 0 0 0 
_1.ptx 1625 : 32768 369536 0 0 0 0 0 0 0 
_1.ptx 1627 : 32768 369344 0 0 0 0 0 0 0 
_1.ptx 1629 : 32768 369184 0 0 0 0 0 0 0 
_1.ptx 1630 : 32768 374240 0 0 0 0 0 0 0 
_1.ptx 1631 : 32768 369920 0 0 0 0 0 0 0 
_1.ptx 1633 : 32768 371744 0 0 0 0 0 0 0 
_1.ptx 1634 : 32768 369376 0 0 0 0 0 0 0 
_1.ptx 1635 : 32768 366400 0 0 0 0 0 0 0 
