kernel line : count latency dram_traffic smem_bk_conflicts smem_warp gmem_access_generated gmem_warp exposed_latency warp_divergence
_1.ptx 2786 : 2771 8512 0 0 0 0 0 0 0 
_1.ptx 2787 : 2771 19831 0 0 0 0 0 0 0 
_1.ptx 2791 : 2780 30676 0 0 0 0 0 0 0 
_1.ptx 2792 : 2780 19771 0 0 0 0 0 0 0 
_1.ptx 2793 : 2780 28689 0 0 0 0 0 0 0 
_1.ptx 2794 : 2780 16899 0 0 0 0 0 0 0 
_1.ptx 2795 : 2780 30695 0 0 0 0 0 0 0 
_1.ptx 2796 : 2780 21035 0 0 0 578 221 0 0 
_1.ptx 2798 : 2780 16689 0 0 0 0 0 0 0 
_1.ptx 2799 : 2780 30889 0 0 0 0 0 0 0 
_1.ptx 2800 : 2780 27532 0 0 0 578 221 0 0 
_1.ptx 2802 : 2780 28057 0 0 0 0 0 0 0 
_1.ptx 2803 : 2780 16918 0 0 0 0 0 0 0 
_1.ptx 2804 : 2780 22293 0 0 0 0 0 0 0 
_1.ptx 2805 : 2780 54 0 0 0 0 0 0 4 
_1.ptx 2808 : 7680 77408 0 0 0 0 0 0 0 
_1.ptx 2809 : 7680 61792 0 0 0 0 0 0 0 
_1.ptx 2810 : 7680 46240 0 0 0 0 0 0 0 
_1.ptx 2816 : 7680 46208 0 0 0 0 0 0 0 
_1.ptx 2630 : 7680 46208 0 0 0 0 0 0 0 
_1.ptx 2631 : 7680 46208 0 0 0 0 0 0 0 
_1.ptx 2632 : 7680 92480 0 0 0 0 0 0 0 
_1.ptx 2633 : 7680 508032 128 0 0 0 0 0 0 
_1.ptx 2634 : 7680 98304 0 0 0 0 0 0 0 
_1.ptx 2635 : 7680 23968 0 0 0 0 0 0 0 
_1.ptx 2636 : 7680 23872 0 0 0 0 0 0 0 
_1.ptx 2637 : 7680 85248 0 0 0 0 0 0 0 
_1.ptx 2638 : 7680 47008 0 0 0 0 0 0 0 
_1.ptx 2639 : 7680 84864 0 0 0 0 0 0 0 
_1.ptx 2640 : 7680 84832 0 0 0 0 0 0 0 
_1.ptx 2641 : 7680 77024 0 0 0 0 0 0 0 
_1.ptx 2642 : 7680 1216928 0 0 0 0 0 0 0 
_1.ptx 2643 : 7680 85376 0 0 0 0 0 0 0 
_1.ptx 2644 : 7680 85472 0 0 0 0 0 0 0 
_1.ptx 2645 : 7680 54656 0 0 0 0 0 0 0 
_1.ptx 2646 : 7680 85248 0 0 0 0 0 0 0 
_1.ptx 2647 : 7680 61632 0 0 0 0 0 0 0 
_1.ptx 2648 : 7680 0 0 0 0 0 0 0 0 
_1.ptx 2649 : 7680 23136 0 0 0 0 0 0 0 
_1.ptx 2650 : 7680 62400 0 0 0 0 0 0 0 
_1.ptx 2651 : 7680 0 0 0 0 0 0 0 0 
_1.ptx 2652 : 7680 61984 0 0 0 0 0 0 0 
_1.ptx 2655 : 7680 61824 0 0 0 0 0 0 0 
_1.ptx 2656 : 7680 0 0 0 0 0 0 0 0 
_1.ptx 2657 : 7680 78816 0 0 0 0 0 0 0 
_1.ptx 2658 : 7680 56928 0 0 0 0 0 0 0 
_1.ptx 2659 : 7680 50816 0 0 0 0 0 0 0 
_1.ptx 2660 : 7680 52256 0 0 0 0 0 0 0 
_1.ptx 2661 : 7680 63648 0 0 0 0 0 0 0 
_1.ptx 2662 : 7680 48608 0 0 0 0 0 0 0 
_1.ptx 2663 : 7680 56576 0 0 0 0 0 0 0 
_1.ptx 2666 : 29491200 242433888 0 0 0 0 0 0 0 
_1.ptx 2667 : 29491200 46415 0 0 0 0 0 0 7680 
_1.ptx 2669 : 29483520 89317918 0 0 0 0 0 0 0 
_1.ptx 2670 : 29483520 177589648 0 0 0 0 0 0 0 
_1.ptx 2671 : 29483520 180124911 0 0 0 0 0 0 0 
_1.ptx 2672 : 29483520 210990381 0 0 0 0 0 0 0 
_1.ptx 2673 : 29483520 297695487 0 0 0 0 0 0 0 
_1.ptx 2674 : 29483520 324954239 0 0 0 0 0 0 0 
_1.ptx 2675 : 29483520 182451846 46080 0 0 2764800 921600 0 0 
_1.ptx 2676 : 29483520 177399518 0 0 0 0 0 0 0 
_1.ptx 2677 : 29483520 237677970 0 0 0 0 0 0 0 
_1.ptx 2678 : 29483520 269021525 0 0 0 0 0 0 0 
_1.ptx 2680 : 29483520 302047049 0 0 0 0 0 0 0 
_1.ptx 2681 : 29483520 185082443 0 0 0 0 0 0 0 
_1.ptx 2682 : 29483520 181951926 0 0 0 0 0 0 0 
_1.ptx 2683 : 29483520 210018467 0 0 0 0 0 0 0 
_1.ptx 2684 : 29483520 304778862 0 0 0 0 0 0 0 
_1.ptx 2685 : 29483520 324829372 0 0 0 0 0 0 0 
_1.ptx 2686 : 29483520 399649389 46080 0 0 921600 921600 0 0 
_1.ptx 2687 : 29483520 177417303 0 0 0 0 0 0 0 
_1.ptx 2688 : 29483520 236982754 0 0 0 0 0 0 0 
_1.ptx 2689 : 29483520 267481487 0 0 0 0 0 0 0 
_1.ptx 2690 : 29483520 177887400 0 0 0 0 0 0 0 
_1.ptx 2691 : 29483520 238843504 0 0 0 0 0 0 0 
_1.ptx 2692 : 29483520 0 0 0 0 0 0 0 0 
_1.ptx 2693 : 29483520 208898443 0 0 0 0 0 0 0 
_1.ptx 2694 : 29483520 180483156 0 0 0 0 0 0 0 
_1.ptx 2695 : 29483520 240717301 0 0 0 0 0 0 0 
_1.ptx 2696 : 29483520 185478098 0 0 0 0 0 0 0 
_1.ptx 2697 : 29483520 183205747 0 0 0 0 0 0 0 
_1.ptx 2698 : 29483520 181510551 0 0 0 0 0 0 0 
_1.ptx 2699 : 29483520 209440212 0 0 0 0 0 0 0 
_1.ptx 2702 : 88442886 0 0 0 0 0 0 0 0 
_1.ptx 2703 : 88442886 624735546 0 0 0 0 0 0 0 
_1.ptx 2704 : 88442886 974483883 0 0 0 0 0 0 0 
_1.ptx 2705 : 88442886 628663351 0 0 0 0 0 0 0 
_1.ptx 2706 : 88442886 896655475 0 0 0 0 0 0 0 
_1.ptx 2707 : 88442886 976695472 0 0 0 0 0 0 0 
_1.ptx 2708 : 88442886 544454623 0 0 0 8343221 2808545 0 0 
_1.ptx 2709 : 88442886 532223699 0 0 0 0 0 0 0 
_1.ptx 2710 : 88442886 624298499 0 0 0 0 0 0 0 
_1.ptx 2713 : 265316072 2950808994 0 0 0 0 0 0 0 
_1.ptx 2714 : 265316072 1885080307 0 0 0 0 0 0 0 
_1.ptx 2715 : 265316072 2696212444 0 0 0 0 0 0 0 
_1.ptx 2716 : 265316072 2932305641 0 0 0 0 0 0 0 
_1.ptx 2717 : 265316072 1126708063 0 0 0 8469172 8469172 0 0 
_1.ptx 2718 : 265316072 2135910342 0 0 0 0 0 0 0 
_1.ptx 2719 : 265316072 1605255755 0 0 0 0 0 0 59253 
_1.ptx 2721 : 98010 992230 0 0 0 0 0 0 0 
_1.ptx 2722 : 98010 596845 0 0 0 0 0 0 0 
_1.ptx 2723 : 98010 789019 0 0 0 0 0 0 0 
_1.ptx 2724 : 98010 469091 0 0 0 0 0 0 0 
_1.ptx 2726 : 20260 144542 0 0 0 0 0 0 0 
_1.ptx 2727 : 20260 125822 0 0 0 0 0 0 0 
_1.ptx 2730 : 77750 548460 0 0 0 0 0 0 0 
_1.ptx 2733 : 265295812 2667851090 0 0 0 0 0 0 0 
_1.ptx 2734 : 265295812 2127900491 0 0 0 0 0 0 0 
_1.ptx 2735 : 265295812 1070498987 0 0 0 0 0 0 0 
_1.ptx 2738 : 88422626 886509351 0 0 0 0 0 0 0 
_1.ptx 2739 : 88422626 712454563 0 0 0 0 0 0 0 
_1.ptx 2740 : 88422626 355926526 0 0 0 0 0 0 0 
_1.ptx 2743 : 29463260 177223730 0 0 0 0 0 0 0 
_1.ptx 2746 : 29483520 211065670 0 0 0 0 0 0 0 
_1.ptx 2747 : 29483520 177649832 0 0 0 0 0 0 0 
_1.ptx 2748 : 29483520 239647270 0 0 0 0 0 0 0 
_1.ptx 2749 : 29483520 217852561 0 0 0 0 0 0 0 
_1.ptx 2750 : 29483520 240298614 0 0 0 0 0 0 0 
_1.ptx 2751 : 29483520 180222073 0 0 0 0 0 0 0 
_1.ptx 2752 : 29483520 236960080 0 0 0 0 0 0 0 
_1.ptx 2753 : 29483520 178913807 0 0 0 0 0 0 11247 
_1.ptx 2755 : 20260 223590 0 0 0 0 0 0 0 
_1.ptx 2756 : 20260 143838 0 0 0 0 0 0 0 
_1.ptx 2757 : 20260 205755 0 0 0 0 0 0 0 
_1.ptx 2758 : 20260 61303 0 0 0 0 0 0 0 
_1.ptx 2759 : 20260 223961 0 0 0 0 0 0 0 
_1.ptx 2760 : 20260 123387 26752 0 0 13785 11247 0 0 
_1.ptx 2762 : 20260 63909 0 0 0 0 0 0 0 
_1.ptx 2763 : 20260 223838 0 0 0 0 0 0 0 
_1.ptx 2764 : 20260 109479 26752 0 0 13785 11247 0 0 
_1.ptx 2766 : 20260 203567 0 0 0 0 0 0 0 
_1.ptx 2767 : 20260 122667 0 0 0 0 0 0 0 
_1.ptx 2768 : 20260 163210 0 0 0 0 0 0 0 
_1.ptx 2771 : 29491200 295797600 0 0 0 0 0 0 0 
_1.ptx 2772 : 29491200 236596608 0 0 0 0 0 0 0 
_1.ptx 2773 : 29491200 177599008 0 0 0 0 0 0 0 
_1.ptx 2774 : 7680 46752 0 0 0 0 0 0 0 
_1.ptx 2781 : 7680 29790 0 0 0 0 0 0 217 
_1.ptx 2782 : 2771 16751 0 0 0 0 0 0 0 
_1.ptx 2783 : 2771 30604 0 0 0 0 0 0 0 
_1.ptx 2784 : 2771 29300 0 0 0 0 0 0 0 
_1.ptx 2785 : 2771 8384 0 0 0 0 0 0 0 
