kernel line : count latency dram_traffic smem_bk_conflicts smem_warp gmem_access_generated gmem_warp exposed_latency warp_divergence
_1.ptx 1227 : 1737183 13985441 0 0 0 0 0 0 0 
_1.ptx 1228 : 1737183 0 0 0 0 0 0 0 0 
_1.ptx 1230 : 1737183 10527364 0 0 0 0 0 0 0 
_1.ptx 1231 : 1737183 13992563 0 0 0 0 0 0 0 
_1.ptx 1232 : 1737183 0 0 0 0 0 0 0 0 
_1.ptx 1233 : 1737183 5787567 0 0 0 0 0 0 0 
_1.ptx 1234 : 1737183 19187185 0 0 0 0 0 0 0 
_1.ptx 1235 : 1737183 29932304 0 0 0 117803 117803 0 0 
_1.ptx 1236 : 1737183 13983107 0 0 0 0 0 0 0 
_1.ptx 1237 : 1737183 0 0 0 0 0 0 0 0 
_1.ptx 1239 : 1737183 5744568 0 0 0 0 0 0 0 
_1.ptx 1240 : 1737183 12289917 0 0 0 0 0 0 0 
_1.ptx 1241 : 1737183 17591326 0 0 0 0 0 0 0 
_1.ptx 1242 : 1737183 19189798 0 0 0 0 0 0 0 
_1.ptx 1243 : 1737183 17167781 0 0 0 117803 117803 0 0 
_1.ptx 1244 : 1737183 10480094 0 0 0 0 0 0 0 
_1.ptx 1264 : 1737183 19184296 0 0 0 0 0 0 0 
_1.ptx 1265 : 1737183 5625464 0 0 0 0 0 0 0 
_1.ptx 1266 : 1737183 17634335 0 0 0 0 0 0 0 
_1.ptx 1267 : 1737183 13987342 0 0 0 0 0 0 0 
_1.ptx 1268 : 1737183 12311825 0 0 0 0 0 0 0 
_1.ptx 1269 : 1737183 12283681 0 0 0 0 0 0 0 
_1.ptx 1270 : 1737183 14070040 0 0 0 0 0 0 0 
_1.ptx 1271 : 1737183 12313865 0 0 0 0 0 0 0 
_1.ptx 1272 : 1737183 13994232 0 0 0 0 0 0 0 
_1.ptx 1273 : 1737183 10481276 0 0 0 0 0 0 0 
_1.ptx 1274 : 1737183 13992238 0 0 0 0 0 0 0 
_1.ptx 1275 : 1737183 0 0 0 0 0 0 0 0 
_1.ptx 1277 : 1737183 5784141 0 0 0 0 0 0 0 
_1.ptx 1278 : 1737183 12259039 0 0 0 0 0 0 0 
_1.ptx 1279 : 1737183 17558241 0 0 0 0 0 0 0 
_1.ptx 1280 : 1737183 19187411 0 0 0 0 0 0 0 
_1.ptx 1281 : 1737183 357561067 10851456 0 0 339151 117803 0 0 
_1.ptx 1282 : 1737183 10485597 0 0 0 0 0 0 0 
_1.ptx 1307 : 1737183 12282136 0 0 0 0 0 0 0 
_1.ptx 1309 : 1737183 12341686 0 0 0 0 0 0 0 
_1.ptx 1310 : 1737183 17662672 0 0 0 0 0 0 0 
_1.ptx 1311 : 1737183 19191274 0 0 0 0 0 0 0 
_1.ptx 1312 : 1737183 381211124 3552256 0 0 520928 117803 0 0 
_1.ptx 1313 : 1737183 13981718 0 0 0 0 0 0 0 
_1.ptx 1314 : 1737183 10502778 0 0 0 0 0 0 0 
_1.ptx 1332 : 1737183 18793884 0 0 0 520928 117803 0 0 
_1.ptx 1334 : 1737183 14182992 0 0 0 0 0 0 0 
_1.ptx 1335 : 1737183 0 0 0 0 0 0 0 0 
_1.ptx 1337 : 1737183 12275388 0 0 0 0 0 0 0 
_1.ptx 1339 : 1737183 12314792 0 0 0 0 0 0 0 
_1.ptx 1342 : 2712798 27303699 0 0 0 0 0 0 0 
_1.ptx 1343 : 2712798 21848946 0 0 0 0 0 0 0 
_1.ptx 1344 : 2712798 9928474 0 0 0 0 0 0 93884 
_1.ptx 1345 : 1070376 6465744 0 0 0 0 0 0 0 
_1.ptx 1350 : 1070376 3661656 0 0 0 0 0 0 0 
_1.ptx 1351 : 1070376 11824024 0 0 0 0 0 0 0 
_1.ptx 1352 : 1070376 5759400 4281504 0 0 33450 33450 0 0 
_1.ptx 1353 : 1070376 7557688 0 0 0 0 0 0 0 
_1.ptx 1354 : 1070376 10830832 0 0 0 0 0 0 0 
_1.ptx 1355 : 1070376 3636664 0 0 0 0 0 0 0 
_1.ptx 1356 : 1070376 11825496 0 0 0 0 0 0 0 
_1.ptx 1357 : 1070376 322044304 4281600 0 0 33450 33450 0 0 
_1.ptx 1358 : 1070376 8617760 0 0 0 0 0 0 0 
_1.ptx 1359 : 1070376 0 0 0 0 0 0 0 0 
_1.ptx 1360 : 1070376 8621568 0 0 0 0 0 0 0 
_1.ptx 1361 : 1070376 0 0 0 0 0 0 0 0 
_1.ptx 1363 : 1070376 190044672 0 0 0 66899 33450 0 0 
_1.ptx 1364 : 1070376 7566296 0 0 0 0 0 0 0 
_1.ptx 1365 : 1070376 8608640 0 0 0 0 0 0 0 
_1.ptx 1366 : 1070376 0 0 0 0 0 0 0 0 
_1.ptx 1368 : 1070376 3735352 0 0 0 0 0 0 0 
_1.ptx 1369 : 1070376 11817688 0 0 0 0 0 0 0 
_1.ptx 1370 : 1070376 5785000 4281504 0 0 33450 33450 0 0 
_1.ptx 1372 : 1070376 3680056 0 0 0 0 0 0 0 
_1.ptx 1373 : 1070376 11820984 0 0 0 0 0 0 0 
_1.ptx 1374 : 1070376 5834472 4281504 0 0 33450 33450 0 0 
_1.ptx 1379 : 1070592 6453984 0 0 0 0 0 0 0 
_1.ptx 973 : 1071104 6578496 0 0 0 0 0 0 0 
_1.ptx 974 : 1071104 6621440 0 0 0 0 0 0 0 
_1.ptx 975 : 1071104 13005216 0 0 0 0 0 0 0 
_1.ptx 976 : 1071104 6543584 0 0 0 0 0 0 0 
_1.ptx 977 : 1071104 11982016 0 0 0 0 0 0 0 
_1.ptx 978 : 1071104 14186816 128 0 0 0 0 0 0 
_1.ptx 979 : 1071104 8780896 0 0 0 0 0 0 0 
_1.ptx 980 : 1071104 4432 0 0 0 0 0 0 1 
_1.ptx 982 : 1070376 7640664 0 0 0 0 0 0 0 
_1.ptx 983 : 1070376 11123632 0 0 0 0 0 0 0 
_1.ptx 984 : 1070376 6564976 0 0 0 0 0 0 0 
_1.ptx 985 : 1070376 13097464 0 0 0 0 0 0 0 
_1.ptx 986 : 1070376 11965688 0 0 0 0 0 0 0 
_1.ptx 987 : 1070376 24515976 4281504 0 0 33450 33450 0 0 
_1.ptx 989 : 1070376 19456704 0 0 0 0 0 0 0 
_1.ptx 990 : 1070376 11868568 0 0 0 0 0 0 0 
_1.ptx 991 : 1070376 25541320 4281504 0 0 33450 33450 0 0 
_1.ptx 1400 : 1070592 4341760 0 0 0 0 0 0 0 
_1.ptx 1401 : 1070592 4258816 0 0 0 0 0 0 0 
_1.ptx 1402 : 1070592 8598528 0 0 0 0 0 0 0 
_1.ptx 1403 : 1070592 6430304 0 0 0 0 0 0 0 
_1.ptx 994 : 1071104 6501856 0 0 0 0 0 0 0 
_1.ptx 1404 : 1070592 6443520 0 0 0 0 0 0 0 
_1.ptx 1405 : 1070592 11853408 0 0 0 0 0 0 0 
_1.ptx 1406 : 1070592 6431040 0 0 0 0 0 0 0 
_1.ptx 1407 : 1070592 11823104 0 0 0 0 0 0 0 
_1.ptx 1408 : 1070592 9660160 0 0 0 0 0 0 0 
_1.ptx 1409 : 1070592 8594304 0 0 0 0 0 0 0 
_1.ptx 1410 : 1070592 1296 0 0 0 0 0 0 1 
_1.ptx 1412 : 1070376 7526264 0 0 0 0 0 0 0 
_1.ptx 1414 : 1070376 7535384 0 0 0 0 0 0 0 
_1.ptx 1415 : 1070376 10774512 0 0 0 0 0 0 0 
_1.ptx 1416 : 1070376 4524984 0 0 0 0 0 0 0 
_1.ptx 1417 : 1070376 11810296 0 0 0 0 0 0 0 
_1.ptx 1418 : 1070376 233754048 1277824 0 0 33450 33450 0 0 
_1.ptx 1419 : 1070376 8584160 0 0 0 0 0 0 0 
_1.ptx 1420 : 1070376 6430064 0 0 0 0 0 0 0 
_1.ptx 1015 : 1070592 31009120 0 0 0 0 0 0 0 
_1.ptx 1016 : 1070592 25621440 128 0 0 0 0 0 0 
_1.ptx 1017 : 1070592 8717536 0 0 0 0 0 0 0 
_1.ptx 1018 : 1070592 6508416 0 0 0 0 0 0 0 
_1.ptx 1019 : 1070592 6580480 0 0 0 0 0 0 0 
_1.ptx 1020 : 1070592 12036192 0 0 0 0 0 0 0 
_1.ptx 1021 : 1070592 6509920 0 0 0 0 0 0 0 
_1.ptx 1022 : 1070592 11879488 0 0 0 0 0 0 0 
_1.ptx 1023 : 1070592 9695520 0 0 0 0 0 0 0 
_1.ptx 1024 : 1070592 8633920 0 0 0 0 0 0 0 
_1.ptx 1025 : 1070592 1296 0 0 0 0 0 0 1 
_1.ptx 1027 : 1070376 7604712 0 0 0 0 0 0 0 
_1.ptx 1028 : 1070376 10851992 0 0 0 0 0 0 0 
_1.ptx 1438 : 1070376 7519960 0 0 0 0 0 0 0 
_1.ptx 1029 : 1070376 6473008 0 0 0 0 0 0 0 
_1.ptx 1439 : 1070376 8877864 0 0 0 33450 33450 0 0 
_1.ptx 1030 : 1070376 27480728 0 0 0 0 0 0 0 
_1.ptx 1031 : 1070376 11832056 0 0 0 0 0 0 0 
_1.ptx 1441 : 1070376 6110560 0 0 0 0 0 0 0 
_1.ptx 1032 : 1070376 49588264 4281504 0 0 33450 33450 0 0 
_1.ptx 1442 : 1070376 11793432 0 0 0 0 0 0 0 
_1.ptx 1443 : 1070376 348195072 4281600 0 0 33450 33450 0 0 
_1.ptx 1034 : 1070376 6484752 0 0 0 0 0 0 0 
_1.ptx 1035 : 1070376 39198296 0 0 0 0 0 0 0 
_1.ptx 1445 : 1070376 7509568 0 0 0 0 0 0 0 
_1.ptx 1036 : 1070376 11819576 0 0 0 0 0 0 0 
_1.ptx 1037 : 1070376 51849000 4281504 0 0 33450 33450 0 0 
_1.ptx 1447 : 1070376 7506904 0 0 0 0 0 0 0 
_1.ptx 1448 : 1070376 10743792 0 0 0 0 0 0 0 
_1.ptx 1039 : 1070376 36730552 0 0 0 0 0 0 0 
_1.ptx 1449 : 1070376 11793016 0 0 0 0 0 0 0 
_1.ptx 1040 : 1070376 11816792 0 0 0 0 0 0 0 
_1.ptx 1450 : 1070376 321258096 3185920 0 0 310231 33450 0 0 
_1.ptx 1041 : 1070376 53460776 4281504 0 0 33450 33450 0 0 
_1.ptx 1451 : 1070376 8576416 0 0 0 0 0 0 0 
_1.ptx 1452 : 1070376 6428272 0 0 0 0 0 0 0 
_1.ptx 1043 : 1070376 6481488 0 0 0 0 0 0 0 
_1.ptx 1044 : 1070376 41654392 0 0 0 0 0 0 0 
_1.ptx 1045 : 1070376 11819928 0 0 0 0 0 0 0 
_1.ptx 1046 : 1070376 51632432 4281504 0 0 33450 33450 0 0 
_1.ptx 1048 : 1070376 40919736 0 0 0 0 0 0 0 
_1.ptx 1049 : 1070376 11820280 0 0 0 0 0 0 0 
_1.ptx 1050 : 1070376 50361352 4281504 0 0 33450 33450 0 0 
_1.ptx 1052 : 1070376 6460080 0 0 0 0 0 0 0 
_1.ptx 1053 : 1070376 39787288 0 0 0 0 0 0 0 
_1.ptx 1054 : 1070376 11830360 0 0 0 0 0 0 0 
_1.ptx 1055 : 1070376 49397864 515744 0 0 33450 33450 0 0 
_1.ptx 1058 : 1070592 6461824 0 0 0 0 0 0 0 
_1.ptx 1470 : 1070376 25947720 0 0 0 310231 33450 0 0 
_1.ptx 1472 : 1070376 28631976 0 0 0 33450 33450 0 0 
_1.ptx 1473 : 1070376 8579264 0 0 0 0 0 0 0 
_1.ptx 1474 : 1070376 0 0 0 0 0 0 0 0 
_1.ptx 1475 : 1070376 8577536 0 0 0 0 0 0 0 
_1.ptx 1476 : 1070376 0 0 0 0 0 0 0 0 
_1.ptx 1477 : 1070376 11162200 0 0 0 0 0 0 0 
_1.ptx 1478 : 1070376 11791064 0 0 0 0 0 0 0 
_1.ptx 1479 : 1070376 358361944 4281600 0 0 33450 33450 0 0 
_1.ptx 1480 : 1070376 6426192 0 0 0 0 0 0 0 
_1.ptx 1481 : 1070376 8581952 0 0 0 0 0 0 0 
_1.ptx 1482 : 1070376 0 0 0 0 0 0 0 0 
_1.ptx 1483 : 1070376 7507128 0 0 0 0 0 0 0 
_1.ptx 1484 : 1070376 10734864 0 0 0 0 0 0 0 
_1.ptx 1485 : 1070376 5868728 0 0 0 0 0 0 0 
_1.ptx 1486 : 1070376 11808536 0 0 0 0 0 0 0 
_1.ptx 1487 : 1070376 342199072 4281600 0 0 33450 33450 0 0 
_1.ptx 1488 : 1070376 8586208 0 0 0 0 0 0 0 
_1.ptx 1489 : 1070376 0 0 0 0 0 0 0 0 
_1.ptx 1490 : 1070376 8595232 0 0 0 0 0 0 0 
_1.ptx 1491 : 1070376 0 0 0 0 0 0 0 0 
_1.ptx 1492 : 1070376 4977592 0 0 0 0 0 0 0 
_1.ptx 1493 : 1070376 11794744 0 0 0 0 0 0 0 
_1.ptx 1494 : 1070376 335028736 4281600 0 0 33450 33450 0 0 
_1.ptx 1085 : 1070592 4646880 0 0 0 0 0 0 0 
_1.ptx 1495 : 1070376 8591872 0 0 0 0 0 0 0 
_1.ptx 1086 : 1070592 5965760 0 0 0 0 0 0 0 
_1.ptx 1496 : 1070376 0 0 0 0 0 0 0 0 
_1.ptx 1087 : 1070592 8619360 0 0 0 0 0 0 0 
_1.ptx 1088 : 1070592 6456000 0 0 0 0 0 0 0 
_1.ptx 1498 : 1070376 6427888 0 0 0 0 0 0 0 
_1.ptx 1089 : 1070592 6494592 0 0 0 0 0 0 0 
_1.ptx 1499 : 1070376 5127800 0 0 0 0 0 0 0 
_1.ptx 1090 : 1070592 11910656 0 0 0 0 0 0 0 
_1.ptx 1500 : 1070376 11794328 0 0 0 0 0 0 0 
_1.ptx 1091 : 1070592 6466496 0 0 0 0 0 0 0 
_1.ptx 1501 : 1070376 6485320 477728 0 0 33450 33450 0 0 
_1.ptx 1092 : 1070592 11831360 0 0 0 0 0 0 0 
_1.ptx 1093 : 1070592 9687360 0 0 0 0 0 0 0 
_1.ptx 1094 : 1070592 8624480 0 0 0 0 0 0 0 
_1.ptx 1095 : 1070592 1296 0 0 0 0 0 0 1 
_1.ptx 1506 : 1070592 6430464 0 0 0 0 0 0 0 
_1.ptx 1097 : 1070376 7567896 0 0 0 0 0 0 0 
_1.ptx 1099 : 1070376 7589880 0 0 0 0 0 0 0 
_1.ptx 1100 : 1070376 10857680 0 0 0 0 0 0 0 
_1.ptx 1101 : 1070376 3675128 0 0 0 0 0 0 0 
_1.ptx 1102 : 1070376 11822744 0 0 0 0 0 0 0 
_1.ptx 1103 : 1070376 232258576 1686528 0 0 33450 33450 0 0 
_1.ptx 1104 : 1070376 8616384 0 0 0 0 0 0 0 
_1.ptx 1105 : 1070376 6473968 0 0 0 0 0 0 0 
_1.ptx 1123 : 1070376 7569560 0 0 0 0 0 0 0 
_1.ptx 1124 : 1070376 6033672 0 0 0 33450 33450 0 0 
_1.ptx 1126 : 1070376 7580728 0 0 0 0 0 0 0 
_1.ptx 1128 : 1070376 3900032 0 0 0 0 0 0 0 
_1.ptx 1129 : 1070376 11822520 0 0 0 0 0 0 0 
_1.ptx 1130 : 1070376 317844216 4281600 0 0 33450 33450 0 0 
_1.ptx 1131 : 1070376 6458512 0 0 0 0 0 0 0 
_1.ptx 1132 : 1070376 8621024 0 0 0 0 0 0 0 
_1.ptx 1133 : 1070376 0 0 0 0 0 0 0 0 
_1.ptx 1134 : 1070376 7579320 0 0 0 0 0 0 0 
_1.ptx 1135 : 1070376 6495536 0 0 0 0 0 0 0 
_1.ptx 1136 : 1070376 6505328 0 0 0 0 0 0 0 
_1.ptx 1137 : 1070376 6471664 0 0 0 0 0 0 0 
_1.ptx 1138 : 1070376 7577688 0 0 0 0 0 0 0 
_1.ptx 1142 : 2712798 27505535 0 0 0 131780 131780 0 0 
_1.ptx 1143 : 2712798 21842063 0 0 0 0 0 0 0 
_1.ptx 1144 : 2712798 0 0 0 0 0 0 0 0 
_1.ptx 1146 : 2712798 16446267 0 0 0 0 0 0 0 
_1.ptx 1147 : 2712798 21854745 0 0 0 0 0 0 0 
_1.ptx 1148 : 2712798 0 0 0 0 0 0 0 0 
_1.ptx 1149 : 2712798 9141227 0 0 0 0 0 0 0 
_1.ptx 1150 : 2712798 29969945 0 0 0 0 0 0 0 
_1.ptx 1151 : 2712798 343897080 4281600 0 0 131780 131780 0 0 
_1.ptx 1152 : 2712798 21838710 0 0 0 0 0 0 0 
_1.ptx 1153 : 2712798 0 0 0 0 0 0 0 0 
_1.ptx 1155 : 2712798 9167882 0 0 0 0 0 0 0 
_1.ptx 1156 : 2712798 19195612 0 0 0 0 0 0 0 
_1.ptx 1157 : 2712798 27487497 0 0 0 0 0 0 0 
_1.ptx 1158 : 2712798 29961162 0 0 0 0 0 0 0 
_1.ptx 1159 : 2712798 344358612 4281600 0 0 131780 131780 0 0 
_1.ptx 1160 : 2712798 16366493 0 0 0 0 0 0 0 
_1.ptx 1180 : 2712798 29966990 0 0 0 0 0 0 0 
_1.ptx 1181 : 2712798 9038932 0 0 0 0 0 0 0 
_1.ptx 1182 : 2712798 27543468 0 0 0 0 0 0 0 
_1.ptx 1183 : 2712798 21841763 0 0 0 0 0 0 0 
_1.ptx 1184 : 2712798 19228403 0 0 0 0 0 0 0 
_1.ptx 1185 : 2712798 19209394 0 0 0 0 0 0 0 
_1.ptx 1186 : 2712798 21844047 0 0 0 0 0 0 0 
_1.ptx 1187 : 2712798 19216010 0 0 0 0 0 0 0 
_1.ptx 1188 : 2712798 21851858 0 0 0 0 0 0 0 
_1.ptx 1189 : 2712798 16365265 0 0 0 0 0 0 0 
_1.ptx 1190 : 2712798 21843576 0 0 0 0 0 0 0 
_1.ptx 1191 : 2712798 0 0 0 0 0 0 0 0 
_1.ptx 1193 : 2712798 10031598 128 0 0 0 0 0 0 
_1.ptx 1194 : 2712798 19147310 0 0 0 0 0 0 0 
_1.ptx 1195 : 2712798 27420617 0 0 0 0 0 0 0 
_1.ptx 1196 : 2712798 29962084 0 0 0 0 0 0 0 
_1.ptx 1197 : 2712798 391483155 10851328 0 0 412114 131780 0 0 
_1.ptx 1198 : 2712798 16372251 0 0 0 0 0 0 0 
_1.ptx 1223 : 2712798 21835885 0 0 0 0 0 0 0 
_1.ptx 1224 : 2712798 5895679 0 0 0 0 0 0 82319 
_1.ptx 1226 : 1737183 20546164 0 0 0 117803 117803 0 0 
