kernel line : count latency dram_traffic smem_bk_conflicts smem_warp gmem_access_generated gmem_warp exposed_latency warp_divergence
_2.ptx 995 : 4499712 38915200 0 0 0 0 0 0 0 
_2.ptx 996 : 4499712 25448403 0 0 0 0 0 0 9765 
_2.ptx 998 : 997983 7197273 0 0 0 0 0 0 0 
_2.ptx 999 : 997983 8376819 0 0 0 0 0 0 0 
_2.ptx 1000 : 997983 8464494 0 0 0 0 0 0 0 
_2.ptx 1001 : 997983 11522462 0 0 0 0 0 0 0 
_2.ptx 1002 : 997983 11048506 0 0 0 0 0 0 0 
_2.ptx 1003 : 997983 8225636 0 0 0 0 0 0 0 
_2.ptx 1004 : 997983 11571517 0 0 0 0 0 0 0 
_2.ptx 1005 : 997983 8047083 0 0 0 0 0 0 0 
_2.ptx 1006 : 997983 11686352 0 0 0 0 0 0 0 
_2.ptx 1007 : 997983 11461711 0 0 0 0 0 0 0 
_2.ptx 1008 : 997983 9710607 0 66402 39060 0 0 0 0 
_2.ptx 1010 : 997983 11393711 0 0 0 0 0 0 0 
_2.ptx 1011 : 997983 10907739 0 0 0 0 0 0 0 
_2.ptx 1012 : 997983 8249197 0 0 0 0 0 0 0 
_2.ptx 1013 : 997983 11650890 0 0 0 0 0 0 0 
_2.ptx 1014 : 997983 8146086 0 0 0 0 0 0 0 
_2.ptx 1015 : 997983 11289905 0 0 0 0 0 0 0 
_2.ptx 1016 : 997983 11512212 0 0 0 0 0 0 0 
_2.ptx 1017 : 997983 10374353 0 66402 39060 0 0 0 0 
_2.ptx 1018 : 997983 7356711 0 66402 39060 0 0 0 0 
_2.ptx 1020 : 997983 11325425 0 66402 39060 0 0 0 0 
_2.ptx 1021 : 997983 11292816 0 0 0 0 0 0 0 
_2.ptx 1022 : 997983 6927527 0 66402 39060 0 0 0 0 
_2.ptx 1025 : 4499712 53065376 0 0 0 0 0 0 0 
_2.ptx 1026 : 4499712 38647616 0 0 0 0 0 0 0 
_2.ptx 1027 : 4499712 28427968 0 0 0 0 0 0 0 
_2.ptx 1030 : 499968 3446016 0 0 0 0 0 0 0 
_2.ptx 1032 : 499968 2161216 0 0 0 0 0 0 0 
_2.ptx 1033 : 499968 5452544 0 31248 15624 0 0 0 0 
_2.ptx 1034 : 499968 5580064 0 0 0 0 0 0 0 
_2.ptx 1035 : 499968 3058976 1999872 0 0 15624 15624 0 0 
_2.ptx 1037 : 499968 5229088 0 31248 15624 0 0 0 0 
_2.ptx 1038 : 499968 5583648 0 0 0 0 0 0 0 
_2.ptx 1039 : 499968 2869536 1999872 0 0 15624 15624 0 0 
_2.ptx 1041 : 499968 3219168 0 0 0 0 0 0 0 
_2.ptx 869 : 499968 3276288 0 0 0 0 0 0 0 
_2.ptx 870 : 499968 1585600 0 0 0 0 0 0 0 
_2.ptx 871 : 499968 3268992 0 0 0 0 0 0 0 
_2.ptx 872 : 499968 4184256 0 0 0 0 0 0 0 
_2.ptx 873 : 499968 0 0 0 0 0 0 0 0 
_2.ptx 874 : 499968 3378656 0 0 0 0 0 0 0 
_2.ptx 875 : 499968 3801152 0 0 0 0 0 0 0 
_2.ptx 876 : 499968 4220000 0 0 0 0 0 0 0 
_2.ptx 877 : 499968 3397376 0 0 0 0 0 0 0 
_2.ptx 881 : 499968 3318784 0 0 0 0 0 0 0 
_2.ptx 883 : 499968 3379424 0 0 0 0 0 0 0 
_2.ptx 884 : 499968 5711840 0 0 0 0 0 0 0 
_2.ptx 885 : 499968 3255712 0 0 0 0 0 0 0 
_2.ptx 886 : 499968 3782944 0 0 0 0 0 0 0 
_2.ptx 887 : 499968 5372448 0 0 0 0 0 0 0 
_2.ptx 888 : 499968 3818816 0 0 0 0 0 0 0 
_2.ptx 889 : 499968 5669888 0 0 0 0 0 0 0 
_2.ptx 890 : 499968 3790336 0 0 0 0 0 0 0 
_2.ptx 891 : 499968 5362464 0 0 0 0 0 0 0 
_2.ptx 892 : 499968 5630176 0 0 0 0 0 0 0 
_2.ptx 893 : 499968 1606720 0 0 0 0 0 0 0 
_2.ptx 894 : 499968 5657472 0 0 0 0 0 0 0 
_2.ptx 895 : 499968 142982176 1999872 0 0 15624 15624 0 0 
_2.ptx 896 : 499968 3175968 0 31248 15624 0 0 0 0 
_2.ptx 898 : 499968 5678624 0 0 0 0 0 0 0 
_2.ptx 899 : 499968 5725408 0 0 0 0 0 0 0 
_2.ptx 900 : 499968 3898240 0 0 0 0 0 0 0 
_2.ptx 901 : 499968 5326816 0 0 0 0 0 0 0 
_2.ptx 902 : 499968 3806880 0 0 0 0 0 0 0 
_2.ptx 903 : 499968 5689536 0 0 0 0 0 0 0 
_2.ptx 904 : 499968 3875008 0 0 0 0 0 0 0 
_2.ptx 905 : 499968 5352224 0 0 0 0 0 0 0 
_2.ptx 906 : 499968 5685952 0 0 0 0 0 0 0 
_2.ptx 907 : 499968 5692384 0 0 0 0 0 0 0 
_2.ptx 908 : 499968 144973152 1999872 0 0 15624 15624 0 0 
_2.ptx 909 : 499968 3175424 0 31248 15624 0 0 0 0 
_2.ptx 911 : 499968 3391968 0 0 0 0 0 0 0 
_2.ptx 912 : 499968 3966112 0 0 0 0 0 0 0 
_3.ptx 713 : 1000192 6129184 0 0 0 0 0 0 0 
_2.ptx 913 : 499968 3561024 0 0 0 0 0 0 0 
_3.ptx 714 : 1000192 6169408 0 0 0 0 0 0 0 
_2.ptx 914 : 499968 4245312 0 0 0 0 0 0 0 
_3.ptx 715 : 1000192 11378624 0 0 0 0 0 0 0 
_2.ptx 915 : 499968 0 0 0 0 0 0 0 0 
_3.ptx 716 : 1000192 6112192 0 0 0 0 0 0 0 
_2.ptx 916 : 499968 3391808 0 0 0 0 0 0 0 
_3.ptx 717 : 1000192 11128480 0 0 0 0 0 0 0 
_3.ptx 718 : 1000192 6109536 0 0 0 0 0 0 0 
_3.ptx 719 : 1000192 11379264 0 0 0 0 0 0 0 
_2.ptx 919 : 4499712 30681408 0 0 0 0 0 0 0 
_3.ptx 720 : 1000192 6105248 0 0 0 0 0 0 0 
_2.ptx 920 : 4499712 38527520 0 0 0 0 0 0 0 
_3.ptx 721 : 1000192 11074624 0 0 0 0 0 0 0 
_2.ptx 921 : 4499712 24386070 0 0 0 0 0 0 9765 
_3.ptx 722 : 1000192 4963712 128 0 0 0 0 0 0 
_3.ptx 723 : 1000192 4972896 0 0 0 0 0 0 0 
_2.ptx 923 : 997983 7077446 0 0 0 0 0 0 0 
_3.ptx 724 : 1000192 11346848 0 0 0 0 0 0 0 
_2.ptx 924 : 997983 8616871 0 0 0 0 0 0 0 
_3.ptx 725 : 1000192 8114112 0 0 0 0 0 0 0 
_2.ptx 925 : 997983 9007573 0 0 0 0 0 0 0 
_3.ptx 726 : 1000192 6104320 0 0 0 0 0 0 0 
_2.ptx 926 : 997983 11622716 0 0 0 0 0 0 0 
_3.ptx 727 : 192 1152 0 0 0 0 0 0 0 
_2.ptx 927 : 997983 11557131 0 0 0 0 0 0 0 
_2.ptx 928 : 997983 10865965 0 0 0 0 0 0 0 
_2.ptx 929 : 997983 7995275 0 0 0 0 0 0 0 
_3.ptx 730 : 1000000 11365600 0 0 0 0 0 0 0 
_2.ptx 930 : 997983 11485916 0 0 0 0 0 0 0 
_3.ptx 731 : 1000000 11436992 0 0 0 0 0 0 0 
_2.ptx 931 : 997983 7876458 0 0 0 0 0 0 0 
_3.ptx 732 : 1000000 6098880 0 0 0 0 0 0 0 
_2.ptx 932 : 997983 10956534 0 0 0 0 0 0 0 
_3.ptx 733 : 1000000 11103584 0 0 0 0 0 0 0 
_2.ptx 933 : 997983 11450074 0 0 0 0 0 0 0 
_3.ptx 734 : 1000000 7216064 0 0 0 0 0 0 0 
_2.ptx 934 : 997983 9597248 0 66402 39060 0 0 0 0 
_3.ptx 735 : 1000000 11397888 0 0 0 0 0 0 0 
_2.ptx 935 : 997983 10537083 0 0 0 0 0 0 0 
_3.ptx 736 : 1000000 10121920 0 0 0 0 0 0 0 
_2.ptx 936 : 997983 7862667 0 0 0 0 0 0 0 
_3.ptx 737 : 1000000 11436064 0 0 0 0 0 0 0 
_2.ptx 937 : 997983 11414697 0 0 0 0 0 0 0 
_3.ptx 738 : 1000000 8116832 0 0 0 0 0 0 0 
_2.ptx 938 : 997983 7801821 0 0 0 0 0 0 0 
_3.ptx 739 : 1000000 9099136 0 0 0 0 0 0 0 
_2.ptx 939 : 997983 10881984 0 0 0 0 0 0 0 
_3.ptx 740 : 1000000 8135040 0 0 0 0 0 0 0 
_2.ptx 940 : 997983 11401760 0 0 0 0 0 0 0 
_3.ptx 741 : 1000000 0 0 0 0 0 0 0 0 
_2.ptx 941 : 997983 9601426 0 66402 39060 0 0 0 0 
_3.ptx 742 : 1000000 7130464 0 0 0 0 0 0 0 
_2.ptx 942 : 997983 11388384 0 0 0 0 0 0 0 
_3.ptx 743 : 1000000 10368128 0 0 0 0 0 0 0 
_2.ptx 943 : 997983 6322003 0 66402 39060 0 0 0 0 
_3.ptx 744 : 1000000 3089984 0 0 0 0 0 0 0 
_3.ptx 745 : 1000000 11080704 0 0 0 0 0 0 0 
_3.ptx 746 : 1000000 3085984 0 0 0 0 0 0 0 
_2.ptx 946 : 4499712 51502016 0 0 0 0 0 0 0 
_3.ptx 747 : 1000000 11082560 0 0 0 0 0 0 0 
_3.ptx 748 : 1000000 3084864 0 0 0 0 0 0 0 
_2.ptx 948 : 4499712 34205632 0 0 0 0 0 0 0 
_3.ptx 749 : 1000000 11075008 0 0 0 0 0 0 0 
_2.ptx 949 : 4499712 32158240 0 0 0 0 0 0 0 
_2.ptx 950 : 4499712 38772256 0 0 0 0 0 0 0 
_2.ptx 951 : 4499712 27537952 0 0 0 0 0 0 0 
_2.ptx 952 : 499968 3590848 0 0 0 0 0 0 0 
_3.ptx 753 : 1000000 302704352 4000000 0 0 31250 31250 0 0 
_3.ptx 754 : 1000000 10075008 0 0 0 0 0 0 0 
_3.ptx 755 : 1000000 5699520 0 0 0 31250 31250 0 0 
_3.ptx 757 : 1000000 318626752 4000000 0 0 31250 31250 0 0 
_2.ptx 957 : 499968 3290560 0 0 0 0 0 0 0 
_3.ptx 758 : 1000000 10073952 0 0 0 0 0 0 0 
_2.ptx 958 : 499968 4203520 0 0 0 0 0 0 0 
_3.ptx 759 : 1000000 5082528 0 0 0 31250 31250 0 0 
_2.ptx 959 : 499968 3376926 0 0 0 0 0 0 1953 
_3.ptx 761 : 1000000 341292064 4000000 0 0 31250 31250 0 0 
_2.ptx 961 : 1953 14780 0 0 0 0 0 0 0 
_3.ptx 762 : 1000000 10109696 0 0 0 0 0 0 0 
_2.ptx 962 : 1953 20487 0 0 0 0 0 0 0 
_3.ptx 763 : 1000000 5145312 0 0 0 31250 31250 0 0 
_2.ptx 963 : 1953 14757 0 0 0 0 0 0 0 
_2.ptx 964 : 1953 22007 0 0 0 0 0 0 0 
_3.ptx 765 : 1000000 11080672 0 0 0 0 0 0 0 
_2.ptx 965 : 1953 14823 0 0 0 0 0 0 0 
_3.ptx 766 : 1000000 8116128 0 0 0 0 0 0 0 
_2.ptx 966 : 1953 20766 0 0 0 0 0 0 0 
_3.ptx 767 : 1000000 0 0 0 0 0 0 0 0 
_2.ptx 967 : 1953 21993 0 0 0 0 0 0 0 
_2.ptx 968 : 1953 6178 0 0 0 0 0 0 0 
_2.ptx 969 : 1953 16350 0 1953 1953 0 0 0 0 
_3.ptx 770 : 1000192 6090592 0 0 0 0 0 0 0 
_2.ptx 970 : 1953 6372 0 0 0 0 0 0 0 
_2.ptx 971 : 1953 12458 0 0 0 0 0 0 0 
_2.ptx 972 : 1953 12612 0 0 0 0 0 0 0 
_2.ptx 973 : 1953 16261 0 0 0 0 0 0 0 
_2.ptx 974 : 1953 18095 0 0 0 0 0 0 0 
_2.ptx 975 : 1953 14714 0 0 0 0 0 0 0 
_2.ptx 976 : 1953 20878 0 0 0 0 0 0 0 
_2.ptx 977 : 1953 22034 0 0 0 0 0 0 0 
_2.ptx 978 : 1953 10445 4128 0 0 1953 1953 0 0 
_2.ptx 980 : 1953 12659 0 0 0 0 0 0 0 
_2.ptx 981 : 1953 10230 0 1953 1953 0 0 0 0 
_2.ptx 984 : 499968 3931488 0 0 0 0 0 0 0 
_2.ptx 985 : 499968 3516384 0 0 0 0 0 0 0 
_2.ptx 986 : 499968 4277312 0 0 0 0 0 0 0 
_2.ptx 987 : 499968 0 0 0 0 0 0 0 0 
_2.ptx 988 : 499968 3439296 0 0 0 0 0 0 0 
_2.ptx 992 : 4499712 36526656 0 0 0 0 0 0 0 
_2.ptx 994 : 4499712 32749024 0 0 0 0 0 0 0 
