kernel line : count latency dram_traffic smem_bk_conflicts smem_warp gmem_access_generated gmem_warp exposed_latency warp_divergence
_1.ptx 65 : 28392 178311 0 0 0 0 0 0 0 
_1.ptx 66 : 28392 531712 0 0 0 0 0 0 0 
_1.ptx 67 : 28392 3754417 128 0 0 0 0 0 0 
_1.ptx 68 : 28392 205233 0 0 0 0 0 0 0 
_1.ptx 69 : 28392 519268 0 0 0 0 0 0 0 
_1.ptx 70 : 28392 320454 0 0 0 0 0 0 0 
_1.ptx 71 : 28392 2622851 640 0 0 1008 1008 0 0 
_1.ptx 72 : 28392 181573 0 0 0 0 0 0 0 
_1.ptx 73 : 28392 333527 0 0 0 0 0 0 0 
_1.ptx 74 : 28392 184455 0 0 0 0 0 0 0 
_1.ptx 75 : 28392 366479 0 0 0 0 0 0 0 
_1.ptx 76 : 28392 186371 0 0 0 0 0 0 0 
_1.ptx 77 : 28392 387024 0 0 0 0 0 0 0 
_1.ptx 78 : 28392 215102 0 0 0 0 0 0 0 
_1.ptx 79 : 28392 298173 0 0 0 0 0 0 0 
_1.ptx 80 : 28392 325325 0 0 0 0 0 0 0 
_1.ptx 81 : 28392 196743 0 0 0 0 0 0 0 
_1.ptx 82 : 28392 220452 0 0 0 0 0 0 0 
_1.ptx 83 : 28392 584478 0 0 0 0 0 0 0 
_1.ptx 87 : 709800 15761739 128 0 0 0 0 0 0 
_1.ptx 88 : 709800 8049812 0 0 0 0 0 0 0 
_1.ptx 89 : 709800 8119824 0 0 0 0 0 0 0 
_1.ptx 90 : 709800 5610995 0 0 0 0 0 0 0 
_1.ptx 91 : 709800 7714131 0 0 0 0 0 0 0 
_1.ptx 92 : 709800 8069066 0 0 0 0 0 0 0 
_1.ptx 93 : 709800 174990685 94208 0 0 115134 25200 0 0 
_1.ptx 94 : 709800 34251622 0 0 0 25200 25200 0 0 
_1.ptx 95 : 709800 6728425 0 0 0 0 0 0 0 
_1.ptx 96 : 709800 7601091 0 0 0 0 0 0 0 
_1.ptx 97 : 709800 7646109 0 0 0 0 0 0 0 
_1.ptx 98 : 709800 7671813 0 0 0 0 0 0 0 
_1.ptx 99 : 709800 6178018 0 0 0 0 0 0 0 
_1.ptx 100 : 709800 4669901 0 0 0 0 0 0 0 
_1.ptx 102 : 28392 225132 0 0 0 0 0 0 0 
_1.ptx 103 : 28392 206708 0 0 0 0 0 0 0 
_1.ptx 104 : 28392 438977 0 0 0 0 0 0 0 
_1.ptx 105 : 28392 224172 0 0 0 0 0 0 0 
_1.ptx 106 : 28392 223272 0 0 0 0 0 0 0 
_1.ptx 107 : 28392 229648 0 0 0 0 0 0 0 
_1.ptx 108 : 28392 196398 0 0 0 0 0 0 0 
_1.ptx 109 : 28392 241175 0 0 0 0 0 0 0 
_1.ptx 110 : 28392 125514 0 0 0 0 0 0 862 
_1.ptx 112 : 9895 114256 0 0 0 0 0 0 0 
_1.ptx 113 : 9895 68176 0 0 0 0 0 0 0 
_1.ptx 114 : 9895 112040 0 0 0 0 0 0 0 
_1.ptx 115 : 9895 76572 0 0 0 0 0 0 0 
_1.ptx 116 : 9895 68439 0 0 0 0 0 0 0 
_1.ptx 117 : 9895 69143 0 0 0 0 0 0 0 
_1.ptx 118 : 9895 92892 0 0 0 0 0 0 0 
_1.ptx 119 : 9895 92979 0 0 0 0 0 0 0 
_1.ptx 120 : 9895 68210 0 0 0 0 0 0 0 
_1.ptx 121 : 9895 112511 0 0 0 0 0 0 0 
_1.ptx 123 : 9895 150239 0 0 0 0 0 0 0 
_1.ptx 124 : 9895 169540 0 0 0 0 0 0 0 
_1.ptx 125 : 9895 112890 0 0 0 0 0 0 0 
_1.ptx 127 : 9895 67286 0 0 0 0 0 0 0 
_1.ptx 128 : 9895 68048 0 0 0 0 0 0 0 
_1.ptx 129 : 9895 68510 0 0 0 0 0 0 0 
_1.ptx 130 : 9895 67564 0 0 0 0 0 0 0 
_1.ptx 131 : 9895 112244 0 0 0 0 0 0 0 
_1.ptx 132 : 9895 465150 0 0 0 0 0 0 0 
_1.ptx 133 : 9895 112749 0 0 0 0 0 0 0 
_1.ptx 134 : 9895 68178 0 0 0 0 0 0 0 
_1.ptx 135 : 9895 83647 0 0 0 0 0 0 0 
_1.ptx 136 : 9895 93035 0 0 0 0 0 0 0 
_1.ptx 137 : 9895 76368 0 0 0 0 0 0 0 
_1.ptx 138 : 9895 76249 0 0 0 0 0 0 0 
_1.ptx 139 : 9895 76041 0 0 0 0 0 0 0 
_1.ptx 140 : 9895 83904 0 0 0 0 0 0 0 
_1.ptx 141 : 9895 77289 0 0 0 0 0 0 0 
_1.ptx 142 : 9895 68939 0 0 0 0 0 0 0 
_1.ptx 145 : 18497 213149 0 0 0 0 0 0 0 
_1.ptx 146 : 18497 129114 0 0 0 0 0 0 0 
_1.ptx 147 : 18497 129951 0 0 0 0 0 0 0 
_1.ptx 148 : 18497 174288 0 0 0 0 0 0 0 
_1.ptx 149 : 18497 127594 0 0 0 0 0 0 0 
_1.ptx 150 : 18497 175345 0 0 0 0 0 0 0 
_1.ptx 151 : 18497 128188 0 0 0 0 0 0 0 
_1.ptx 152 : 18497 173741 0 0 0 0 0 0 0 
_1.ptx 153 : 18497 210861 0 0 0 0 0 0 0 
_1.ptx 154 : 18497 175437 0 0 0 0 0 0 0 
_1.ptx 156 : 18497 223785 0 0 0 0 0 0 0 
_1.ptx 157 : 18497 130261 0 0 0 0 0 0 0 
_1.ptx 158 : 18497 157271 0 0 0 0 0 0 0 
_1.ptx 159 : 18497 173353 0 0 0 0 0 0 0 
_1.ptx 162 : 28392 219805 0 0 0 0 0 0 0 
_1.ptx 163 : 28392 198116 0 0 0 0 0 0 0 
_1.ptx 164 : 28392 435297 0 0 0 0 0 0 0 
_1.ptx 165 : 28392 223678 0 0 0 0 0 0 0 
_1.ptx 166 : 28392 231926 0 0 0 0 0 0 0 
_1.ptx 167 : 28392 307411 0 0 0 0 0 0 0 
_1.ptx 168 : 28392 317577 0 0 0 0 0 0 0 
_1.ptx 169 : 28392 324870 0 0 0 0 0 0 0 
_1.ptx 170 : 28392 325134 0 0 0 0 0 0 0 
_1.ptx 171 : 28392 317631 0 0 0 0 0 0 0 
_1.ptx 172 : 28392 325230 0 0 0 0 0 0 0 
_1.ptx 173 : 28392 218859 0 0 0 0 0 0 0 
_1.ptx 174 : 28392 310165 0 0 0 0 0 0 0 
_1.ptx 175 : 28392 323503 0 0 0 0 0 0 0 
_1.ptx 176 : 28392 345071 80992 0 0 1860 1008 0 0 
_1.ptx 178 : 28392 191906 0 0 0 0 0 0 0 
_1.ptx 196 : 35000 213775 0 0 0 0 0 0 0 
_1.ptx 197 : 35000 367450 0 0 0 0 0 0 0 
_1.ptx 198 : 35000 215150 0 0 0 0 0 0 0 
_1.ptx 199 : 35000 251650 0 0 0 0 0 0 0 
_1.ptx 200 : 35000 372325 0 0 0 0 0 0 0 
_1.ptx 201 : 35000 388525 0 0 0 0 0 0 0 
_1.ptx 202 : 35000 5138575 6400 0 0 1400 1400 0 0 
_1.ptx 203 : 35000 213975 0 0 0 0 0 0 0 
_1.ptx 204 : 35000 368100 0 0 0 0 0 0 0 
_1.ptx 205 : 35000 213825 0 0 0 0 0 0 0 
_1.ptx 206 : 35000 375500 0 0 0 0 0 0 0 
_1.ptx 207 : 35000 214175 0 0 0 0 0 0 0 
_1.ptx 208 : 35000 371575 0 0 0 0 0 0 0 
_1.ptx 209 : 35000 390125 0 0 0 0 0 0 0 
_1.ptx 210 : 35000 264050 0 0 0 0 0 0 0 
_1.ptx 211 : 35000 370625 0 0 0 0 0 0 0 
_1.ptx 212 : 35000 228500 0 0 0 0 0 0 0 
_1.ptx 213 : 35000 261775 0 0 0 0 0 0 0 
_1.ptx 214 : 35000 201525 0 0 0 0 0 0 0 
_1.ptx 218 : 875000 7820175 128 0 0 0 0 0 0 
_1.ptx 219 : 875000 9758950 0 0 0 0 0 0 0 
_1.ptx 220 : 875000 9715475 0 0 0 0 0 0 0 
_1.ptx 221 : 875000 6296000 0 0 0 0 0 0 0 
_1.ptx 222 : 875000 9020300 0 0 0 0 0 0 0 
_1.ptx 223 : 875000 9723550 0 0 0 0 0 0 0 
_1.ptx 224 : 875000 17108875 0 0 0 157500 35000 0 0 
_1.ptx 225 : 875000 11809800 0 0 0 35000 35000 0 0 
_1.ptx 226 : 875000 7930600 0 0 0 0 0 0 0 
_1.ptx 228 : 875000 15350075 7936 0 0 35000 35000 0 0 
_1.ptx 229 : 875000 17733550 0 0 0 157500 35000 0 0 
_1.ptx 230 : 875000 7929500 0 0 0 0 0 0 0 
_1.ptx 232 : 875000 8437600 0 0 0 35000 35000 0 0 
_1.ptx 233 : 875000 17671600 0 0 0 157400 35000 0 0 
_1.ptx 234 : 875000 7932125 0 0 0 0 0 0 0 
_1.ptx 236 : 875000 16270575 8832 0 0 35000 35000 0 0 
_1.ptx 237 : 875000 18190300 0 0 0 157500 35000 0 0 
_1.ptx 238 : 875000 7930725 0 0 0 0 0 0 0 
_1.ptx 240 : 875000 8420925 0 0 0 35000 35000 0 0 
_1.ptx 241 : 875000 18016500 0 0 0 157550 35000 0 0 
_1.ptx 242 : 875000 7929050 0 0 0 0 0 0 0 
_1.ptx 244 : 875000 15646000 8064 0 0 35000 35000 0 0 
_1.ptx 245 : 875000 19822875 0 0 0 157550 35000 0 0 
_1.ptx 246 : 875000 7989450 0 0 0 0 0 0 0 
_1.ptx 247 : 875000 8987550 0 0 0 0 0 0 0 
_1.ptx 248 : 875000 8926225 0 0 0 0 0 0 0 
_1.ptx 249 : 875000 8964850 0 0 0 0 0 0 0 
_1.ptx 250 : 875000 7147600 0 0 0 0 0 0 0 
_1.ptx 251 : 875000 5169425 0 0 0 0 0 0 0 
_1.ptx 253 : 35000 254325 0 0 0 0 0 0 0 
_1.ptx 254 : 35000 219025 0 0 0 0 0 0 0 
_1.ptx 255 : 35000 530650 0 0 0 0 0 0 0 
_1.ptx 256 : 35000 253500 0 0 0 0 0 0 0 
_1.ptx 257 : 35000 257900 0 0 0 0 0 0 0 
_1.ptx 258 : 35000 254500 0 0 0 0 0 0 0 
_1.ptx 259 : 35000 222250 0 0 0 0 0 0 0 
_1.ptx 260 : 35000 286450 0 0 0 0 0 0 0 
_1.ptx 261 : 35000 83359 0 0 0 0 0 0 1378 
_1.ptx 263 : 21487 242336 0 0 0 0 0 0 0 
_1.ptx 264 : 21487 135258 0 0 0 0 0 0 0 
_1.ptx 265 : 21487 239070 0 0 0 0 0 0 0 
_1.ptx 266 : 21487 156841 0 0 0 0 0 0 0 
_1.ptx 267 : 21487 134969 0 0 0 0 0 0 0 
_1.ptx 268 : 21487 135140 0 0 0 0 0 0 0 
_1.ptx 269 : 21487 196109 0 0 0 0 0 0 0 
_1.ptx 270 : 21487 196780 0 0 0 0 0 0 0 
_1.ptx 271 : 21487 135140 0 0 0 0 0 0 0 
_1.ptx 272 : 21487 239431 0 0 0 0 0 0 0 
_1.ptx 274 : 21487 330637 0 0 0 0 0 0 0 
_1.ptx 275 : 21487 363944 0 0 0 0 0 0 0 
_1.ptx 276 : 21487 240231 0 0 0 0 0 0 0 
_1.ptx 278 : 21487 134306 0 0 0 0 0 0 0 
_1.ptx 279 : 21487 135385 0 0 0 0 0 0 0 
_1.ptx 280 : 21487 136420 0 0 0 0 0 0 0 
_1.ptx 281 : 21487 133782 0 0 0 0 0 0 0 
_1.ptx 282 : 21487 239397 0 0 0 0 0 0 0 
_1.ptx 283 : 21487 1003693 0 0 0 0 0 0 0 
_1.ptx 284 : 21487 240282 0 0 0 0 0 0 0 
_1.ptx 285 : 21487 134759 0 0 0 0 0 0 0 
_1.ptx 286 : 21487 175160 0 0 0 0 0 0 0 
_1.ptx 287 : 21487 196647 0 0 0 0 0 0 0 
_1.ptx 288 : 21487 155766 0 0 0 0 0 0 0 
_1.ptx 289 : 21487 155925 0 0 0 0 0 0 0 
_1.ptx 290 : 21487 154847 0 0 0 0 0 0 0 
_1.ptx 291 : 21487 175964 0 0 0 0 0 0 0 
_1.ptx 292 : 21487 155976 0 0 0 0 0 0 0 
_1.ptx 293 : 21487 134425 0 0 0 0 0 0 0 
_1.ptx 296 : 13513 152370 0 0 0 0 0 0 0 
_1.ptx 297 : 13513 84560 0 0 0 0 0 0 0 
_1.ptx 298 : 13513 85051 0 0 0 0 0 0 0 
_1.ptx 299 : 13513 123306 0 0 0 0 0 0 0 
_1.ptx 300 : 13513 84595 0 0 0 0 0 0 0 
_1.ptx 301 : 13513 123487 0 0 0 0 0 0 0 
_1.ptx 302 : 13513 84895 0 0 0 0 0 0 0 
_1.ptx 303 : 13513 122941 0 0 0 0 0 0 0 
_1.ptx 304 : 13513 150738 0 0 0 0 0 0 0 
_1.ptx 305 : 13513 124350 0 0 0 0 0 0 0 
_1.ptx 307 : 13513 161972 0 0 0 0 0 0 0 
_1.ptx 308 : 13513 86611 0 0 0 0 0 0 0 
_1.ptx 309 : 13513 110457 0 0 0 0 0 0 0 
_1.ptx 310 : 13513 123275 0 0 0 0 0 0 0 
_1.ptx 313 : 35000 255625 0 0 0 0 0 0 0 
_1.ptx 314 : 35000 223675 0 0 0 0 0 0 0 
_1.ptx 315 : 35000 530325 0 0 0 0 0 0 0 
_1.ptx 316 : 35000 253875 0 0 0 0 0 0 0 
_1.ptx 317 : 35000 205200 0 0 0 0 0 0 0 
_1.ptx 318 : 35000 371200 0 0 0 0 0 0 0 
_1.ptx 319 : 35000 380275 0 0 0 0 0 0 0 
_1.ptx 320 : 35000 389400 0 0 0 0 0 0 0 
_1.ptx 321 : 35000 389075 0 0 0 0 0 0 0 
_1.ptx 322 : 35000 370375 0 0 0 0 0 0 0 
_1.ptx 323 : 35000 388850 0 0 0 0 0 0 0 
_1.ptx 324 : 35000 252100 0 0 0 0 0 0 0 
_1.ptx 325 : 35000 365925 0 0 0 0 0 0 0 
_1.ptx 326 : 35000 389325 0 0 0 0 0 0 0 
_1.ptx 327 : 35000 273150 115552 0 0 2450 1400 0 0 
_1.ptx 329 : 35000 214800 0 0 0 0 0 0 0 
