kernel line : count latency dram_traffic smem_bk_conflicts smem_warp gmem_access_generated gmem_warp exposed_latency warp_divergence
_1.ptx 2189 : 16519988 165756843 0 0 0 0 0 0 0 
_1.ptx 2190 : 16519988 132283074 0 0 0 0 0 0 0 
_1.ptx 2191 : 16519988 115848103 0 0 0 0 0 0 0 
_1.ptx 2192 : 16519988 115817911 0 0 0 0 0 0 0 
_1.ptx 2193 : 16519988 132258050 0 0 0 0 0 0 0 
_1.ptx 2194 : 16519988 115794365 0 0 0 0 0 0 0 
_1.ptx 2195 : 16519988 132244597 0 0 0 0 0 0 0 
_1.ptx 2196 : 16519988 99119968 0 0 0 0 0 0 0 
_1.ptx 2197 : 16519988 132235760 0 0 0 0 0 0 0 
_1.ptx 2198 : 16519988 0 0 0 0 0 0 0 0 
_1.ptx 2200 : 16519988 50650454 128 0 0 0 0 0 0 
_1.ptx 2201 : 16519988 115799642 0 0 0 0 0 0 0 
_1.ptx 2202 : 16519988 165637215 0 0 0 0 0 0 0 
_1.ptx 2203 : 16519988 181822699 0 0 0 0 0 0 0 
_1.ptx 2204 : 16519988 2156597467 134828800 0 0 13495818 4270526 0 0 
_1.ptx 2205 : 16519988 99119942 0 0 0 0 0 0 0 
_1.ptx 2019 : 2097152 12582912 0 0 0 0 0 0 0 
_1.ptx 2020 : 2097152 12582944 0 0 0 0 0 0 0 
_1.ptx 2021 : 2097152 23114560 0 0 0 0 0 0 0 
_1.ptx 2022 : 2097152 12582912 0 0 0 0 0 0 0 
_1.ptx 2023 : 2097152 318810976 0 0 0 0 0 0 0 
_1.ptx 2024 : 2097152 12582912 0 0 0 0 0 0 0 
_1.ptx 2025 : 2097152 23076224 0 0 0 0 0 0 0 
_1.ptx 2026 : 2097152 23106368 0 0 0 0 0 0 0 
_1.ptx 2027 : 2097152 14693248 0 0 0 0 0 0 0 
_1.ptx 2028 : 2097152 20985760 0 0 0 0 0 0 0 
_1.ptx 2029 : 2097152 23317408 0 0 0 0 0 0 0 
_1.ptx 2030 : 2097152 16784032 0 0 0 0 0 0 0 
_1.ptx 2230 : 16519988 99120026 0 0 0 0 0 0 0 
_1.ptx 2031 : 2097152 0 0 0 0 0 0 0 0 
_1.ptx 2231 : 16519988 132257490 0 0 0 0 0 0 0 
_1.ptx 2032 : 2097152 14690528 0 0 0 0 0 0 0 
_1.ptx 2232 : 16519988 99119986 0 0 0 0 0 0 0 
_1.ptx 2033 : 2097152 6418560 0 0 0 0 0 0 0 
_1.ptx 2034 : 2097152 12582912 0 0 0 0 0 0 0 
_1.ptx 2035 : 2097152 14691520 0 0 0 0 0 0 0 
_1.ptx 2238 : 16519988 50545488 0 0 0 0 0 0 0 
_1.ptx 2039 : 4194304 33569280 0 0 0 0 0 0 0 
_1.ptx 2239 : 16519988 181832105 0 0 0 0 0 0 0 
_1.ptx 2040 : 4194304 12583200 0 0 0 0 0 0 0 
_1.ptx 2240 : 16519988 1118944583 16288256 0 0 6075212 4270526 0 0 
_1.ptx 2042 : 2097152 12582912 0 0 0 0 0 0 0 
_1.ptx 2241 : 16519988 181829571 0 0 0 0 0 0 0 
_1.ptx 2043 : 2097152 12582912 0 0 0 0 0 0 0 
_1.ptx 2242 : 16519988 115824151 0 0 0 0 0 0 0 
_1.ptx 2243 : 16519988 165737667 0 0 0 0 0 0 0 
_1.ptx 2244 : 16519988 181831231 0 0 0 0 0 0 0 
_1.ptx 2245 : 16519988 5557979562 1753783424 0 0 16514380 4270526 0 0 
_1.ptx 2046 : 2097152 14701312 0 0 0 0 0 0 0 
_1.ptx 2246 : 16519988 132256188 0 0 0 0 0 0 0 
_1.ptx 2047 : 2097152 21050208 0 0 0 0 0 0 0 
_1.ptx 2247 : 16519988 77973534 0 0 0 0 0 0 1252350 
_1.ptx 2048 : 2097152 6411840 0 0 0 0 0 0 0 
_1.ptx 2049 : 2097152 23078208 0 0 0 0 0 0 0 
_1.ptx 2249 : 3524424 562586622 139520 0 0 3524370 1868014 0 0 
_1.ptx 2050 : 2097152 491892608 10211456 0 0 131072 65536 0 0 
_1.ptx 2250 : 3524424 24706144 0 0 0 0 0 0 0 
_1.ptx 2051 : 2097152 12582944 0 0 0 0 0 0 0 
_1.ptx 2251 : 3524424 28219310 0 0 0 0 0 0 0 
_1.ptx 2052 : 2097152 16791360 0 0 0 0 0 0 0 
_1.ptx 2252 : 3524424 630 0 0 0 0 0 0 87 
_1.ptx 2053 : 2097152 2134572 0 0 0 0 0 0 65378 
_1.ptx 2054 : 1741390 12267341 0 0 0 0 0 0 0 
_1.ptx 2254 : 3524319 21145948 0 0 0 0 0 0 0 
_1.ptx 2055 : 1741390 10510437 0 0 0 0 0 0 0 
_1.ptx 2255 : 3524319 21145973 0 0 0 0 0 0 0 
_1.ptx 2056 : 1741390 10448546 0 0 0 0 0 0 0 
_1.ptx 2057 : 1741390 12210951 0 0 0 0 0 0 0 
_1.ptx 2259 : 12995669 77975361 0 0 0 0 0 0 0 
_1.ptx 2061 : 16519988 901313066 7070592 0 0 6075212 4270526 0 0 
_1.ptx 2062 : 16519988 132245061 0 0 0 0 0 0 0 
_1.ptx 2262 : 16519988 99120223 0 0 0 0 0 0 0 
_1.ptx 2063 : 16519988 0 0 0 0 0 0 0 0 
_1.ptx 2263 : 16519988 132295297 0 0 0 0 0 0 0 
_1.ptx 2264 : 16519988 77974240 0 0 0 0 0 0 1252344 
_1.ptx 2065 : 16519988 99120280 0 0 0 0 0 0 0 
_1.ptx 2265 : 3524319 21145987 0 0 0 0 0 0 0 
_1.ptx 2066 : 16519988 132273800 0 0 0 0 0 0 0 
_1.ptx 2067 : 16519988 0 0 0 0 0 0 0 0 
_1.ptx 2267 : 16519988 165370796 0 0 0 0 0 0 0 
_1.ptx 2068 : 16519988 50510077 0 0 0 0 0 0 0 
_1.ptx 2268 : 16519988 132286673 0 0 0 0 0 0 0 
_1.ptx 2069 : 16519988 181809555 0 0 0 0 0 0 0 
_1.ptx 2269 : 16519988 88671614 0 0 0 0 0 0 807948 
_1.ptx 2070 : 16519988 1159264715 16016768 0 0 6075212 4270526 0 0 
_1.ptx 2270 : 1741390 10448340 0 0 0 0 0 0 0 
_1.ptx 2071 : 16519988 132284295 0 0 0 0 0 0 0 
_1.ptx 2072 : 16519988 0 0 0 0 0 0 0 0 
_1.ptx 2272 : 355762 2134572 0 0 0 0 0 0 0 
_1.ptx 2074 : 16519988 50568775 0 0 0 0 0 0 0 
_1.ptx 2075 : 16519988 115815105 0 0 0 0 0 0 0 
_1.ptx 2275 : 2097152 14773792 0 0 0 0 0 0 0 
_1.ptx 2076 : 16519988 165792779 0 0 0 0 0 0 0 
_1.ptx 2077 : 16519988 181864206 0 0 0 0 0 0 0 
_1.ptx 2078 : 16519988 963610447 16428032 0 0 6075212 4270526 0 0 
_1.ptx 2278 : 4194304 25243712 0 0 0 0 0 0 0 
_1.ptx 2079 : 16519988 99119979 0 0 0 0 0 0 0 
_1.ptx 2279 : 4194304 33564480 0 0 0 0 0 0 0 
_1.ptx 2280 : 4194304 20971488 0 0 0 0 0 0 53017 
_1.ptx 2282 : 699056 4194336 0 0 0 0 0 0 0 
_1.ptx 2283 : 699056 2205950 0 0 0 0 0 0 0 
_1.ptx 2284 : 699056 3549295 1248 0 0 53017 53017 0 0 
_1.ptx 2286 : 4194304 41965952 0 0 0 0 0 0 0 
_1.ptx 2287 : 4194304 33567456 0 0 0 0 0 0 0 
_1.ptx 2288 : 4194304 12582944 0 0 0 0 0 0 0 
_1.ptx 2291 : 2097152 12582944 0 0 0 0 0 0 0 
_1.ptx 2099 : 16519988 181815599 0 0 0 0 0 0 0 
_1.ptx 2100 : 16519988 52960210 0 0 0 0 0 0 0 
_1.ptx 2101 : 16519988 165699722 0 0 0 0 0 0 0 
_1.ptx 2102 : 16519988 132278678 0 0 0 0 0 0 0 
_1.ptx 2103 : 16519988 115822613 0 0 0 0 0 0 0 
_1.ptx 2104 : 16519988 115821525 0 0 0 0 0 0 0 
_1.ptx 2105 : 16519988 132315030 0 0 0 0 0 0 0 
_1.ptx 2106 : 16519988 115819627 0 0 0 0 0 0 0 
_1.ptx 2107 : 16519988 132260182 0 0 0 0 0 0 0 
_1.ptx 2108 : 16519988 99119974 0 0 0 0 0 0 0 
_1.ptx 2109 : 16519988 132262460 0 0 0 0 0 0 0 
_1.ptx 2110 : 16519988 0 0 0 0 0 0 0 0 
_1.ptx 2112 : 16519988 50394000 0 0 0 0 0 0 0 
_1.ptx 2113 : 16519988 115805065 0 0 0 0 0 0 0 
_1.ptx 2114 : 16519988 165576180 0 0 0 0 0 0 0 
_1.ptx 2115 : 16519988 181819403 0 0 0 0 0 0 0 
_1.ptx 2116 : 16519988 2199846833 143134720 0 0 13495818 4270526 0 0 
_1.ptx 2117 : 16519988 99119972 0 0 0 0 0 0 0 
_1.ptx 1744 : 1048576 6291456 0 0 0 0 0 0 0 
_1.ptx 2142 : 16519988 132260422 0 0 0 0 0 0 0 
_1.ptx 1745 : 1048576 6291456 0 0 0 0 0 0 0 
_1.ptx 2143 : 16519988 99119991 0 0 0 0 0 0 0 
_1.ptx 1746 : 1048576 11550464 0 0 0 0 0 0 0 
_1.ptx 1747 : 1048576 6291456 0 0 0 0 0 0 0 
_1.ptx 1748 : 1048576 11536736 0 0 0 0 0 0 0 
_1.ptx 1749 : 1048576 3396768 128 0 0 0 0 0 0 
_1.ptx 1750 : 1048576 8391968 0 0 0 0 0 0 0 
_1.ptx 2149 : 16519988 587275704 5242880 0 0 6075212 4270526 0 0 
_1.ptx 1751 : 1048576 0 0 0 0 0 0 0 0 
_1.ptx 2150 : 16519988 132253138 0 0 0 0 0 0 0 
_1.ptx 2151 : 16519988 0 0 0 0 0 0 0 0 
_1.ptx 1753 : 1048576 6291456 0 0 0 0 0 0 0 
_1.ptx 1754 : 1048576 3145728 0 0 0 0 0 0 0 
_1.ptx 2153 : 16519988 99120283 0 0 0 0 0 0 0 
_1.ptx 1755 : 1048576 7352832 0 0 0 0 0 0 0 
_1.ptx 2154 : 16519988 132265073 0 0 0 0 0 0 0 
_1.ptx 1756 : 1048576 10555392 0 0 0 0 0 0 0 
_1.ptx 2155 : 16519988 0 0 0 0 0 0 0 0 
_1.ptx 1757 : 1048576 11535104 0 0 0 0 0 0 0 
_1.ptx 2156 : 16519988 50394369 0 0 0 0 0 0 0 
_1.ptx 1758 : 1048576 5265472 4194304 0 0 32768 32768 0 0 
_1.ptx 2157 : 16519988 181799773 0 0 0 0 0 0 0 
_1.ptx 2158 : 16519988 540853983 3815808 0 0 6075212 4270526 0 0 
_1.ptx 2159 : 16519988 132264786 0 0 0 0 0 0 0 
_1.ptx 1761 : 1048576 6291456 0 0 0 0 0 0 0 
_1.ptx 2160 : 16519988 0 0 0 0 0 0 0 0 
_1.ptx 2162 : 16519988 50364051 0 0 0 0 0 0 0 
_1.ptx 2163 : 16519988 115779130 0 0 0 0 0 0 0 
_1.ptx 2164 : 16519988 165707926 0 0 0 0 0 0 0 
_1.ptx 2165 : 16519988 181834743 0 0 0 0 0 0 0 
_1.ptx 2166 : 16519988 389639290 3062016 0 0 6075212 4270526 0 0 
_1.ptx 2167 : 16519988 99119943 0 0 0 0 0 0 0 
_1.ptx 2187 : 16519988 181812911 0 0 0 0 0 0 0 
_1.ptx 2188 : 16519988 51767792 0 0 0 0 0 0 0 
