kernel line : count latency dram_traffic smem_bk_conflicts smem_warp gmem_access_generated gmem_warp exposed_latency warp_divergence
_1.ptx 67 : 1179648 7127296 0 0 0 0 0 0 0 
_1.ptx 68 : 1179648 12499456 0 0 0 0 0 0 0 
_1.ptx 69 : 1179648 7136288 0 0 0 0 0 0 0 
_1.ptx 70 : 1179648 12132256 0 0 0 0 0 0 0 
_1.ptx 71 : 1179648 7843744 0 0 0 0 0 0 0 
_1.ptx 72 : 1179648 8019712 0 0 0 0 0 0 0 
_1.ptx 73 : 1179648 13235328 0 0 0 0 0 0 0 
_1.ptx 74 : 1179648 13079552 0 0 0 0 0 0 0 
_1.ptx 75 : 1179648 8160128 0 0 0 0 0 0 0 
_1.ptx 76 : 1179648 9252896 0 0 0 0 0 0 0 
_1.ptx 77 : 1179648 8891712 0 0 0 0 0 0 0 
_1.ptx 78 : 1179648 12109152 0 0 0 0 0 0 0 
_1.ptx 79 : 1179648 13002976 0 0 0 0 0 0 0 
_1.ptx 80 : 1179648 12164608 0 0 0 0 0 0 0 
_1.ptx 81 : 1179648 12982016 0 0 0 0 0 0 0 
_1.ptx 82 : 1179648 4102720 128 0 0 0 0 0 0 
_1.ptx 83 : 1179648 13313856 0 0 0 0 0 0 0 
_1.ptx 84 : 1179648 12977472 0 0 0 0 0 0 0 
_1.ptx 85 : 1179648 8263200 0 0 0 0 0 0 0 
_1.ptx 86 : 1179648 11815328 0 0 0 0 0 0 0 
_1.ptx 87 : 1179648 3541568 0 0 0 0 0 0 0 
_1.ptx 88 : 1179648 12977440 0 0 0 0 0 0 0 
_1.ptx 89 : 1179648 345526560 9114624 0 0 73728 36864 0 0 
_1.ptx 90 : 1179648 7455584 0 73728 36864 0 0 0 0 
_1.ptx 91 : 1179648 7559712 0 0 0 73728 36864 0 0 
_1.ptx 92 : 1179648 7752640 0 73728 36864 0 0 0 0 
_1.ptx 93 : 1179648 337196640 9281280 0 0 73728 36864 0 0 
_1.ptx 94 : 1179648 7220416 0 73728 36864 0 0 0 0 
_1.ptx 95 : 1179648 7345856 0 0 0 73728 36864 0 0 
_1.ptx 96 : 1179648 7458432 0 73728 36864 0 0 0 0 
_1.ptx 97 : 1179648 11860672 0 0 0 0 0 0 0 
_1.ptx 98 : 1179648 7097696 0 0 0 0 0 0 0 
_1.ptx 99 : 1179648 9534464 0 0 0 0 0 0 0 
_1.ptx 100 : 1179648 147744 0 0 0 0 0 0 0 
_1.ptx 102 : 1155072 113671584 155904 0 0 72192 36096 0 0 
_1.ptx 103 : 1155072 6932544 0 0 0 0 0 0 0 
_1.ptx 105 : 24576 147648 0 0 0 0 0 0 0 
_1.ptx 107 : 1179648 7308608 0 73728 36864 0 0 0 0 
_1.ptx 108 : 1179648 4031136 0 0 0 0 0 0 0 
_1.ptx 109 : 1179648 12999200 0 0 0 0 0 0 0 
_1.ptx 110 : 1179648 11823232 0 0 0 0 0 0 0 
_1.ptx 111 : 1179648 7084448 0 0 0 0 0 0 0 
_1.ptx 112 : 1179648 9447680 0 0 0 0 0 0 0 
_1.ptx 113 : 1179648 147456 0 0 0 0 0 0 0 
_1.ptx 115 : 1155072 117739936 322560 0 0 72192 36096 0 0 
_1.ptx 116 : 1155072 6931296 0 0 0 0 0 0 0 
_1.ptx 118 : 24576 147488 0 0 0 0 0 0 0 
_1.ptx 120 : 1179648 7354080 0 73728 36864 0 0 0 0 
_1.ptx 122 : 1179648 7096288 0 0 0 0 0 0 0 
_1.ptx 124 : 1179648 7081568 0 0 0 0 0 0 0 
_1.ptx 125 : 1179648 5657760 128 0 0 0 0 0 0 
_1.ptx 126 : 1179648 11933024 0 73728 36864 0 0 0 0 
_1.ptx 127 : 1179648 10630912 0 0 0 0 0 0 0 
_1.ptx 128 : 1179648 4315296 0 0 0 0 0 0 0 
_1.ptx 129 : 1179648 11823712 0 73728 36864 0 0 0 0 
_1.ptx 130 : 1179648 10634304 0 0 0 0 0 0 0 
_1.ptx 131 : 1179648 4595296 0 0 0 0 0 0 0 
_1.ptx 132 : 1179648 11545504 0 73728 36864 0 0 0 0 
_1.ptx 133 : 1179648 10629920 0 0 0 0 0 0 0 
_1.ptx 134 : 1179648 4105024 0 0 0 0 0 0 0 
_1.ptx 135 : 1179648 11525152 0 73728 36864 0 0 0 0 
_1.ptx 136 : 1179648 10632800 0 0 0 0 0 0 0 
_1.ptx 137 : 1179648 4411808 0 0 0 0 0 0 0 
_1.ptx 138 : 1179648 11316704 0 73728 36864 0 0 0 0 
_1.ptx 139 : 1179648 10633792 0 0 0 0 0 0 0 
_1.ptx 140 : 1179648 5458496 0 0 0 0 0 0 0 
_1.ptx 141 : 1179648 12328096 0 73728 36864 0 0 0 0 
_1.ptx 142 : 1179648 10743456 0 0 0 0 0 0 0 
_1.ptx 143 : 1179648 4947872 0 0 0 0 0 0 0 
_1.ptx 144 : 1179648 12483552 0 73728 36864 0 0 0 0 
_1.ptx 145 : 1179648 10829408 0 0 0 0 0 0 0 
_1.ptx 146 : 1179648 4133984 0 0 0 0 0 0 0 
_1.ptx 147 : 1179648 11420512 0 73728 36864 0 0 0 0 
_1.ptx 148 : 1179648 10871584 0 0 0 0 0 0 0 
_1.ptx 149 : 1179648 4565760 0 0 0 0 0 0 0 
_1.ptx 150 : 1179648 11510240 0 73728 36864 0 0 0 0 
_1.ptx 151 : 1179648 10856896 0 0 0 0 0 0 0 
_1.ptx 152 : 1179648 3915808 0 0 0 0 0 0 0 
_1.ptx 153 : 1179648 11516064 0 73728 36864 0 0 0 0 
_1.ptx 154 : 1179648 10855520 0 0 0 0 0 0 0 
_1.ptx 155 : 1179648 4617440 0 0 0 0 0 0 0 
_1.ptx 156 : 1179648 11412736 0 73728 36864 0 0 0 0 
_1.ptx 157 : 1179648 10856704 0 0 0 0 0 0 0 
_1.ptx 158 : 1179648 3939872 0 0 0 0 0 0 0 
_1.ptx 159 : 1179648 11948960 0 73728 36864 0 0 0 0 
_1.ptx 160 : 1179648 10755072 0 0 0 0 0 0 0 
_1.ptx 161 : 1179648 5142816 0 0 0 0 0 0 0 
_1.ptx 162 : 1179648 11849792 0 73728 36864 0 0 0 0 
_1.ptx 163 : 1179648 10657184 0 0 0 0 0 0 0 
_1.ptx 164 : 1179648 4143616 0 0 0 0 0 0 0 
_1.ptx 165 : 1179648 11539296 0 73728 36864 0 0 0 0 
_1.ptx 166 : 1179648 10668192 0 0 0 0 0 0 0 
_1.ptx 167 : 1179648 4942208 0 0 0 0 0 0 0 
_1.ptx 168 : 1179648 11498784 0 73728 36864 0 0 0 0 
_1.ptx 169 : 1179648 10769120 0 0 0 0 0 0 0 
_1.ptx 170 : 1179648 4141504 0 0 0 0 0 0 0 
_1.ptx 171 : 1179648 11428544 0 73728 36864 0 0 0 0 
_1.ptx 172 : 1179648 10671104 0 0 0 0 0 0 0 
_1.ptx 173 : 1179648 4697408 0 0 0 0 0 0 0 
_1.ptx 174 : 1179648 11902560 0 73728 36864 0 0 0 0 
_1.ptx 175 : 1179648 10638528 0 0 0 0 0 0 0 
_1.ptx 177 : 1179648 3969440 0 0 0 0 0 0 0 
_1.ptx 178 : 1179648 12997920 0 0 0 0 0 0 0 
_1.ptx 179 : 1179648 8070656 4718592 0 0 73728 36864 0 0 
_1.ptx 181 : 1179648 7085280 0 0 0 0 0 0 0 
_1.ptx 182 : 1179648 6162944 0 0 0 0 0 0 0 
_1.ptx 183 : 1179648 12227904 0 73728 36864 0 0 0 0 
_1.ptx 184 : 1179648 10637184 0 0 0 0 0 0 0 
_1.ptx 185 : 1179648 5661664 0 0 0 0 0 0 0 
_1.ptx 186 : 1179648 11931040 0 73728 36864 0 0 0 0 
_1.ptx 187 : 1179648 10651072 0 0 0 0 0 0 0 
_1.ptx 188 : 1179648 4522112 0 0 0 0 0 0 0 
_1.ptx 189 : 1179648 11531712 0 73728 36864 0 0 0 0 
_1.ptx 190 : 1179648 10636480 0 0 0 0 0 0 0 
_1.ptx 191 : 1179648 5191264 0 0 0 0 0 0 0 
_1.ptx 192 : 1179648 11537376 0 73728 36864 0 0 0 0 
_1.ptx 193 : 1179648 10709024 0 0 0 0 0 0 0 
_1.ptx 194 : 1179648 4125504 0 0 0 0 0 0 0 
_1.ptx 195 : 1179648 11757568 0 73728 36864 0 0 0 0 
_1.ptx 196 : 1179648 10735424 0 0 0 0 0 0 0 
_1.ptx 197 : 1179648 4900768 0 0 0 0 0 0 0 
_1.ptx 198 : 1179648 12210848 0 73728 36864 0 0 0 0 
_1.ptx 199 : 1179648 10687712 0 0 0 0 0 0 0 
_1.ptx 200 : 1179648 4222752 0 0 0 0 0 0 0 
_1.ptx 201 : 1179648 11772576 0 73728 36864 0 0 0 0 
_1.ptx 202 : 1179648 10635936 0 0 0 0 0 0 0 
_1.ptx 203 : 1179648 4886432 0 0 0 0 0 0 0 
_1.ptx 204 : 1179648 11538304 0 73728 36864 0 0 0 0 
_1.ptx 205 : 1179648 10715520 0 0 0 0 0 0 0 
_1.ptx 206 : 1179648 5584512 0 0 0 0 0 0 0 
_1.ptx 207 : 1179648 12371072 0 73728 36864 0 0 0 0 
_1.ptx 208 : 1179648 10671904 0 0 0 0 0 0 0 
_1.ptx 209 : 1179648 5053792 0 0 0 0 0 0 0 
_1.ptx 210 : 1179648 11523616 0 73728 36864 0 0 0 0 
_1.ptx 211 : 1179648 10642368 0 0 0 0 0 0 0 
_1.ptx 212 : 1179648 3944544 0 0 0 0 0 0 0 
_1.ptx 213 : 1179648 11599072 0 73728 36864 0 0 0 0 
_1.ptx 214 : 1179648 10878656 0 0 0 0 0 0 0 
_1.ptx 215 : 1179648 4485696 0 0 0 0 0 0 0 
_1.ptx 216 : 1179648 11512864 0 73728 36864 0 0 0 0 
_1.ptx 217 : 1179648 10737984 0 0 0 0 0 0 0 
_1.ptx 218 : 1179648 3869088 0 0 0 0 0 0 0 
_1.ptx 219 : 1179648 11705760 0 73728 36864 0 0 0 0 
_1.ptx 220 : 1179648 10736000 0 0 0 0 0 0 0 
_1.ptx 221 : 1179648 4434464 0 0 0 0 0 0 0 
_1.ptx 222 : 1179648 11378688 0 73728 36864 0 0 0 0 
_1.ptx 223 : 1179648 10718112 0 0 0 0 0 0 0 
_1.ptx 224 : 1179648 3885536 0 0 0 0 0 0 0 
_1.ptx 225 : 1179648 11836288 0 73728 36864 0 0 0 0 
_1.ptx 226 : 1179648 10736800 0 0 0 0 0 0 0 
_1.ptx 227 : 1179648 4510656 0 0 0 0 0 0 0 
_1.ptx 228 : 1179648 11466496 0 73728 36864 0 0 0 0 
_1.ptx 229 : 1179648 10726720 0 0 0 0 0 0 0 
_1.ptx 230 : 1179648 4029280 0 0 0 0 0 0 0 
_1.ptx 231 : 1179648 11734336 0 73728 36864 0 0 0 0 
_1.ptx 232 : 1179648 10844768 0 0 0 0 0 0 0 
_1.ptx 234 : 1179648 8486304 448 0 0 73728 36864 0 0 
_1.ptx 236 : 1179648 7077888 0 0 0 0 0 0 0 
_1.ptx 237 : 1179648 6932224 0 0 0 0 0 0 0 
_1.ptx 238 : 1179648 12357760 0 73728 36864 0 0 0 0 
_1.ptx 239 : 1179648 10627392 0 0 0 0 0 0 0 
_1.ptx 240 : 1179648 6140640 0 0 0 0 0 0 0 
_1.ptx 241 : 1179648 12758464 0 73728 36864 0 0 0 0 
_1.ptx 242 : 1179648 10748320 0 0 0 0 0 0 0 
_1.ptx 243 : 1179648 4890688 0 0 0 0 0 0 0 
_1.ptx 244 : 1179648 11335296 0 73728 36864 0 0 0 0 
_1.ptx 245 : 1179648 10767392 0 0 0 0 0 0 0 
_1.ptx 246 : 1179648 4119744 0 0 0 0 0 0 0 
_1.ptx 247 : 1179648 11810944 0 73728 36864 0 0 0 0 
_1.ptx 248 : 1179648 10741440 0 0 0 0 0 0 0 
_1.ptx 249 : 1179648 4600448 0 0 0 0 0 0 0 
_1.ptx 250 : 1179648 11818848 0 73728 36864 0 0 0 0 
_1.ptx 251 : 1179648 10625728 0 0 0 0 0 0 0 
_1.ptx 252 : 1179648 3854784 0 0 0 0 0 0 0 
_1.ptx 253 : 1179648 11516480 0 73728 36864 0 0 0 0 
_1.ptx 254 : 1179648 10623968 0 0 0 0 0 0 0 
_1.ptx 255 : 1179648 4442880 0 0 0 0 0 0 0 
_1.ptx 256 : 1179648 11273728 0 73728 36864 0 0 0 0 
_1.ptx 257 : 1179648 10734976 0 0 0 0 0 0 0 
_1.ptx 258 : 1179648 4017408 0 0 0 0 0 0 0 
_1.ptx 259 : 1179648 11584608 0 73728 36864 0 0 0 0 
_1.ptx 260 : 1179648 10707392 0 0 0 0 0 0 0 
_1.ptx 261 : 1179648 4980192 0 0 0 0 0 0 0 
_1.ptx 262 : 1179648 11742528 0 73728 36864 0 0 0 0 
_1.ptx 263 : 1179648 10712288 0 0 0 0 0 0 0 
_1.ptx 264 : 1179648 4790016 0 0 0 0 0 0 0 
_1.ptx 265 : 1179648 12364864 0 73728 36864 0 0 0 0 
_1.ptx 266 : 1179648 10635232 0 0 0 0 0 0 0 
_1.ptx 267 : 1179648 5249408 0 0 0 0 0 0 0 
_1.ptx 268 : 1179648 11816064 0 73728 36864 0 0 0 0 
_1.ptx 269 : 1179648 10821856 0 0 0 0 0 0 0 
_1.ptx 270 : 1179648 3777824 0 0 0 0 0 0 0 
_1.ptx 271 : 1179648 11166048 0 73728 36864 0 0 0 0 
_1.ptx 272 : 1179648 10792736 0 0 0 0 0 0 0 
_1.ptx 273 : 1179648 5221920 0 0 0 0 0 0 0 
_1.ptx 274 : 1179648 12082400 0 73728 36864 0 0 0 0 
_1.ptx 275 : 1179648 10645664 0 0 0 0 0 0 0 
_1.ptx 276 : 1179648 3903424 0 0 0 0 0 0 0 
_1.ptx 277 : 1179648 11396896 0 73728 36864 0 0 0 0 
_1.ptx 278 : 1179648 10763360 0 0 0 0 0 0 0 
_1.ptx 279 : 1179648 4929344 0 0 0 0 0 0 0 
_1.ptx 280 : 1179648 12737568 0 73728 36864 0 0 0 0 
_1.ptx 281 : 1179648 10649088 0 0 0 0 0 0 0 
_1.ptx 282 : 1179648 4131104 0 0 0 0 0 0 0 
_1.ptx 283 : 1179648 11713504 0 73728 36864 0 0 0 0 
_1.ptx 284 : 1179648 10643104 0 0 0 0 0 0 0 
_1.ptx 285 : 1179648 4437184 0 0 0 0 0 0 0 
_1.ptx 286 : 1179648 11214144 0 73728 36864 0 0 0 0 
_1.ptx 287 : 1179648 10654112 0 0 0 0 0 0 0 
_1.ptx 289 : 1179648 8179584 4718592 0 0 73728 36864 0 0 
_1.ptx 291 : 1179648 7077888 0 0 0 0 0 0 0 
_1.ptx 292 : 1179648 6120000 0 0 0 0 0 0 0 
_1.ptx 293 : 1179648 12520160 0 73728 36864 0 0 0 0 
_1.ptx 294 : 1179648 10627904 0 0 0 0 0 0 0 
_1.ptx 295 : 1179648 6153024 0 0 0 0 0 0 0 
_1.ptx 296 : 1179648 12544032 0 73728 36864 0 0 0 0 
_1.ptx 297 : 1179648 10641248 0 0 0 0 0 0 0 
_1.ptx 298 : 1179648 4204096 0 0 0 0 0 0 0 
_1.ptx 299 : 1179648 12114176 0 73728 36864 0 0 0 0 
_1.ptx 300 : 1179648 10694976 0 0 0 0 0 0 0 
_1.ptx 301 : 1179648 4918336 0 0 0 0 0 0 0 
_1.ptx 302 : 1179648 11698176 0 73728 36864 0 0 0 0 
_1.ptx 303 : 1179648 10626144 0 0 0 0 0 0 0 
_1.ptx 304 : 1179648 4187072 0 0 0 0 0 0 0 
_1.ptx 305 : 1179648 11301952 0 73728 36864 0 0 0 0 
_1.ptx 306 : 1179648 10661440 0 0 0 0 0 0 0 
_1.ptx 307 : 1179648 4967584 0 0 0 0 0 0 0 
_1.ptx 308 : 1179648 11569856 0 73728 36864 0 0 0 0 
_1.ptx 309 : 1179648 10722304 0 0 0 0 0 0 0 
_1.ptx 310 : 1179648 4140576 0 0 0 0 0 0 0 
_1.ptx 311 : 1179648 11591296 0 73728 36864 0 0 0 0 
_1.ptx 312 : 1179648 10717248 0 0 0 0 0 0 0 
_1.ptx 313 : 1179648 4748864 0 0 0 0 0 0 0 
_1.ptx 314 : 1179648 11975424 0 73728 36864 0 0 0 0 
_1.ptx 315 : 1179648 10713920 0 0 0 0 0 0 0 
_1.ptx 316 : 1179648 3939712 0 0 0 0 0 0 0 
_1.ptx 317 : 1179648 11448096 0 73728 36864 0 0 0 0 
_1.ptx 318 : 1179648 10700416 0 0 0 0 0 0 0 
_1.ptx 319 : 1179648 4692992 0 0 0 0 0 0 0 
_1.ptx 320 : 1179648 11727040 0 73728 36864 0 0 0 0 
_1.ptx 321 : 1179648 10697632 0 0 0 0 0 0 0 
_1.ptx 322 : 1179648 3876544 0 0 0 0 0 0 0 
_1.ptx 323 : 1179648 11280160 0 73728 36864 0 0 0 0 
_1.ptx 324 : 1179648 10697760 0 0 0 0 0 0 0 
_1.ptx 325 : 1179648 4687328 0 0 0 0 0 0 0 
_1.ptx 326 : 1179648 11751968 0 73728 36864 0 0 0 0 
_1.ptx 327 : 1179648 10698656 0 0 0 0 0 0 0 
_1.ptx 328 : 1179648 3947520 0 0 0 0 0 0 0 
_1.ptx 329 : 1179648 11579808 0 73728 36864 0 0 0 0 
_1.ptx 330 : 1179648 10722048 0 0 0 0 0 0 0 
_1.ptx 331 : 1179648 4817472 0 0 0 0 0 0 0 
_1.ptx 332 : 1179648 12054944 0 73728 36864 0 0 0 0 
_1.ptx 333 : 1179648 10753920 0 0 0 0 0 0 0 
_1.ptx 334 : 1179648 3981664 0 0 0 0 0 0 0 
_1.ptx 335 : 1179648 11385728 0 73728 36864 0 0 0 0 
_1.ptx 336 : 1179648 10668256 0 0 0 0 0 0 0 
_1.ptx 337 : 1179648 4203264 0 0 0 0 0 0 0 
_1.ptx 338 : 1179648 12398208 0 73728 36864 0 0 0 0 
_1.ptx 339 : 1179648 10668960 0 0 0 0 0 0 0 
_1.ptx 340 : 1179648 4336672 0 0 0 0 0 0 0 
_1.ptx 341 : 1179648 11789952 0 73728 36864 0 0 0 0 
_1.ptx 342 : 1179648 10667680 0 0 0 0 0 0 0 
_1.ptx 344 : 1179648 7302848 0 0 0 73728 36864 0 0 
_1.ptx 346 : 1179648 7078304 0 0 0 0 0 0 0 
_1.ptx 365 : 1179648 7084544 0 0 0 0 0 0 0 
_1.ptx 366 : 1179648 12112384 0 0 0 0 0 0 0 
_1.ptx 367 : 1179648 7088224 0 0 0 0 0 0 0 
_1.ptx 368 : 1179648 12090240 0 0 0 0 0 0 0 
_1.ptx 369 : 1179648 3561088 0 0 0 0 0 0 0 
_1.ptx 370 : 1179648 7096448 0 0 0 0 0 0 0 
_1.ptx 371 : 1179648 7098144 0 0 0 0 0 0 0 
_1.ptx 372 : 1179648 13026560 0 0 0 0 0 0 0 
_1.ptx 373 : 1179648 11819648 0 0 0 0 0 0 0 
_1.ptx 374 : 1179648 11972832 0 0 0 0 0 0 0 
_1.ptx 375 : 1179648 8305248 0 0 0 0 0 0 0 
_1.ptx 376 : 1179648 11972768 0 0 0 0 0 0 0 
_1.ptx 377 : 1179648 7122080 0 0 0 0 0 0 0 
_1.ptx 378 : 1179648 8315136 0 0 0 0 0 0 0 
_1.ptx 379 : 1179648 8276192 0 0 0 0 0 0 0 
_1.ptx 380 : 1179648 12046528 0 0 0 0 0 0 0 
_1.ptx 381 : 1179648 12987296 0 0 0 0 0 0 0 
_1.ptx 382 : 1179648 11987776 0 0 0 0 0 0 0 
_1.ptx 383 : 1179648 12988160 0 0 0 0 0 0 0 
_1.ptx 384 : 1179648 13084000 0 0 0 0 0 0 0 
_1.ptx 385 : 1179648 13015296 0 0 0 0 0 0 0 
_1.ptx 386 : 1179648 13039872 0 0 0 0 0 0 0 
_1.ptx 387 : 1179648 8318464 0 0 0 0 0 0 0 
_1.ptx 388 : 1179648 12093888 0 0 0 0 0 0 0 
_1.ptx 389 : 1179648 3546496 0 0 0 0 0 0 0 
_1.ptx 390 : 1179648 12988928 0 0 0 0 0 0 0 
_1.ptx 391 : 1179648 12989696 0 0 0 0 0 0 0 
_1.ptx 392 : 1179648 202211392 100352 0 0 73728 36864 0 0 
_1.ptx 393 : 1179648 7162144 0 73728 36864 0 0 0 0 
_1.ptx 394 : 1179648 11872576 0 0 0 0 0 0 0 
_1.ptx 395 : 1179648 8261472 0 0 0 0 0 0 0 
_1.ptx 396 : 1179648 11833440 0 0 0 0 0 0 0 
_1.ptx 397 : 1179648 12981056 0 0 0 0 0 0 0 
_1.ptx 398 : 1179648 282070624 4720640 0 0 73728 36864 0 0 
_1.ptx 399 : 1179648 7217440 0 73728 36864 0 0 0 0 
_1.ptx 400 : 1179648 11841280 0 0 0 0 0 0 0 
_1.ptx 401 : 1179648 8262528 0 0 0 0 0 0 0 
_1.ptx 402 : 1179648 11817248 0 0 0 0 0 0 0 
_1.ptx 403 : 1179648 12979456 0 0 0 0 0 0 0 
_1.ptx 404 : 1179648 294473184 4722432 0 0 73728 36864 0 0 
_1.ptx 405 : 1179648 7204992 0 73728 36864 0 0 0 0 
_1.ptx 406 : 1179648 11853376 0 0 0 0 0 0 0 
_1.ptx 407 : 1179648 8265984 0 0 0 0 0 0 0 
_1.ptx 408 : 1179648 11841408 0 0 0 0 0 0 0 
_1.ptx 409 : 1179648 12979456 0 0 0 0 0 0 0 
_1.ptx 410 : 1179648 302067328 4723456 0 0 73728 36864 0 0 
_1.ptx 411 : 1179648 7241152 0 73728 36864 0 0 0 0 
_1.ptx 412 : 1179648 7078336 0 0 0 0 0 0 0 
_1.ptx 413 : 1179648 9439584 0 0 0 0 0 0 0 
_1.ptx 414 : 1179648 147744 0 0 0 0 0 0 0 
_1.ptx 416 : 1155072 298631744 4623360 0 0 72192 36096 0 0 
_1.ptx 417 : 1155072 6932896 0 0 0 0 0 0 0 
_1.ptx 419 : 24576 147648 0 0 0 0 0 0 0 
_1.ptx 421 : 1179648 7257344 0 73728 36864 0 0 0 0 
_1.ptx 422 : 1179648 4013344 0 0 0 0 0 0 0 
_1.ptx 423 : 1179648 12991520 0 0 0 0 0 0 0 
_1.ptx 424 : 1179648 11813088 0 0 0 0 0 0 0 
_1.ptx 425 : 1179648 7088416 0 0 0 0 0 0 0 
_1.ptx 426 : 1179648 9445408 0 0 0 0 0 0 0 
_1.ptx 427 : 1179648 147520 0 0 0 0 0 0 0 
_1.ptx 429 : 1155072 11634272 0 0 0 0 0 0 0 
_1.ptx 430 : 1155072 8097888 0 0 0 0 0 0 0 
_1.ptx 431 : 1155072 11632320 0 0 0 0 0 0 0 
_1.ptx 432 : 1155072 12716000 0 0 0 0 0 0 0 
_1.ptx 433 : 1155072 289792864 4626688 0 0 72192 36096 0 0 
_1.ptx 434 : 1155072 6932544 0 0 0 0 0 0 0 
_1.ptx 436 : 24576 147552 0 0 0 0 0 0 0 
_1.ptx 438 : 1179648 7698240 0 73728 36864 0 0 0 0 
_1.ptx 440 : 1179648 7080576 0 0 0 0 0 0 0 
_1.ptx 442 : 1179648 7087552 0 0 0 0 0 0 0 
_1.ptx 443 : 1179648 5594848 0 0 0 0 0 0 0 
_1.ptx 444 : 1179648 12132448 0 73728 36864 0 0 0 0 
_1.ptx 445 : 1179648 10640576 0 0 0 0 0 0 0 
_1.ptx 446 : 1179648 5607808 0 0 0 0 0 0 0 
_1.ptx 447 : 1179648 12398752 0 73728 36864 0 0 0 0 
_1.ptx 448 : 1179648 10670784 0 0 0 0 0 0 0 
_1.ptx 449 : 1179648 4954336 0 0 0 0 0 0 0 
_1.ptx 450 : 1179648 12315712 0 73728 36864 0 0 0 0 
_1.ptx 451 : 1179648 10626432 0 0 0 0 0 0 0 
_1.ptx 452 : 1179648 4091936 0 0 0 0 0 0 0 
_1.ptx 453 : 1179648 11453824 0 73728 36864 0 0 0 0 
_1.ptx 454 : 1179648 10940064 0 0 0 0 0 0 0 
_1.ptx 455 : 1179648 4525664 0 0 0 0 0 0 0 
_1.ptx 456 : 1179648 11511168 0 73728 36864 0 0 0 0 
_1.ptx 457 : 1179648 10909536 0 0 0 0 0 0 0 
_1.ptx 458 : 1179648 3897760 0 0 0 0 0 0 0 
_1.ptx 459 : 1179648 11935712 0 73728 36864 0 0 0 0 
_1.ptx 460 : 1179648 10713824 0 0 0 0 0 0 0 
_1.ptx 461 : 1179648 3679104 0 0 0 0 0 0 0 
_1.ptx 462 : 1179648 12386304 0 73728 36864 0 0 0 0 
_1.ptx 463 : 1179648 10902720 0 0 0 0 0 0 0 
_1.ptx 464 : 1179648 3588320 0 0 0 0 0 0 0 
_1.ptx 465 : 1179648 11795648 0 73728 36864 0 0 0 0 
_1.ptx 466 : 1179648 10884256 0 0 0 0 0 0 0 
_1.ptx 467 : 1179648 4704288 0 0 0 0 0 0 0 
_1.ptx 468 : 1179648 11505824 0 73728 36864 0 0 0 0 
_1.ptx 469 : 1179648 10619008 0 0 0 0 0 0 0 
_1.ptx 470 : 1179648 4710176 0 0 0 0 0 0 0 
_1.ptx 471 : 1179648 11499232 0 73728 36864 0 0 0 0 
_1.ptx 472 : 1179648 10621600 0 0 0 0 0 0 0 
_1.ptx 473 : 1179648 5275904 0 0 0 0 0 0 0 
_1.ptx 474 : 1179648 11504128 0 73728 36864 0 0 0 0 
_1.ptx 475 : 1179648 10636416 0 0 0 0 0 0 0 
_1.ptx 476 : 1179648 4423232 0 0 0 0 0 0 0 
_1.ptx 477 : 1179648 11754272 0 73728 36864 0 0 0 0 
_1.ptx 478 : 1179648 10653024 0 0 0 0 0 0 0 
_1.ptx 479 : 1179648 5026368 0 0 0 0 0 0 0 
_1.ptx 480 : 1179648 12098048 0 73728 36864 0 0 0 0 
_1.ptx 481 : 1179648 10652416 0 0 0 0 0 0 0 
_1.ptx 482 : 1179648 4705984 0 0 0 0 0 0 0 
_1.ptx 483 : 1179648 11531232 0 73728 36864 0 0 0 0 
_1.ptx 484 : 1179648 10832416 0 0 0 0 0 0 0 
_1.ptx 485 : 1179648 5557600 0 0 0 0 0 0 0 
_1.ptx 486 : 1179648 11793568 0 73728 36864 0 0 0 0 
_1.ptx 487 : 1179648 10618432 0 0 0 0 0 0 0 
_1.ptx 488 : 1179648 4438304 0 0 0 0 0 0 0 
_1.ptx 489 : 1179648 11227328 0 73728 36864 0 0 0 0 
_1.ptx 490 : 1179648 10618208 0 0 0 0 0 0 0 
_1.ptx 491 : 1179648 4733888 0 0 0 0 0 0 0 
_1.ptx 492 : 1179648 11765920 0 73728 36864 0 0 0 0 
_1.ptx 493 : 1179648 10639360 0 0 0 0 0 0 0 
_1.ptx 495 : 1179648 3539008 0 0 0 0 0 0 0 
_1.ptx 496 : 1179648 12978560 0 0 0 0 0 0 0 
_1.ptx 497 : 1179648 12976128 0 0 0 0 0 0 0 
_1.ptx 498 : 1179648 8245248 4207104 0 0 73728 36864 0 0 
_1.ptx 500 : 1179648 7077888 0 0 0 0 0 0 0 
_1.ptx 501 : 1179648 7949120 0 0 0 0 0 0 0 
_1.ptx 502 : 1179648 13258240 0 73728 36864 0 0 0 0 
_1.ptx 503 : 1179648 10616960 0 0 0 0 0 0 0 
_1.ptx 504 : 1179648 4747680 0 0 0 0 0 0 0 
_1.ptx 505 : 1179648 11522720 0 73728 36864 0 0 0 0 
_1.ptx 506 : 1179648 11119616 0 0 0 0 0 0 0 
_1.ptx 507 : 1179648 4987072 0 0 0 0 0 0 0 
_1.ptx 508 : 1179648 11496800 0 73728 36864 0 0 0 0 
_1.ptx 509 : 1179648 11122144 0 0 0 0 0 0 0 
_1.ptx 510 : 1179648 4120768 0 0 0 0 0 0 0 
_1.ptx 511 : 1179648 11234432 0 73728 36864 0 0 0 0 
_1.ptx 512 : 1179648 10921824 0 0 0 0 0 0 0 
_1.ptx 513 : 1179648 5275360 0 0 0 0 0 0 0 
_1.ptx 514 : 1179648 12085056 0 73728 36864 0 0 0 0 
_1.ptx 515 : 1179648 10621344 0 0 0 0 0 0 0 
_1.ptx 516 : 1179648 3853888 0 0 0 0 0 0 0 
_1.ptx 517 : 1179648 11565856 0 73728 36864 0 0 0 0 
_1.ptx 518 : 1179648 10903584 0 0 0 0 0 0 0 
_1.ptx 519 : 1179648 4983840 0 0 0 0 0 0 0 
_1.ptx 520 : 1179648 12609312 0 73728 36864 0 0 0 0 
_1.ptx 521 : 1179648 10878176 0 0 0 0 0 0 0 
_1.ptx 522 : 1179648 4565376 0 0 0 0 0 0 0 
_1.ptx 523 : 1179648 11957696 0 73728 36864 0 0 0 0 
_1.ptx 524 : 1179648 10961312 0 0 0 0 0 0 0 
_1.ptx 525 : 1179648 4588928 0 0 0 0 0 0 0 
_1.ptx 526 : 1179648 11227584 0 73728 36864 0 0 0 0 
_1.ptx 527 : 1179648 10943616 0 0 0 0 0 0 0 
_1.ptx 528 : 1179648 5597184 0 0 0 0 0 0 0 
_1.ptx 529 : 1179648 12380160 0 73728 36864 0 0 0 0 
_1.ptx 530 : 1179648 10898624 0 0 0 0 0 0 0 
_1.ptx 531 : 1179648 4782944 0 0 0 0 0 0 0 
_1.ptx 532 : 1179648 11571264 0 73728 36864 0 0 0 0 
_1.ptx 533 : 1179648 10954912 0 0 0 0 0 0 0 
_1.ptx 534 : 1179648 3852992 0 0 0 0 0 0 0 
_1.ptx 535 : 1179648 11221728 0 73728 36864 0 0 0 0 
_1.ptx 536 : 1179648 10903104 0 0 0 0 0 0 0 
_1.ptx 537 : 1179648 4410272 0 0 0 0 0 0 0 
_1.ptx 538 : 1179648 11500704 0 73728 36864 0 0 0 0 
_1.ptx 539 : 1179648 10637280 0 0 0 0 0 0 0 
_1.ptx 540 : 1179648 3846144 0 0 0 0 0 0 0 
_1.ptx 541 : 1179648 11499392 0 73728 36864 0 0 0 0 
_1.ptx 542 : 1179648 10622016 0 0 0 0 0 0 0 
_1.ptx 543 : 1179648 4410912 0 0 0 0 0 0 0 
_1.ptx 544 : 1179648 11787936 0 73728 36864 0 0 0 0 
_1.ptx 545 : 1179648 10621792 0 0 0 0 0 0 0 
_1.ptx 546 : 1179648 4417152 0 0 0 0 0 0 0 
_1.ptx 547 : 1179648 12008224 0 73728 36864 0 0 0 0 
_1.ptx 548 : 1179648 10861504 0 0 0 0 0 0 0 
_1.ptx 549 : 1179648 4671744 0 0 0 0 0 0 0 
_1.ptx 550 : 1179648 12063328 0 73728 36864 0 0 0 0 
_1.ptx 551 : 1179648 10619328 0 0 0 0 0 0 0 
_1.ptx 553 : 1179648 13007744 0 0 0 0 0 0 0 
_1.ptx 554 : 1179648 8246400 4209152 0 0 73728 36864 0 0 
_1.ptx 556 : 1179648 7078080 0 0 0 0 0 0 0 
_1.ptx 557 : 1179648 5334176 0 0 0 0 0 0 0 
_1.ptx 558 : 1179648 11524032 0 73728 36864 0 0 0 0 
_1.ptx 559 : 1179648 10617440 0 0 0 0 0 0 0 
_1.ptx 560 : 1179648 5313248 0 0 0 0 0 0 0 
_1.ptx 561 : 1179648 11529984 0 73728 36864 0 0 0 0 
_1.ptx 562 : 1179648 10922048 0 0 0 0 0 0 0 
_1.ptx 563 : 1179648 5276864 0 0 0 0 0 0 0 
_1.ptx 564 : 1179648 12085120 0 73728 36864 0 0 0 0 
_1.ptx 565 : 1179648 10620928 0 0 0 0 0 0 0 
_1.ptx 566 : 1179648 3854592 0 0 0 0 0 0 0 
_1.ptx 567 : 1179648 11516768 0 73728 36864 0 0 0 0 
_1.ptx 568 : 1179648 10903584 0 0 0 0 0 0 0 
_1.ptx 569 : 1179648 4751584 0 0 0 0 0 0 0 
_1.ptx 570 : 1179648 12672672 0 73728 36864 0 0 0 0 
_1.ptx 571 : 1179648 11151456 0 0 0 0 0 0 0 
_1.ptx 572 : 1179648 4083904 0 0 0 0 0 0 0 
_1.ptx 573 : 1179648 11329408 0 73728 36864 0 0 0 0 
_1.ptx 574 : 1179648 10690048 0 0 0 0 0 0 0 
_1.ptx 575 : 1179648 4604640 0 0 0 0 0 0 0 
_1.ptx 576 : 1179648 11353504 0 73728 36864 0 0 0 0 
_1.ptx 577 : 1179648 10720800 0 0 0 0 0 0 0 
_1.ptx 578 : 1179648 5596640 0 0 0 0 0 0 0 
_1.ptx 579 : 1179648 12379744 0 73728 36864 0 0 0 0 
_1.ptx 580 : 1179648 10883424 0 0 0 0 0 0 0 
_1.ptx 581 : 1179648 5274816 0 0 0 0 0 0 0 
_1.ptx 582 : 1179648 11255904 0 73728 36864 0 0 0 0 
_1.ptx 583 : 1179648 10910112 0 0 0 0 0 0 0 
_1.ptx 584 : 1179648 3871744 0 0 0 0 0 0 0 
_1.ptx 585 : 1179648 11512512 0 73728 36864 0 0 0 0 
_1.ptx 586 : 1179648 10641568 0 0 0 0 0 0 0 
_1.ptx 587 : 1179648 4695520 0 0 0 0 0 0 0 
_1.ptx 588 : 1179648 12039328 0 73728 36864 0 0 0 0 
_1.ptx 589 : 1179648 11074272 0 0 0 0 0 0 0 
_1.ptx 590 : 1179648 4110976 0 0 0 0 0 0 0 
_1.ptx 591 : 1179648 11247072 0 73728 36864 0 0 0 0 
_1.ptx 592 : 1179648 10910176 0 0 0 0 0 0 0 
_1.ptx 593 : 1179648 3864576 0 0 0 0 0 0 0 
_1.ptx 594 : 1179648 12386304 0 73728 36864 0 0 0 0 
_1.ptx 595 : 1179648 10757440 0 0 0 0 0 0 0 
_1.ptx 596 : 1179648 4436736 0 0 0 0 0 0 0 
_1.ptx 597 : 1179648 11785056 0 73728 36864 0 0 0 0 
_1.ptx 598 : 1179648 10700224 0 0 0 0 0 0 0 
_1.ptx 599 : 1179648 4993472 0 0 0 0 0 0 0 
_1.ptx 600 : 1179648 11514048 0 73728 36864 0 0 0 0 
_1.ptx 601 : 1179648 10895136 0 0 0 0 0 0 0 
_1.ptx 602 : 1179648 4432032 0 0 0 0 0 0 0 
_1.ptx 603 : 1179648 12450464 0 73728 36864 0 0 0 0 
_1.ptx 604 : 1179648 11123040 0 0 0 0 0 0 0 
_1.ptx 605 : 1179648 4225568 0 0 0 0 0 0 0 
_1.ptx 606 : 1179648 11176160 0 73728 36864 0 0 0 0 
_1.ptx 607 : 1179648 10939232 0 0 0 0 0 0 0 
_1.ptx 609 : 1179648 12978944 0 0 0 0 0 0 0 
_1.ptx 610 : 1179648 7913856 4199680 0 0 73728 36864 0 0 
_1.ptx 612 : 1179648 7081536 0 0 0 0 0 0 0 
_1.ptx 613 : 1179648 5913760 0 0 0 0 0 0 0 
_1.ptx 614 : 1179648 11895072 0 73728 36864 0 0 0 0 
_1.ptx 615 : 1179648 10663392 0 0 0 0 0 0 0 
_1.ptx 616 : 1179648 6020512 0 0 0 0 0 0 0 
_1.ptx 617 : 1179648 12534368 0 73728 36864 0 0 0 0 
_1.ptx 618 : 1179648 10679168 0 0 0 0 0 0 0 
_1.ptx 619 : 1179648 4026336 0 0 0 0 0 0 0 
_1.ptx 620 : 1179648 11261312 0 73728 36864 0 0 0 0 
_1.ptx 621 : 1179648 10999328 0 0 0 0 0 0 0 
_1.ptx 622 : 1179648 4209376 0 0 0 0 0 0 0 
_1.ptx 623 : 1179648 12099648 0 73728 36864 0 0 0 0 
_1.ptx 624 : 1179648 10778624 0 0 0 0 0 0 0 
_1.ptx 625 : 1179648 4381728 0 0 0 0 0 0 0 
_1.ptx 626 : 1179648 11099808 0 73728 36864 0 0 0 0 
_1.ptx 627 : 1179648 10839072 0 0 0 0 0 0 0 
_1.ptx 628 : 1179648 5597024 0 0 0 0 0 0 0 
_1.ptx 629 : 1179648 12380000 0 73728 36864 0 0 0 0 
_1.ptx 630 : 1179648 10873536 0 0 0 0 0 0 0 
_1.ptx 631 : 1179648 5278304 0 0 0 0 0 0 0 
_1.ptx 632 : 1179648 11214016 0 73728 36864 0 0 0 0 
_1.ptx 633 : 1179648 10907328 0 0 0 0 0 0 0 
_1.ptx 634 : 1179648 3845120 0 0 0 0 0 0 0 
_1.ptx 635 : 1179648 11244000 0 73728 36864 0 0 0 0 
_1.ptx 636 : 1179648 10861152 0 0 0 0 0 0 0 
_1.ptx 637 : 1179648 4965824 0 0 0 0 0 0 0 
_1.ptx 638 : 1179648 12842688 0 73728 36864 0 0 0 0 
_1.ptx 639 : 1179648 10624480 0 0 0 0 0 0 0 
_1.ptx 640 : 1179648 4114176 0 0 0 0 0 0 0 
_1.ptx 641 : 1179648 11457280 0 73728 36864 0 0 0 0 
_1.ptx 642 : 1179648 10634784 0 0 0 0 0 0 0 
_1.ptx 643 : 1179648 4140736 0 0 0 0 0 0 0 
_1.ptx 644 : 1179648 12385888 0 73728 36864 0 0 0 0 
_1.ptx 645 : 1179648 10677504 0 0 0 0 0 0 0 
_1.ptx 646 : 1179648 4436576 0 0 0 0 0 0 0 
_1.ptx 647 : 1179648 11785184 0 73728 36864 0 0 0 0 
_1.ptx 648 : 1179648 10670656 0 0 0 0 0 0 0 
_1.ptx 649 : 1179648 4988256 0 0 0 0 0 0 0 
_1.ptx 650 : 1179648 11508032 0 73728 36864 0 0 0 0 
_1.ptx 651 : 1179648 10893312 0 0 0 0 0 0 0 
_1.ptx 652 : 1179648 4426208 0 0 0 0 0 0 0 
_1.ptx 653 : 1179648 11568896 0 73728 36864 0 0 0 0 
_1.ptx 654 : 1179648 11182848 0 0 0 0 0 0 0 
_1.ptx 655 : 1179648 4197920 0 0 0 0 0 0 0 
_1.ptx 656 : 1179648 11793120 0 73728 36864 0 0 0 0 
_1.ptx 657 : 1179648 10677824 0 0 0 0 0 0 0 
_1.ptx 658 : 1179648 3955072 0 0 0 0 0 0 0 
_1.ptx 659 : 1179648 11516160 0 73728 36864 0 0 0 0 
_1.ptx 660 : 1179648 10908384 0 0 0 0 0 0 0 
_1.ptx 661 : 1179648 5277120 0 0 0 0 0 0 0 
_1.ptx 662 : 1179648 12085248 0 73728 36864 0 0 0 0 
_1.ptx 663 : 1179648 10617184 0 0 0 0 0 0 0 
_1.ptx 665 : 1179648 12976128 0 0 0 0 0 0 0 
_1.ptx 666 : 1179648 7695264 4200448 0 0 73728 36864 0 0 
_1.ptx 668 : 1179648 7084608 0 0 0 0 0 0 0 
