kernel line : count latency dram_traffic smem_bk_conflicts smem_warp gmem_access_generated gmem_warp exposed_latency warp_divergence
_1.ptx 1227 : 63 441 0 0 0 0 0 0 0 
_1.ptx 1228 : 63 630 0 0 0 0 0 0 0 
_1.ptx 1229 : 63 693 0 0 0 0 0 0 0 
_1.ptx 1230 : 63 536 0 7 6 0 0 0 0 
_1.ptx 1231 : 63 347 0 7 6 0 0 0 0 
_1.ptx 1233 : 63 568 0 7 6 0 0 0 0 
_1.ptx 1234 : 63 693 0 0 0 0 0 0 0 
_1.ptx 1235 : 63 347 0 7 6 0 0 0 0 
_1.ptx 1238 : 192 1920 0 0 0 0 0 0 0 
_1.ptx 1239 : 192 1536 0 0 0 0 0 0 0 
_1.ptx 1240 : 192 960 0 0 0 0 0 0 0 
_1.ptx 1243 : 32 192 0 0 0 0 0 0 0 
_1.ptx 1245 : 32 96 0 0 0 0 0 0 0 
_1.ptx 1246 : 32 288 0 2 1 0 0 0 0 
_1.ptx 1247 : 32 352 0 0 0 0 0 0 0 
_1.ptx 1248 : 32 160 128 0 0 1 1 0 0 
_1.ptx 1249 : 32 0 0 0 0 0 0 0 0 
_1.ptx 1251 : 32 288 0 2 1 0 0 0 0 
_1.ptx 1252 : 32 352 0 0 0 0 0 0 0 
_1.ptx 1253 : 32 224 0 0 0 0 0 0 0 
_1.ptx 1254 : 32 320 0 0 0 0 0 0 0 
_1.ptx 1255 : 32 352 0 0 0 0 0 0 0 
_1.ptx 1256 : 32 160 128 0 0 1 1 0 0 
_1.ptx 1259 : 32 192 0 0 0 0 0 0 0 
_1.ptx 884 : 499968 3312608 0 0 0 0 0 0 0 
_1.ptx 885 : 499968 3273920 128 0 0 0 0 0 0 
_1.ptx 886 : 499968 3254144 0 0 0 0 0 0 0 
_1.ptx 887 : 499968 4196832 0 0 0 0 0 0 0 
_1.ptx 888 : 499968 0 0 0 0 0 0 0 0 
_1.ptx 889 : 499968 3396640 0 0 0 0 0 0 0 
_1.ptx 890 : 499968 3821536 0 0 0 0 0 0 0 
_1.ptx 891 : 499968 4239712 0 0 0 0 0 0 0 
_1.ptx 892 : 499968 3455392 0 0 0 0 0 0 0 
_1.ptx 896 : 499968 3362784 0 0 0 0 0 0 0 
_1.ptx 898 : 499968 3418336 0 0 0 0 0 0 0 
_1.ptx 899 : 499968 5726656 0 0 0 0 0 0 0 
_1.ptx 900 : 499968 3485536 0 0 0 0 0 0 0 
_1.ptx 901 : 499968 3873024 0 0 0 0 0 0 0 
_1.ptx 902 : 499968 5363040 0 0 0 0 0 0 0 
_1.ptx 903 : 499968 3907776 0 0 0 0 0 0 0 
_1.ptx 904 : 499968 5686208 0 0 0 0 0 0 0 
_1.ptx 905 : 499968 3812704 0 0 0 0 0 0 0 
_1.ptx 906 : 499968 5355328 0 0 0 0 0 0 0 
_1.ptx 907 : 499968 5657632 0 0 0 0 0 0 0 
_1.ptx 908 : 499968 1779712 0 0 0 0 0 0 0 
_1.ptx 909 : 499968 5664864 0 0 0 0 0 0 0 
_1.ptx 910 : 499968 153259584 1999872 0 0 15624 15624 0 0 
_1.ptx 911 : 499968 3519296 0 31248 15624 0 0 0 0 
_1.ptx 913 : 499968 5650336 0 0 0 0 0 0 0 
_1.ptx 914 : 499968 5667424 0 0 0 0 0 0 0 
_1.ptx 915 : 499968 3754848 0 0 0 0 0 0 0 
_1.ptx 916 : 499968 5229536 0 0 0 0 0 0 0 
_1.ptx 917 : 499968 3812736 0 0 0 0 0 0 0 
_1.ptx 918 : 499968 5635552 0 0 0 0 0 0 0 
_1.ptx 919 : 499968 3758016 0 0 0 0 0 0 0 
_1.ptx 920 : 499968 5242432 0 0 0 0 0 0 0 
_1.ptx 921 : 499968 5637536 0 0 0 0 0 0 0 
_1.ptx 922 : 499968 5679328 0 0 0 0 0 0 0 
_1.ptx 923 : 499968 146934432 1999872 0 0 15624 15624 0 0 
_1.ptx 924 : 499968 3193344 0 31248 15624 0 0 0 0 
_1.ptx 926 : 499968 3198816 0 0 0 0 0 0 0 
_1.ptx 927 : 499968 3756800 0 0 0 0 0 0 0 
_1.ptx 928 : 499968 3329472 0 0 0 0 0 0 0 
_1.ptx 929 : 499968 4148448 0 0 0 0 0 0 0 
_1.ptx 930 : 499968 0 0 0 0 0 0 0 0 
_1.ptx 931 : 499968 3234592 0 0 0 0 0 0 0 
_1.ptx 934 : 4499712 29338368 0 0 0 0 0 0 0 
_1.ptx 935 : 4499712 37565408 0 0 0 0 0 0 0 
_1.ptx 936 : 4499712 22939275 0 0 0 0 0 0 9765 
_1.ptx 938 : 997983 6689282 0 0 0 0 0 0 0 
_1.ptx 939 : 997983 8398818 0 0 0 0 0 0 0 
_1.ptx 940 : 997983 8396936 0 0 0 0 0 0 0 
_1.ptx 941 : 997983 11314258 0 0 0 0 0 0 0 
_1.ptx 942 : 997983 11278421 0 0 0 0 0 0 0 
_1.ptx 943 : 997983 10493940 0 0 0 0 0 0 0 
_1.ptx 944 : 997983 7575786 0 0 0 0 0 0 0 
_1.ptx 945 : 997983 11295967 0 0 0 0 0 0 0 
_1.ptx 946 : 997983 7562163 0 0 0 0 0 0 0 
_1.ptx 947 : 997983 10656180 0 0 0 0 0 0 0 
_1.ptx 948 : 997983 11272901 0 0 0 0 0 0 0 
_1.ptx 949 : 997983 9398266 0 66402 39060 0 0 0 0 
_1.ptx 950 : 997983 10407676 0 0 0 0 0 0 0 
_1.ptx 951 : 997983 7576448 0 0 0 0 0 0 0 
_1.ptx 952 : 997983 11260332 0 0 0 0 0 0 0 
_1.ptx 953 : 997983 7567850 0 0 0 0 0 0 0 
_1.ptx 954 : 997983 10644228 0 0 0 0 0 0 0 
_1.ptx 955 : 997983 11260531 0 0 0 0 0 0 0 
_1.ptx 956 : 997983 9479132 0 66402 39060 0 0 0 0 
_1.ptx 957 : 997983 11264485 0 0 0 0 0 0 0 
_1.ptx 958 : 997983 6234198 0 66402 39060 0 0 0 0 
_1.ptx 961 : 4499712 47651104 0 0 0 0 0 0 0 
_1.ptx 963 : 4499712 34397248 0 0 0 0 0 0 0 
_1.ptx 964 : 4499712 30864992 0 0 0 0 0 0 0 
_1.ptx 965 : 4499712 37662848 0 0 0 0 0 0 0 
_1.ptx 966 : 4499712 26248800 0 0 0 0 0 0 0 
_1.ptx 967 : 499968 3341792 0 0 0 0 0 0 0 
_1.ptx 972 : 499968 3248768 0 0 0 0 0 0 0 
_1.ptx 973 : 499968 4162656 0 0 0 0 0 0 0 
_1.ptx 974 : 499968 3257689 0 0 0 0 0 0 1953 
_1.ptx 976 : 1953 14677 0 0 0 0 0 0 0 
_1.ptx 977 : 1953 20267 0 0 0 0 0 0 0 
_1.ptx 978 : 1953 14556 0 0 0 0 0 0 0 
_1.ptx 979 : 1953 21901 0 0 0 0 0 0 0 
_1.ptx 980 : 1953 14495 0 0 0 0 0 0 0 
_1.ptx 981 : 1953 20304 0 0 0 0 0 0 0 
_1.ptx 982 : 1953 21901 0 0 0 0 0 0 0 
_1.ptx 983 : 1953 6327 0 0 0 0 0 0 0 
_1.ptx 984 : 1953 16457 0 1953 1953 0 0 0 0 
_1.ptx 985 : 1953 6464 0 0 0 0 0 0 0 
_1.ptx 986 : 1953 12559 0 0 0 0 0 0 0 
_1.ptx 987 : 1953 12637 0 0 0 0 0 0 0 
_1.ptx 988 : 1953 16115 0 0 0 0 0 0 0 
_1.ptx 989 : 1953 18168 0 0 0 0 0 0 0 
_1.ptx 990 : 1953 14469 0 0 0 0 0 0 0 
_1.ptx 991 : 1953 20339 0 0 0 0 0 0 0 
_1.ptx 992 : 1953 21851 0 0 0 0 0 0 0 
_1.ptx 993 : 1953 10252 2656 0 0 1953 1953 0 0 
_1.ptx 995 : 1953 12523 0 0 0 0 0 0 0 
_1.ptx 996 : 1953 10471 0 1953 1953 0 0 0 0 
_1.ptx 999 : 499968 3774304 0 0 0 0 0 0 0 
_1.ptx 1000 : 499968 3366752 0 0 0 0 0 0 0 
_1.ptx 1001 : 499968 4166080 0 0 0 0 0 0 0 
_1.ptx 1002 : 499968 0 0 0 0 0 0 0 0 
_1.ptx 1003 : 499968 3306624 0 0 0 0 0 0 0 
_1.ptx 1007 : 4499712 33882368 0 0 0 0 0 0 0 
_1.ptx 1009 : 4499712 30254080 0 0 0 0 0 0 0 
_1.ptx 1010 : 4499712 37537760 0 0 0 0 0 0 0 
_1.ptx 1011 : 4499712 22906835 0 0 0 0 0 0 9765 
_1.ptx 1013 : 997983 6587778 0 0 0 0 0 0 0 
_1.ptx 1014 : 997983 8331758 0 0 0 0 0 0 0 
_1.ptx 1015 : 997983 8317306 0 0 0 0 0 0 0 
_1.ptx 1016 : 997983 11291371 0 0 0 0 0 0 0 
_1.ptx 1017 : 997983 10461540 0 0 0 0 0 0 0 
_1.ptx 1018 : 997983 7572558 0 0 0 0 0 0 0 
_1.ptx 1019 : 997983 11258933 0 0 0 0 0 0 0 
_1.ptx 1020 : 997983 7543471 0 0 0 0 0 0 0 
_1.ptx 1021 : 997983 10641165 0 0 0 0 0 0 0 
_1.ptx 1022 : 997983 11254288 0 0 0 0 0 0 0 
_1.ptx 1023 : 997983 9543556 0 66402 39060 0 0 0 0 
_1.ptx 1025 : 997983 11239643 0 0 0 0 0 0 0 
_1.ptx 1026 : 997983 10416745 0 0 0 0 0 0 0 
_1.ptx 1027 : 997983 7566001 0 0 0 0 0 0 0 
_1.ptx 1028 : 997983 11245028 0 0 0 0 0 0 0 
_1.ptx 1029 : 997983 7536928 0 0 0 0 0 0 0 
_1.ptx 1030 : 997983 10561796 0 0 0 0 0 0 0 
_1.ptx 1031 : 997983 11231361 0 0 0 0 0 0 0 
_1.ptx 1032 : 997983 9632693 0 66402 39060 0 0 0 0 
_1.ptx 1033 : 997983 6578335 0 66402 39060 0 0 0 0 
_1.ptx 1035 : 997983 10263319 0 66402 39060 0 0 0 0 
_1.ptx 1036 : 997983 11234204 0 0 0 0 0 0 0 
_1.ptx 1037 : 997983 6340078 0 66402 39060 0 0 0 0 
_1.ptx 1040 : 4499712 47738080 0 0 0 0 0 0 0 
_1.ptx 1041 : 4499712 37407872 0 0 0 0 0 0 0 
_1.ptx 1042 : 4499712 26167456 0 0 0 0 0 0 0 
_1.ptx 1045 : 499968 3269472 0 0 0 0 0 0 0 
_1.ptx 1047 : 499968 2039616 0 0 0 0 0 0 0 
_1.ptx 1048 : 499968 5090752 0 31248 15624 0 0 0 0 
_1.ptx 1049 : 499968 5600864 0 0 0 0 0 0 0 
_1.ptx 1050 : 499968 3022944 1999872 0 0 15624 15624 0 0 
_1.ptx 1052 : 499968 5206944 0 31248 15624 0 0 0 0 
_1.ptx 1053 : 499968 5610272 0 0 0 0 0 0 0 
_1.ptx 1054 : 499968 3074656 1999872 0 0 15624 15624 0 0 
_1.ptx 1056 : 499968 3189664 0 0 0 0 0 0 0 
_1.ptx 1075 : 32 192 0 0 0 0 0 0 0 
_1.ptx 1076 : 32 96 0 0 0 0 0 0 0 
_1.ptx 1077 : 32 192 0 0 0 0 0 0 0 
_1.ptx 1078 : 32 256 0 0 0 0 0 0 0 
_1.ptx 1079 : 32 192 0 0 0 0 0 0 0 
_1.ptx 1085 : 32 224 0 0 0 0 0 0 0 
_1.ptx 1087 : 32 192 0 0 0 0 0 0 0 
_1.ptx 1089 : 32 192 0 0 0 0 0 0 0 
_1.ptx 1090 : 32 352 0 0 0 0 0 0 0 
_1.ptx 1091 : 32 192 0 0 0 0 0 0 0 
_1.ptx 1092 : 32 224 0 0 0 0 0 0 0 
_1.ptx 1093 : 32 320 0 0 0 0 0 0 0 
_1.ptx 1094 : 32 224 0 0 0 0 0 0 0 
_1.ptx 1095 : 32 352 0 0 0 0 0 0 0 
_1.ptx 1096 : 32 224 0 0 0 0 0 0 0 
_1.ptx 1097 : 32 320 0 0 0 0 0 0 0 
_1.ptx 1098 : 32 352 0 0 0 0 0 0 0 
_1.ptx 1099 : 32 96 0 0 0 0 0 0 0 
_1.ptx 1100 : 32 352 0 0 0 0 0 0 0 
_1.ptx 1101 : 32 9056 128 0 0 1 1 0 0 
_1.ptx 1102 : 32 192 0 2 1 0 0 0 0 
_1.ptx 1103 : 32 352 0 0 0 0 0 0 0 
_1.ptx 1104 : 32 128 0 0 0 0 0 0 0 
_1.ptx 1105 : 32 256 0 0 0 0 0 0 0 
_1.ptx 1106 : 32 0 0 0 0 0 0 0 0 
_1.ptx 1108 : 32 352 0 0 0 0 0 0 0 
_1.ptx 1109 : 32 224 0 0 0 0 0 0 0 
_1.ptx 1110 : 32 320 0 0 0 0 0 0 0 
_1.ptx 1111 : 32 352 0 0 0 0 0 0 0 
_1.ptx 1112 : 32 8480 128 0 0 1 1 0 0 
_1.ptx 1113 : 32 192 0 0 0 0 0 0 0 
_1.ptx 1117 : 32 224 0 0 0 0 0 0 0 
_1.ptx 1118 : 32 352 0 0 0 0 0 0 0 
_1.ptx 1119 : 32 224 0 0 0 0 0 0 0 
_1.ptx 1120 : 32 320 0 0 0 0 0 0 0 
_1.ptx 1121 : 32 352 0 0 0 0 0 0 0 
_1.ptx 1122 : 32 192 0 2 1 0 0 0 0 
_1.ptx 1124 : 32 192 0 0 0 0 0 0 0 
_1.ptx 1125 : 32 224 0 0 0 0 0 0 0 
_1.ptx 1126 : 32 192 0 0 0 0 0 0 0 
_1.ptx 1127 : 32 256 0 0 0 0 0 0 0 
_1.ptx 1128 : 32 0 0 0 0 0 0 0 0 
_1.ptx 1129 : 32 192 0 0 0 0 0 0 0 
_1.ptx 1132 : 192 1152 0 0 0 0 0 0 0 
_1.ptx 1133 : 192 1536 0 0 0 0 0 0 0 
_1.ptx 1134 : 192 774 0 0 0 0 0 0 5 
_1.ptx 1136 : 63 378 0 0 0 0 0 0 0 
_1.ptx 1137 : 63 504 0 0 0 0 0 0 0 
_1.ptx 1138 : 63 504 0 0 0 0 0 0 0 
_1.ptx 1139 : 63 693 0 0 0 0 0 0 0 
_1.ptx 1140 : 63 693 0 0 0 0 0 0 0 
_1.ptx 1141 : 63 630 0 0 0 0 0 0 0 
_1.ptx 1142 : 63 441 0 0 0 0 0 0 0 
_1.ptx 1143 : 63 693 0 0 0 0 0 0 0 
_1.ptx 1144 : 63 441 0 0 0 0 0 0 0 
_1.ptx 1145 : 63 630 0 0 0 0 0 0 0 
_1.ptx 1146 : 63 693 0 0 0 0 0 0 0 
_1.ptx 1147 : 63 536 0 7 6 0 0 0 0 
_1.ptx 1148 : 63 630 0 0 0 0 0 0 0 
_1.ptx 1149 : 63 441 0 0 0 0 0 0 0 
_1.ptx 1150 : 63 693 0 0 0 0 0 0 0 
_1.ptx 1151 : 63 441 0 0 0 0 0 0 0 
_1.ptx 1152 : 63 630 0 0 0 0 0 0 0 
_1.ptx 1153 : 63 693 0 0 0 0 0 0 0 
_1.ptx 1154 : 63 536 0 7 6 0 0 0 0 
_1.ptx 1155 : 63 693 0 0 0 0 0 0 0 
_1.ptx 1156 : 63 347 0 7 6 0 0 0 0 
_1.ptx 1159 : 192 1920 0 0 0 0 0 0 0 
_1.ptx 1161 : 192 1344 0 0 0 0 0 0 0 
_1.ptx 1162 : 192 1152 0 0 0 0 0 0 0 
_1.ptx 1163 : 192 1536 0 0 0 0 0 0 0 
_1.ptx 1164 : 192 960 0 0 0 0 0 0 0 
_1.ptx 1165 : 32 192 0 0 0 0 0 0 0 
_1.ptx 1170 : 32 192 0 0 0 0 0 0 0 
_1.ptx 1171 : 32 256 0 0 0 0 0 0 0 
_1.ptx 1172 : 32 186 0 0 0 0 0 0 1 
_1.ptx 1174 : 1 7 0 0 0 0 0 0 0 
_1.ptx 1175 : 1 10 0 0 0 0 0 0 0 
_1.ptx 1176 : 1 7 0 0 0 0 0 0 0 
_1.ptx 1177 : 1 11 0 0 0 0 0 0 0 
_1.ptx 1178 : 1 7 0 0 0 0 0 0 0 
_1.ptx 1179 : 1 10 0 0 0 0 0 0 0 
_1.ptx 1180 : 1 11 0 0 0 0 0 0 0 
_1.ptx 1181 : 1 3 0 0 0 0 0 0 0 
_1.ptx 1182 : 1 8 0 1 1 0 0 0 0 
_1.ptx 1183 : 1 3 0 0 0 0 0 0 0 
_1.ptx 1184 : 1 6 0 0 0 0 0 0 0 
_1.ptx 1185 : 1 6 0 0 0 0 0 0 0 
_1.ptx 1186 : 1 8 0 0 0 0 0 0 0 
_1.ptx 1187 : 1 9 0 0 0 0 0 0 0 
_1.ptx 1188 : 1 7 0 0 0 0 0 0 0 
_1.ptx 1189 : 1 10 0 0 0 0 0 0 0 
_1.ptx 1190 : 1 11 0 0 0 0 0 0 0 
_1.ptx 1191 : 1 5 0 0 0 1 1 0 0 
_1.ptx 1193 : 1 6 0 0 0 0 0 0 0 
_1.ptx 1194 : 1 5 0 1 1 0 0 0 0 
_1.ptx 1197 : 32 224 0 0 0 0 0 0 0 
_1.ptx 1198 : 32 192 0 0 0 0 0 0 0 
_1.ptx 1199 : 32 256 0 0 0 0 0 0 0 
_1.ptx 1200 : 32 0 0 0 0 0 0 0 0 
_1.ptx 1201 : 32 192 0 0 0 0 0 0 0 
_1.ptx 1205 : 192 1344 0 0 0 0 0 0 0 
_1.ptx 1207 : 192 1152 0 0 0 0 0 0 0 
_1.ptx 1208 : 192 1536 0 0 0 0 0 0 0 
_1.ptx 1209 : 192 774 0 0 0 0 0 0 5 
_1.ptx 1211 : 63 378 0 0 0 0 0 0 0 
_1.ptx 1212 : 63 504 0 0 0 0 0 0 0 
_1.ptx 1213 : 63 504 0 0 0 0 0 0 0 
_1.ptx 1214 : 63 693 0 0 0 0 0 0 0 
_1.ptx 1215 : 63 630 0 0 0 0 0 0 0 
_1.ptx 1216 : 63 441 0 0 0 0 0 0 0 
_1.ptx 1217 : 63 693 0 0 0 0 0 0 0 
_1.ptx 1218 : 63 441 0 0 0 0 0 0 0 
_1.ptx 1219 : 63 630 0 0 0 0 0 0 0 
_1.ptx 1220 : 63 693 0 0 0 0 0 0 0 
_1.ptx 1221 : 63 536 0 7 6 0 0 0 0 
_1.ptx 1223 : 63 693 0 0 0 0 0 0 0 
_1.ptx 1224 : 63 630 0 0 0 0 0 0 0 
_1.ptx 1225 : 63 441 0 0 0 0 0 0 0 
_1.ptx 1226 : 63 693 0 0 0 0 0 0 0 
