kernel line : count latency dram_traffic smem_bk_conflicts smem_warp gmem_access_generated gmem_warp exposed_latency warp_divergence
_1.ptx 1792 : 355762 2140390 0 0 0 0 0 0 0 
_1.ptx 1795 : 2097152 14897952 0 0 0 0 0 0 0 
_1.ptx 1798 : 4194304 25672896 0 0 0 0 0 0 0 
_1.ptx 1799 : 4194304 33852128 0 0 0 0 0 0 0 
_1.ptx 1800 : 4194304 22075421 0 0 0 0 0 0 54130 
_1.ptx 1802 : 559866 3366667 0 0 0 0 0 0 0 
_1.ptx 1803 : 559866 3761398 1664 0 0 0 0 0 0 
_1.ptx 1804 : 559866 3443620 1728 0 0 54130 54130 0 0 
_1.ptx 1806 : 4194304 43193504 0 0 0 0 0 0 0 
_1.ptx 1807 : 4194304 33827808 0 0 0 0 0 0 0 
_1.ptx 1808 : 4194304 12737696 0 0 0 0 0 0 0 
_1.ptx 1811 : 2097152 12758144 0 0 0 0 0 0 0 
_1.ptx 1628 : 2097152 12755680 0 0 0 0 0 0 0 
_1.ptx 1629 : 2097152 12806272 0 0 0 0 0 0 0 
_1.ptx 1630 : 2097152 25500480 0 0 0 0 0 0 0 
_1.ptx 1631 : 2097152 12667808 0 0 0 0 0 0 0 
_1.ptx 1632 : 2097152 324561952 0 0 0 0 0 0 0 
_1.ptx 1633 : 2097152 12681024 0 0 0 0 0 0 0 
_1.ptx 1634 : 2097152 23182976 0 0 0 0 0 0 0 
_1.ptx 1635 : 2097152 23625280 0 0 0 0 0 0 0 
_1.ptx 1636 : 2097152 14938016 0 0 0 0 0 0 0 
_1.ptx 1637 : 2097152 21117664 0 0 0 0 0 0 0 
_1.ptx 1638 : 2097152 23567232 0 0 0 0 0 0 0 
_1.ptx 1639 : 2097152 16947424 0 0 0 0 0 0 0 
_1.ptx 1640 : 2097152 0 0 0 0 0 0 0 0 
_1.ptx 1641 : 2097152 14855296 0 0 0 0 0 0 0 
_1.ptx 1642 : 2097152 14018816 0 0 0 0 0 0 0 
_1.ptx 1643 : 2097152 12735232 0 0 0 0 0 0 0 
_1.ptx 1644 : 2097152 14940928 0 0 0 0 0 0 0 
_1.ptx 1447 : 1048576 6477152 0 0 0 0 0 0 0 
_1.ptx 1448 : 1048576 6570368 0 0 0 0 0 0 0 
_1.ptx 1648 : 4194304 33866208 0 0 0 0 0 0 0 
_1.ptx 1449 : 1048576 13468992 0 0 0 0 0 0 0 
_1.ptx 1450 : 1048576 6460352 0 0 0 0 0 0 0 
_1.ptx 1649 : 4194304 12625760 0 0 0 0 0 0 0 
_1.ptx 1451 : 1048576 11880160 0 0 0 0 0 0 0 
_1.ptx 1651 : 2097152 12919136 0 0 0 0 0 0 0 
_1.ptx 1452 : 1048576 9949920 128 0 0 0 0 0 0 
_1.ptx 1652 : 2097152 12896320 0 0 0 0 0 0 0 
_1.ptx 1453 : 1048576 8594368 0 0 0 0 0 0 0 
_1.ptx 1454 : 1048576 0 0 0 0 0 0 0 0 
_1.ptx 1655 : 2097152 14768640 0 0 0 0 0 0 0 
_1.ptx 1456 : 1048576 6451168 0 0 0 0 0 0 0 
_1.ptx 1656 : 2097152 21199296 0 0 0 0 0 0 0 
_1.ptx 1457 : 1048576 4708288 0 0 0 0 0 0 0 
_1.ptx 1657 : 2097152 12171104 0 0 0 0 0 0 0 
_1.ptx 1458 : 1048576 7484576 0 0 0 0 0 0 0 
_1.ptx 1658 : 2097152 23134656 0 0 0 0 0 0 0 
_1.ptx 1459 : 1048576 10647168 0 0 0 0 0 0 0 
_1.ptx 1659 : 2097152 655749632 11586304 0 0 131072 65536 0 0 
_1.ptx 1460 : 1048576 11706976 0 0 0 0 0 0 0 
_1.ptx 1660 : 2097152 12614912 0 0 0 0 0 0 0 
_1.ptx 1461 : 1048576 26664448 4194304 0 0 32768 32768 0 0 
_1.ptx 1661 : 2097152 16849472 0 0 0 0 0 0 0 
_1.ptx 1662 : 2097152 2141413 0 0 0 0 0 0 65378 
_1.ptx 1663 : 1741390 12349544 0 0 0 0 0 0 0 
_1.ptx 1464 : 1048576 6398784 0 0 0 0 0 0 0 
_1.ptx 1664 : 1741390 10628870 0 0 0 0 0 0 0 
_1.ptx 1665 : 1741390 10481283 0 0 0 0 0 0 0 
_1.ptx 1666 : 1741390 12280510 0 0 0 0 0 0 0 
_1.ptx 1670 : 16519988 2636977807 23531264 0 0 6075212 4270526 0 0 
_1.ptx 1671 : 16519988 132682130 0 0 0 0 0 0 0 
_1.ptx 1672 : 16519988 0 0 0 0 0 0 0 0 
_1.ptx 1674 : 16519988 99525066 0 0 0 0 0 0 0 
_1.ptx 1675 : 16519988 132681202 0 0 0 0 0 0 0 
_1.ptx 1676 : 16519988 0 0 0 0 0 0 0 0 
_1.ptx 1677 : 16519988 98513017 0 0 0 0 0 0 0 
_1.ptx 1678 : 16519988 182158366 0 0 0 0 0 0 0 
_1.ptx 1679 : 16519988 2902149621 31887360 0 0 6075212 4270526 0 0 
_1.ptx 1680 : 16519988 132669269 0 0 0 0 0 0 0 
_1.ptx 1681 : 16519988 0 0 0 0 0 0 0 0 
_1.ptx 1683 : 16519988 97504354 0 0 0 0 0 0 0 
_1.ptx 1684 : 16519988 116413485 0 0 0 0 0 0 0 
_1.ptx 1685 : 16519988 166728835 0 0 0 0 0 0 0 
_1.ptx 1686 : 16519988 182215492 0 0 0 0 0 0 0 
_1.ptx 1687 : 16519988 2615390644 36331904 0 0 6075212 4270526 0 0 
_1.ptx 1688 : 16519988 99311525 0 0 0 0 0 0 0 
_1.ptx 1708 : 16519988 182214826 0 0 0 0 0 0 0 
_1.ptx 1709 : 16519988 94232505 0 0 0 0 0 0 0 
_1.ptx 1710 : 16519988 166778195 0 0 0 0 0 0 0 
_1.ptx 1711 : 16519988 132637878 0 0 0 0 0 0 0 
_1.ptx 1712 : 16519988 116461880 0 0 0 0 0 0 0 
_1.ptx 1713 : 16519988 116310058 0 0 0 0 0 0 0 
_1.ptx 1714 : 16519988 132679726 0 0 0 0 0 0 0 
_1.ptx 1715 : 16519988 116402355 0 0 0 0 0 0 0 
_1.ptx 1716 : 16519988 132671971 0 0 0 0 0 0 0 
_1.ptx 1717 : 16519988 99335529 0 0 0 0 0 0 0 
_1.ptx 1718 : 16519988 132664101 0 0 0 0 0 0 0 
_1.ptx 1719 : 16519988 0 0 0 0 0 0 0 0 
_1.ptx 1721 : 16519988 92196131 0 0 0 0 0 0 0 
_1.ptx 1722 : 16519988 116253990 0 0 0 0 0 0 0 
_1.ptx 1723 : 16519988 166459516 0 0 0 0 0 0 0 
_1.ptx 1724 : 16519988 182182264 0 0 0 0 0 0 0 
_1.ptx 1725 : 16519988 3903103812 204785664 0 0 13495818 4270526 0 0 
_1.ptx 1726 : 16519988 99340353 0 0 0 0 0 0 0 
_1.ptx 1751 : 16519988 132666606 0 0 0 0 0 0 0 
_1.ptx 1752 : 16519988 99430306 0 0 0 0 0 0 0 
_1.ptx 1758 : 16519988 104524982 0 0 0 0 0 0 0 
_1.ptx 1759 : 16519988 182254503 0 0 0 0 0 0 0 
_1.ptx 1760 : 16519988 2625880401 30264960 0 0 6075212 4270526 0 0 
_1.ptx 1761 : 16519988 165884794 0 0 0 0 0 0 0 
_1.ptx 1762 : 16519988 116636130 0 0 0 0 0 0 0 
_1.ptx 1763 : 16519988 166562371 0 0 0 0 0 0 0 
_1.ptx 1764 : 16519988 182164650 0 0 0 0 0 0 0 
_1.ptx 1765 : 16519988 6648589734 1768858880 0 0 16514380 4270526 0 0 
_1.ptx 1766 : 16519988 132630942 0 0 0 0 0 0 0 
_1.ptx 1767 : 16519988 87962166 0 0 0 0 0 0 885773 
_1.ptx 1769 : 1905240 389937656 601600 0 0 1905219 1172469 0 0 
_1.ptx 1770 : 1905240 13419060 0 0 0 0 0 0 0 
_1.ptx 1771 : 1905240 15292176 0 0 0 0 0 0 0 
_1.ptx 1772 : 1905240 1320 0 0 0 0 0 0 154 
_1.ptx 1774 : 1905021 11453237 0 0 0 0 0 0 0 
_1.ptx 1775 : 1905021 11470137 0 0 0 0 0 0 0 
_1.ptx 1779 : 14614967 87906249 0 0 0 0 0 0 0 
_1.ptx 1782 : 16519988 99419734 0 0 0 0 0 0 0 
_1.ptx 1783 : 16519988 132640870 0 0 0 0 0 0 0 
_1.ptx 1784 : 16519988 87935685 0 0 0 0 0 0 885737 
_1.ptx 1785 : 1905021 11469410 0 0 0 0 0 0 0 
_1.ptx 1787 : 16519988 165897741 0 0 0 0 0 0 0 
_1.ptx 1788 : 16519988 132652032 0 0 0 0 0 0 0 
_1.ptx 1789 : 16519988 88938690 0 0 0 0 0 0 807948 
_1.ptx 1790 : 1741390 10497774 0 0 0 0 0 0 0 
