kernel line : count latency dram_traffic smem_bk_conflicts smem_warp gmem_access_generated gmem_warp exposed_latency warp_divergence
_1.ptx 77 : 65792 428704 0 0 0 0 0 0 0 
_1.ptx 78 : 65792 429760 0 0 0 0 0 0 0 
_1.ptx 79 : 65792 434784 0 0 0 0 0 0 0 
_1.ptx 80 : 65792 430464 0 0 0 0 0 0 0 
_1.ptx 81 : 65792 436256 0 0 0 0 0 0 0 
_1.ptx 83 : 65792 434176 0 0 0 0 0 0 0 
_1.ptx 84 : 65792 1228320 0 0 0 0 0 0 0 
_1.ptx 85 : 65792 431552 0 0 0 0 0 0 0 
_1.ptx 86 : 65792 512064 0 0 0 0 0 0 0 
_1.ptx 87 : 65792 1439808 0 0 0 0 0 0 0 
_1.ptx 88 : 65792 768192 0 0 0 0 0 0 0 
_1.ptx 89 : 65792 774016 0 0 0 0 0 0 0 
_1.ptx 90 : 65792 564704 0 0 0 0 0 0 0 
_1.ptx 91 : 65792 1193440 0 0 0 0 0 0 0 
_1.ptx 92 : 65792 4357248 128 0 0 0 0 0 0 
_1.ptx 93 : 65792 747456 0 0 0 0 0 0 0 
_1.ptx 94 : 65792 29024288 263168 0 0 2056 2056 0 0 
_1.ptx 95 : 65792 1091936 0 2056 2056 0 0 0 0 
_1.ptx 97 : 65792 409792 0 0 0 0 0 0 0 
_1.ptx 98 : 65792 731968 0 0 0 0 0 0 0 
_1.ptx 99 : 65792 3006912 1024 0 0 0 0 0 0 
_1.ptx 100 : 65792 732128 0 0 0 0 0 0 0 
_1.ptx 101 : 65792 1671808 0 2056 2056 0 0 0 0 
_1.ptx 103 : 65792 413952 0 0 0 0 0 0 0 
_1.ptx 104 : 65792 734048 0 0 0 0 0 0 0 
_1.ptx 105 : 65792 2743264 1024 0 0 0 0 0 0 
_1.ptx 106 : 65792 733024 0 0 0 0 0 0 0 
_1.ptx 107 : 65792 1045344 0 2056 2056 0 0 0 0 
_1.ptx 109 : 65792 409728 0 0 0 0 0 0 0 
_1.ptx 110 : 65792 731648 0 0 0 0 0 0 0 
_1.ptx 111 : 65792 3208896 1024 0 0 0 0 0 0 
_1.ptx 112 : 65792 730112 0 0 0 0 0 0 0 
_1.ptx 113 : 65792 1462912 0 2056 2056 0 0 0 0 
_1.ptx 115 : 65792 412128 0 0 0 0 0 0 0 
_1.ptx 116 : 65792 735072 0 0 0 0 0 0 0 
_1.ptx 117 : 65792 3471936 1024 0 0 0 0 0 0 
_1.ptx 118 : 65792 732416 0 0 0 0 0 0 0 
_1.ptx 119 : 65792 778080 0 2056 2056 0 0 0 0 
_1.ptx 121 : 65792 410208 0 0 0 0 0 0 0 
_1.ptx 122 : 65792 433792 0 0 0 0 0 0 0 
_1.ptx 124 : 65792 493856 0 0 0 0 0 0 0 
_1.ptx 125 : 65792 501056 0 0 0 0 0 0 0 
_1.ptx 126 : 65792 459488 0 0 0 0 0 0 0 
_1.ptx 127 : 65792 509280 0 0 0 0 0 0 0 
_1.ptx 128 : 65792 462272 0 0 0 0 0 0 0 
_1.ptx 129 : 65792 515968 0 0 0 0 0 0 0 
_1.ptx 130 : 65792 462624 0 0 0 0 0 0 0 
_1.ptx 131 : 65792 507264 0 0 0 0 0 0 0 
_1.ptx 132 : 65792 3558528 128 0 0 0 0 0 0 
_1.ptx 133 : 65792 517152 0 0 0 0 0 0 0 
_1.ptx 135 : 65792 775648 0 0 0 0 0 0 0 
_1.ptx 136 : 65792 590176 0 2056 2056 0 0 0 0 
_1.ptx 137 : 65792 553248 0 0 0 0 0 0 0 
_1.ptx 138 : 65792 377760 0 2056 2056 0 0 0 0 
_1.ptx 140 : 65792 432544 0 0 0 0 0 0 0 
_1.ptx 142 : 65792 516672 0 0 0 0 0 0 0 
_1.ptx 143 : 65792 1230976 0 0 0 0 0 0 0 
_1.ptx 144 : 65792 1315680 0 0 0 0 0 0 0 
_1.ptx 145 : 65792 538432 0 0 0 0 0 0 0 
_1.ptx 146 : 65792 484544 0 0 0 0 0 0 0 
_1.ptx 147 : 65792 759584 0 0 0 0 0 0 0 
_1.ptx 148 : 65792 3791936 128 0 0 0 0 0 0 
_1.ptx 149 : 65792 767232 0 0 0 0 0 0 0 
_1.ptx 150 : 65792 557280 0 0 0 0 0 0 0 
_1.ptx 151 : 65792 1445472 0 0 0 0 0 0 0 
_1.ptx 152 : 65792 747584 0 0 0 0 0 0 0 
_1.ptx 153 : 65792 572672 0 2056 2056 0 0 0 0 
_1.ptx 154 : 65792 554176 0 0 0 0 0 0 0 
_1.ptx 155 : 65792 1445024 0 0 0 0 0 0 0 
_1.ptx 156 : 65792 749024 0 0 0 0 0 0 0 
_1.ptx 157 : 65792 603168 0 2443 2056 0 0 0 0 
_1.ptx 159 : 65792 305056 0 0 0 0 0 0 0 
_1.ptx 160 : 65792 751488 0 0 0 0 0 0 0 
_1.ptx 161 : 65792 551264 0 0 0 0 0 0 0 
_1.ptx 162 : 65792 1038208 0 0 0 0 0 0 0 
_1.ptx 163 : 65792 755520 0 0 0 0 0 0 0 
_1.ptx 164 : 65792 569504 0 2056 2056 0 0 0 0 
_1.ptx 165 : 65792 546624 0 0 0 0 0 0 0 
_1.ptx 166 : 65792 1224896 0 0 0 0 0 0 0 
_1.ptx 167 : 65792 746624 0 0 0 0 0 0 0 
_1.ptx 168 : 65792 613952 0 2659 2056 0 0 0 0 
_1.ptx 170 : 65792 295936 0 0 0 0 0 0 0 
_1.ptx 171 : 65792 746688 0 0 0 0 0 0 0 
_1.ptx 172 : 65792 532576 0 0 0 0 0 0 0 
_1.ptx 173 : 65792 1169632 0 0 0 0 0 0 0 
_1.ptx 174 : 65792 761152 0 0 0 0 0 0 0 
_1.ptx 175 : 65792 579136 0 2056 2056 0 0 0 0 
_1.ptx 176 : 65792 559872 0 0 0 0 0 0 0 
_1.ptx 177 : 65792 1304512 0 0 0 0 0 0 0 
_1.ptx 178 : 65792 752544 0 0 0 0 0 0 0 
_1.ptx 179 : 65792 610528 0 2618 2056 0 0 0 0 
_1.ptx 181 : 65792 303456 0 0 0 0 0 0 0 
_1.ptx 182 : 65792 756480 0 0 0 0 0 0 0 
_1.ptx 183 : 65792 528224 0 0 0 0 0 0 0 
_1.ptx 184 : 65792 894624 0 0 0 0 0 0 0 
_1.ptx 185 : 65792 744000 0 0 0 0 0 0 0 
_1.ptx 186 : 65792 552704 0 2056 2056 0 0 0 0 
_1.ptx 187 : 65792 494048 0 0 0 0 0 0 0 
_1.ptx 188 : 65792 1361952 0 0 0 0 0 0 0 
_1.ptx 189 : 65792 763040 0 0 0 0 0 0 0 
_1.ptx 190 : 65792 623648 0 2658 2056 0 0 0 0 
_1.ptx 192 : 65792 734144 0 0 0 0 0 0 0 
_1.ptx 193 : 65792 572480 0 0 0 0 0 0 0 
_1.ptx 194 : 65792 516480 0 0 0 0 0 0 0 
_1.ptx 195 : 65792 552512 0 0 0 0 0 0 0 
_1.ptx 196 : 65792 494624 0 0 0 0 0 0 0 
_1.ptx 197 : 65792 542592 0 0 0 0 0 0 0 
_1.ptx 198 : 65792 471488 0 0 0 0 0 0 0 
_1.ptx 199 : 65792 527936 0 0 0 0 0 0 0 
_1.ptx 200 : 65792 796800 0 0 0 0 0 0 0 
_1.ptx 201 : 65792 501280 0 0 0 0 0 0 0 
_1.ptx 203 : 65792 559936 0 0 0 0 0 0 0 
_1.ptx 204 : 65792 557824 0 0 0 0 0 0 0 
_1.ptx 205 : 65792 553056 0 0 0 0 0 0 0 
_1.ptx 206 : 65792 543776 0 0 0 0 0 0 0 
_1.ptx 207 : 65792 377600 0 2056 2056 0 0 0 0 
_1.ptx 209 : 65792 432992 0 0 0 0 0 0 0 
_1.ptx 211 : 65792 752864 0 0 0 0 0 0 0 
_1.ptx 212 : 65792 580960 0 2056 2056 0 0 0 0 
_1.ptx 213 : 65792 530880 0 0 0 0 0 0 0 
_1.ptx 214 : 65792 1144960 0 0 0 0 0 0 0 
_1.ptx 215 : 65792 753440 0 0 0 0 0 0 0 
_1.ptx 216 : 65792 725472 0 3946 2056 0 0 0 0 
_1.ptx 218 : 65792 755168 0 0 0 0 0 0 0 
_1.ptx 219 : 65792 628576 0 2056 2056 0 0 0 0 
_1.ptx 220 : 65792 517152 0 0 0 0 0 0 0 
_1.ptx 221 : 65792 949728 0 0 0 0 0 0 0 
_1.ptx 222 : 65792 739680 0 0 0 0 0 0 0 
_1.ptx 223 : 65792 779136 0 3947 2056 0 0 0 0 
_1.ptx 225 : 65792 733056 0 0 0 0 0 0 0 
_1.ptx 226 : 65792 624032 0 2056 2056 0 0 0 0 
_1.ptx 227 : 65792 497728 0 0 0 0 0 0 0 
_1.ptx 228 : 65792 1152000 0 0 0 0 0 0 0 
_1.ptx 229 : 65792 744736 0 0 0 0 0 0 0 
_1.ptx 230 : 65792 752928 0 4093 2056 0 0 0 0 
_1.ptx 232 : 65792 752704 0 0 0 0 0 0 0 
_1.ptx 233 : 65792 653760 0 2056 2056 0 0 0 0 
_1.ptx 234 : 65792 529568 0 0 0 0 0 0 0 
_1.ptx 235 : 65792 874304 0 0 0 0 0 0 0 
_1.ptx 236 : 65792 757088 0 0 0 0 0 0 0 
_1.ptx 237 : 65792 735552 0 3974 2056 0 0 0 0 
_1.ptx 239 : 65792 706400 0 0 0 0 0 0 0 
_1.ptx 240 : 65792 519616 0 0 0 0 0 0 0 
_1.ptx 241 : 65792 467232 0 0 0 0 0 0 0 
_1.ptx 242 : 65792 498848 0 0 0 0 0 0 0 
_1.ptx 243 : 65792 457888 0 0 0 0 0 0 0 
_1.ptx 244 : 65792 510080 0 0 0 0 0 0 0 
_1.ptx 245 : 65792 468672 0 0 0 0 0 0 0 
_1.ptx 246 : 65792 510880 0 0 0 0 0 0 0 
_1.ptx 247 : 65792 821856 0 0 0 0 0 0 0 
_1.ptx 248 : 65792 517504 0 0 0 0 0 0 0 
_1.ptx 250 : 65792 575616 0 0 0 0 0 0 0 
_1.ptx 251 : 65792 579104 0 0 0 0 0 0 0 
_1.ptx 252 : 65792 570624 0 0 0 0 0 0 0 
_1.ptx 253 : 65792 560160 0 0 0 0 0 0 0 
_1.ptx 254 : 65792 383136 0 2056 2056 0 0 0 0 
_1.ptx 256 : 65792 421952 0 0 0 0 0 0 0 
_1.ptx 258 : 65792 553248 0 2056 2056 0 0 0 0 
_1.ptx 259 : 65792 470688 0 0 0 0 0 0 0 
_1.ptx 260 : 65792 934240 0 0 0 0 0 0 0 
_1.ptx 261 : 65792 728416 0 0 0 0 0 0 0 
_1.ptx 262 : 65792 837088 0 4607 2056 0 0 0 0 
_1.ptx 264 : 65792 652448 0 2056 2056 0 0 0 0 
_1.ptx 265 : 65792 488544 0 0 0 0 0 0 0 
_1.ptx 266 : 65792 1059232 0 0 0 0 0 0 0 
_1.ptx 267 : 65792 737760 0 0 0 0 0 0 0 
_1.ptx 268 : 65792 743680 0 3999 2056 0 0 0 0 
_1.ptx 270 : 65792 660416 0 2056 2056 0 0 0 0 
_1.ptx 271 : 65792 494304 0 0 0 0 0 0 0 
_1.ptx 272 : 65792 846336 0 0 0 0 0 0 0 
_1.ptx 273 : 65792 732960 0 0 0 0 0 0 0 
_1.ptx 274 : 65792 732096 0 3985 2056 0 0 0 0 
_1.ptx 276 : 65792 629696 0 2056 2056 0 0 0 0 
_1.ptx 277 : 65792 495264 0 0 0 0 0 0 0 
_1.ptx 278 : 65792 818624 0 0 0 0 0 0 0 
_1.ptx 279 : 65792 739616 0 0 0 0 0 0 0 
_1.ptx 280 : 65792 769792 0 4060 2056 0 0 0 0 
_1.ptx 282 : 65792 692608 0 0 0 0 0 0 0 
_1.ptx 283 : 65792 513920 0 0 0 0 0 0 0 
_1.ptx 284 : 65792 466112 0 0 0 0 0 0 0 
_1.ptx 285 : 65792 532768 0 0 0 0 0 0 0 
_1.ptx 286 : 65792 478112 0 0 0 0 0 0 0 
_1.ptx 287 : 65792 531680 0 0 0 0 0 0 0 
_1.ptx 288 : 65792 473728 0 0 0 0 0 0 0 
_1.ptx 289 : 65792 525504 0 0 0 0 0 0 0 
_1.ptx 290 : 65792 815296 0 0 0 0 0 0 0 
_1.ptx 291 : 65792 521376 0 0 0 0 0 0 0 
_1.ptx 293 : 65792 573248 0 0 0 0 0 0 0 
_1.ptx 294 : 65792 568608 0 0 0 0 0 0 0 
_1.ptx 295 : 65792 573600 0 0 0 0 0 0 0 
_1.ptx 296 : 65792 560864 0 0 0 0 0 0 0 
_1.ptx 297 : 65792 399488 0 2056 2056 0 0 0 0 
_1.ptx 299 : 65792 404992 0 0 0 0 0 0 0 
_1.ptx 301 : 65792 581216 0 2056 2056 0 0 0 0 
_1.ptx 302 : 65792 489408 0 0 0 0 0 0 0 
_1.ptx 303 : 65792 1081440 0 0 0 0 0 0 0 
_1.ptx 304 : 65792 738816 0 0 0 0 0 0 0 
_1.ptx 305 : 65792 731552 0 3916 2056 0 0 0 0 
_1.ptx 307 : 65792 651648 0 2056 2056 0 0 0 0 
_1.ptx 308 : 65792 498080 0 0 0 0 0 0 0 
_1.ptx 309 : 65792 864512 0 0 0 0 0 0 0 
_1.ptx 310 : 65792 736992 0 0 0 0 0 0 0 
_1.ptx 311 : 65792 730432 0 3959 2056 0 0 0 0 
_1.ptx 313 : 65792 652384 0 2056 2056 0 0 0 0 
_1.ptx 314 : 65792 494304 0 0 0 0 0 0 0 
_1.ptx 315 : 65792 817376 0 0 0 0 0 0 0 
_1.ptx 316 : 65792 735200 0 0 0 0 0 0 0 
_1.ptx 317 : 65792 743360 0 3927 2056 0 0 0 0 
_1.ptx 319 : 65792 598624 0 2056 2056 0 0 0 0 
_1.ptx 320 : 65792 492736 0 0 0 0 0 0 0 
_1.ptx 321 : 65792 1229056 0 0 0 0 0 0 0 
_1.ptx 322 : 65792 756032 0 0 0 0 0 0 0 
_1.ptx 323 : 65792 734848 0 3946 2056 0 0 0 0 
_1.ptx 325 : 65792 722880 0 0 0 0 0 0 0 
_1.ptx 326 : 65792 543328 0 0 0 0 0 0 0 
_1.ptx 327 : 65792 488672 0 0 0 0 0 0 0 
_1.ptx 328 : 65792 540544 0 0 0 0 0 0 0 
_1.ptx 329 : 65792 474208 0 0 0 0 0 0 0 
_1.ptx 330 : 65792 524992 0 0 0 0 0 0 0 
_1.ptx 331 : 65792 457280 0 0 0 0 0 0 0 
_1.ptx 332 : 65792 510720 0 0 0 0 0 0 0 
_1.ptx 333 : 65792 800192 0 0 0 0 0 0 0 
_1.ptx 334 : 65792 496128 0 0 0 0 0 0 0 
_1.ptx 336 : 65792 551904 0 0 0 0 0 0 0 
_1.ptx 337 : 65792 544416 0 0 0 0 0 0 0 
_1.ptx 338 : 65792 548320 0 0 0 0 0 0 0 
_1.ptx 339 : 65792 540032 0 0 0 0 0 0 0 
_1.ptx 340 : 65792 378080 0 2056 2056 0 0 0 0 
_1.ptx 342 : 65792 415296 0 0 0 0 0 0 0 
_1.ptx 344 : 65792 590720 0 2056 2056 0 0 0 0 
_1.ptx 345 : 65792 499296 0 0 0 0 0 0 0 
_1.ptx 346 : 65792 983648 0 0 0 0 0 0 0 
_1.ptx 347 : 65792 739392 0 0 0 0 0 0 0 
_1.ptx 348 : 65792 733152 0 4061 2056 0 0 0 0 
_1.ptx 350 : 65792 653280 0 2056 2056 0 0 0 0 
_1.ptx 351 : 65792 496512 0 0 0 0 0 0 0 
_1.ptx 352 : 65792 873760 0 0 0 0 0 0 0 
_1.ptx 353 : 65792 735232 0 0 0 0 0 0 0 
_1.ptx 354 : 65792 770880 0 4503 2056 0 0 0 0 
_1.ptx 356 : 65792 657600 0 2056 2056 0 0 0 0 
_1.ptx 357 : 65792 486080 0 0 0 0 0 0 0 
_1.ptx 358 : 65792 1236288 0 0 0 0 0 0 0 
_1.ptx 359 : 65792 742944 0 0 0 0 0 0 0 
_1.ptx 360 : 65792 731552 0 3919 2056 0 0 0 0 
_1.ptx 362 : 65792 650016 0 2056 2056 0 0 0 0 
_1.ptx 363 : 65792 512064 0 0 0 0 0 0 0 
_1.ptx 364 : 65792 879328 0 0 0 0 0 0 0 
_1.ptx 365 : 65792 748992 0 0 0 0 0 0 0 
_1.ptx 366 : 65792 732480 0 3967 2056 0 0 0 0 
_1.ptx 368 : 65792 721312 0 0 0 0 0 0 0 
_1.ptx 369 : 65792 526720 0 0 0 0 0 0 0 
_1.ptx 370 : 65792 474048 0 0 0 0 0 0 0 
_1.ptx 371 : 65792 527616 0 0 0 0 0 0 0 
_1.ptx 372 : 65792 468224 0 0 0 0 0 0 0 
_1.ptx 373 : 65792 517152 0 0 0 0 0 0 0 
_1.ptx 374 : 65792 458656 0 0 0 0 0 0 0 
_1.ptx 375 : 65792 498080 0 0 0 0 0 0 0 
_1.ptx 376 : 65792 822176 0 0 0 0 0 0 0 
_1.ptx 377 : 65792 524544 0 0 0 0 0 0 0 
_1.ptx 379 : 65792 571520 0 0 0 0 0 0 0 
_1.ptx 380 : 65792 573760 0 0 0 0 0 0 0 
_1.ptx 381 : 65792 573152 0 0 0 0 0 0 0 
_1.ptx 382 : 65792 564576 0 0 0 0 0 0 0 
_1.ptx 383 : 65792 399072 0 2056 2056 0 0 0 0 
_1.ptx 385 : 65792 435584 0 0 0 0 0 0 0 
_1.ptx 387 : 65792 597888 0 2056 2056 0 0 0 0 
_1.ptx 388 : 65792 490784 0 0 0 0 0 0 0 
_1.ptx 389 : 65792 856288 0 0 0 0 0 0 0 
_1.ptx 390 : 65792 737632 0 0 0 0 0 0 0 
_1.ptx 391 : 65792 710592 0 3936 2056 0 0 0 0 
_1.ptx 393 : 65792 625856 0 2056 2056 0 0 0 0 
_1.ptx 394 : 65792 484864 0 0 0 0 0 0 0 
_1.ptx 395 : 65792 1272448 0 0 0 0 0 0 0 
_1.ptx 396 : 65792 735040 0 0 0 0 0 0 0 
_1.ptx 397 : 65792 740864 0 4017 2056 0 0 0 0 
_1.ptx 399 : 65792 662816 0 2056 2056 0 0 0 0 
_1.ptx 400 : 65792 502432 0 0 0 0 0 0 0 
_1.ptx 401 : 65792 927232 0 0 0 0 0 0 0 
_1.ptx 402 : 65792 742816 0 0 0 0 0 0 0 
_1.ptx 403 : 65792 736384 0 3938 2056 0 0 0 0 
_1.ptx 405 : 65792 657856 0 2056 2056 0 0 0 0 
_1.ptx 406 : 65792 498432 0 0 0 0 0 0 0 
_1.ptx 407 : 65792 783808 0 0 0 0 0 0 0 
_1.ptx 408 : 65792 744064 0 0 0 0 0 0 0 
_1.ptx 409 : 65792 735456 0 4040 2056 0 0 0 0 
_1.ptx 411 : 65792 690336 0 0 0 0 0 0 0 
_1.ptx 412 : 65792 499904 0 0 0 0 0 0 0 
_1.ptx 413 : 65792 443520 0 0 0 0 0 0 0 
_1.ptx 414 : 65792 490048 0 0 0 0 0 0 0 
_1.ptx 415 : 65792 442496 0 0 0 0 0 0 0 
_1.ptx 416 : 65792 502048 0 0 0 0 0 0 0 
_1.ptx 417 : 65792 456384 0 0 0 0 0 0 0 
_1.ptx 418 : 65792 509856 0 0 0 0 0 0 0 
_1.ptx 419 : 65792 825472 0 0 0 0 0 0 0 
_1.ptx 420 : 65792 531136 0 0 0 0 0 0 0 
_1.ptx 422 : 65792 576800 0 0 0 0 0 0 0 
_1.ptx 423 : 65792 575744 0 0 0 0 0 0 0 
_1.ptx 424 : 65792 568384 0 0 0 0 0 0 0 
_1.ptx 425 : 65792 562368 0 0 0 0 0 0 0 
_1.ptx 426 : 65792 391136 0 2056 2056 0 0 0 0 
_1.ptx 428 : 65792 424832 0 0 0 0 0 0 0 
_1.ptx 430 : 65792 574144 0 2056 2056 0 0 0 0 
_1.ptx 431 : 65792 472832 0 0 0 0 0 0 0 
_1.ptx 432 : 65792 907872 0 0 0 0 0 0 0 
_1.ptx 433 : 65792 732064 0 0 0 0 0 0 0 
_1.ptx 434 : 65792 773536 0 4119 2056 0 0 0 0 
_1.ptx 436 : 65792 644512 0 2056 2056 0 0 0 0 
_1.ptx 437 : 65792 490944 0 0 0 0 0 0 0 
_1.ptx 438 : 65792 1059424 0 0 0 0 0 0 0 
_1.ptx 439 : 65792 739584 0 0 0 0 0 0 0 
_1.ptx 440 : 65792 738304 0 4033 2056 0 0 0 0 
_1.ptx 442 : 65792 665600 0 2056 2056 0 0 0 0 
_1.ptx 443 : 65792 499520 0 0 0 0 0 0 0 
_1.ptx 444 : 65792 838336 0 0 0 0 0 0 0 
_1.ptx 445 : 65792 737248 0 0 0 0 0 0 0 
_1.ptx 446 : 65792 732832 0 4025 2056 0 0 0 0 
_1.ptx 448 : 65792 632448 0 2056 2056 0 0 0 0 
_1.ptx 449 : 65792 496928 0 0 0 0 0 0 0 
_1.ptx 450 : 65792 797728 0 0 0 0 0 0 0 
_1.ptx 451 : 65792 740000 0 0 0 0 0 0 0 
_1.ptx 452 : 65792 742912 0 3930 2056 0 0 0 0 
_1.ptx 454 : 65792 689984 0 0 0 0 0 0 0 
_1.ptx 455 : 65792 511488 0 0 0 0 0 0 0 
_1.ptx 456 : 65792 463680 0 0 0 0 0 0 0 
_1.ptx 457 : 65792 526176 0 0 0 0 0 0 0 
_1.ptx 458 : 65792 477856 0 0 0 0 0 0 0 
_1.ptx 459 : 65792 529568 0 0 0 0 0 0 0 
_1.ptx 460 : 65792 466176 0 0 0 0 0 0 0 
_1.ptx 461 : 65792 520832 0 0 0 0 0 0 0 
_1.ptx 462 : 65792 815456 0 0 0 0 0 0 0 
_1.ptx 463 : 65792 520064 0 0 0 0 0 0 0 
_1.ptx 465 : 65792 579392 0 0 0 0 0 0 0 
_1.ptx 466 : 65792 580480 0 0 0 0 0 0 0 
_1.ptx 467 : 65792 572352 0 0 0 0 0 0 0 
_1.ptx 468 : 65792 562304 0 0 0 0 0 0 0 
_1.ptx 469 : 65792 403296 0 2056 2056 0 0 0 0 
_1.ptx 471 : 65792 407360 0 0 0 0 0 0 0 
_1.ptx 473 : 65792 579808 0 2056 2056 0 0 0 0 
_1.ptx 474 : 65792 491584 0 0 0 0 0 0 0 
_1.ptx 475 : 65792 1118208 0 0 0 0 0 0 0 
_1.ptx 476 : 65792 740640 0 0 0 0 0 0 0 
_1.ptx 477 : 65792 736320 0 4014 2056 0 0 0 0 
_1.ptx 479 : 65792 665568 0 2056 2056 0 0 0 0 
_1.ptx 480 : 65792 504192 0 0 0 0 0 0 0 
_1.ptx 481 : 65792 887328 0 0 0 0 0 0 0 
_1.ptx 482 : 65792 739616 0 0 0 0 0 0 0 
_1.ptx 483 : 65792 735200 0 4017 2056 0 0 0 0 
_1.ptx 485 : 65792 651840 0 2056 2056 0 0 0 0 
_1.ptx 486 : 65792 492544 0 0 0 0 0 0 0 
_1.ptx 487 : 65792 802912 0 0 0 0 0 0 0 
_1.ptx 488 : 65792 734944 0 0 0 0 0 0 0 
_1.ptx 489 : 65792 736416 0 3881 2056 0 0 0 0 
_1.ptx 491 : 65792 607552 0 2056 2056 0 0 0 0 
_1.ptx 492 : 65792 492640 0 0 0 0 0 0 0 
_1.ptx 493 : 65792 1179808 0 0 0 0 0 0 0 
_1.ptx 494 : 65792 755776 0 0 0 0 0 0 0 
_1.ptx 495 : 65792 745536 0 4006 2056 0 0 0 0 
_1.ptx 497 : 65792 724608 0 0 0 0 0 0 0 
_1.ptx 498 : 65792 550848 0 0 0 0 0 0 0 
_1.ptx 499 : 65792 492000 0 0 0 0 0 0 0 
_1.ptx 500 : 65792 539040 0 0 0 0 0 0 0 
_1.ptx 501 : 65792 470432 0 0 0 0 0 0 0 
_1.ptx 502 : 65792 525184 0 0 0 0 0 0 0 
_1.ptx 503 : 65792 450240 0 0 0 0 0 0 0 
_1.ptx 504 : 65792 507584 0 0 0 0 0 0 0 
_1.ptx 505 : 65792 2344768 128 0 0 0 0 0 0 
_1.ptx 506 : 65792 497152 0 0 0 0 0 0 0 
_1.ptx 508 : 65792 564064 0 0 0 0 0 0 0 
_1.ptx 509 : 65792 548608 0 0 0 0 0 0 0 
_1.ptx 510 : 65792 565472 0 0 0 0 0 0 0 
_1.ptx 511 : 65792 546400 0 0 0 0 0 0 0 
_1.ptx 512 : 65792 380832 0 2056 2056 0 0 0 0 
_1.ptx 514 : 65792 417920 0 0 0 0 0 0 0 
_1.ptx 516 : 65792 583808 0 2056 2056 0 0 0 0 
_1.ptx 517 : 65792 500800 0 0 0 0 0 0 0 
_1.ptx 518 : 65792 1001312 0 0 0 0 0 0 0 
_1.ptx 519 : 65792 741728 0 0 0 0 0 0 0 
_1.ptx 520 : 65792 718752 0 3963 2056 0 0 0 0 
_1.ptx 522 : 65792 645280 0 2056 2056 0 0 0 0 
_1.ptx 523 : 65792 499040 0 0 0 0 0 0 0 
_1.ptx 524 : 65792 866464 0 0 0 0 0 0 0 
_1.ptx 525 : 65792 734816 0 0 0 0 0 0 0 
_1.ptx 526 : 65792 718336 0 3935 2056 0 0 0 0 
_1.ptx 528 : 65792 632192 0 2056 2056 0 0 0 0 
_1.ptx 529 : 65792 497760 0 0 0 0 0 0 0 
_1.ptx 530 : 65792 1210112 0 0 0 0 0 0 0 
_1.ptx 531 : 65792 746336 0 0 0 0 0 0 0 
_1.ptx 532 : 65792 743936 0 4087 2056 0 0 0 0 
_1.ptx 534 : 65792 658880 0 2056 2056 0 0 0 0 
_1.ptx 535 : 65792 510496 0 0 0 0 0 0 0 
_1.ptx 536 : 65792 865056 0 0 0 0 0 0 0 
_1.ptx 537 : 65792 750624 0 0 0 0 0 0 0 
_1.ptx 538 : 65792 776896 0 4603 2056 0 0 0 0 
_1.ptx 540 : 65792 718048 0 0 0 0 0 0 0 
_1.ptx 541 : 65792 530592 0 0 0 0 0 0 0 
_1.ptx 542 : 65792 471712 0 0 0 0 0 0 0 
_1.ptx 543 : 65792 526080 0 0 0 0 0 0 0 
_1.ptx 544 : 65792 470336 0 0 0 0 0 0 0 
_1.ptx 545 : 65792 520224 0 0 0 0 0 0 0 
_1.ptx 546 : 65792 457568 0 0 0 0 0 0 0 
_1.ptx 547 : 65792 494272 0 0 0 0 0 0 0 
_1.ptx 548 : 65792 819680 0 0 0 0 0 0 0 
_1.ptx 549 : 65792 521184 0 0 0 0 0 0 0 
_1.ptx 551 : 65792 575264 0 0 0 0 0 0 0 
_1.ptx 552 : 65792 573056 0 0 0 0 0 0 0 
_1.ptx 553 : 65792 575264 0 0 0 0 0 0 0 
_1.ptx 554 : 65792 567808 0 0 0 0 0 0 0 
_1.ptx 555 : 65792 394592 0 2056 2056 0 0 0 0 
_1.ptx 557 : 65792 461152 0 0 0 0 0 0 0 
_1.ptx 559 : 65792 738752 0 0 0 0 0 0 0 
_1.ptx 560 : 65792 552288 0 0 0 0 0 0 0 
_1.ptx 561 : 65792 498080 0 0 0 0 0 0 0 
_1.ptx 562 : 65792 552352 0 0 0 0 0 0 0 
_1.ptx 563 : 65792 494240 0 0 0 0 0 0 0 
_1.ptx 564 : 65792 540320 0 0 0 0 0 0 0 
_1.ptx 565 : 65792 484480 0 0 0 0 0 0 0 
_1.ptx 566 : 65792 510176 0 0 0 0 0 0 0 
_1.ptx 567 : 65792 809984 0 0 0 0 0 0 0 
_1.ptx 568 : 65792 528576 0 0 0 0 0 0 0 
_1.ptx 570 : 65792 771456 0 0 0 0 0 0 0 
_1.ptx 571 : 65792 615680 0 2056 2056 0 0 0 0 
_1.ptx 572 : 65792 521696 0 0 0 0 0 0 0 
_1.ptx 573 : 65792 920000 0 0 0 0 0 0 0 
_1.ptx 574 : 65792 764256 0 0 0 0 0 0 0 
_1.ptx 575 : 65792 734176 0 4035 2056 0 0 0 0 
_1.ptx 576 : 65792 534080 0 0 0 0 0 0 0 
_1.ptx 577 : 65792 562592 0 0 0 0 0 0 0 
_1.ptx 578 : 65792 391744 0 2056 2056 0 0 0 0 
_1.ptx 580 : 65792 612544 0 2056 2056 0 0 0 0 
_1.ptx 581 : 65792 491360 0 0 0 0 0 0 0 
_1.ptx 582 : 65792 745888 0 0 0 0 0 0 0 
_1.ptx 583 : 65792 739648 0 0 0 0 0 0 0 
_1.ptx 584 : 65792 766464 0 4126 2056 0 0 0 0 
_1.ptx 585 : 65792 490784 0 0 0 0 0 0 0 
_1.ptx 586 : 65792 544256 0 0 0 0 0 0 0 
_1.ptx 587 : 65792 400352 0 2056 2056 0 0 0 0 
_1.ptx 589 : 65792 617760 0 2056 2056 0 0 0 0 
_1.ptx 590 : 65792 492896 0 0 0 0 0 0 0 
_1.ptx 591 : 65792 795840 0 0 0 0 0 0 0 
_1.ptx 592 : 65792 739872 0 0 0 0 0 0 0 
_1.ptx 593 : 65792 731488 0 4091 2056 0 0 0 0 
_1.ptx 594 : 65792 503360 0 0 0 0 0 0 0 
_1.ptx 595 : 65792 545376 0 0 0 0 0 0 0 
_1.ptx 596 : 65792 390688 0 2056 2056 0 0 0 0 
_1.ptx 598 : 65792 597184 0 2056 2056 0 0 0 0 
_1.ptx 599 : 65792 483456 0 0 0 0 0 0 0 
_1.ptx 600 : 65792 731904 0 0 0 0 0 0 0 
_1.ptx 601 : 65792 730496 0 0 0 0 0 0 0 
_1.ptx 602 : 65792 744992 0 3905 2056 0 0 0 0 
_1.ptx 603 : 65792 534144 0 0 0 0 0 0 0 
_1.ptx 604 : 65792 388064 0 2056 2056 0 0 0 0 
_1.ptx 606 : 65792 403232 0 0 0 0 0 0 0 
_1.ptx 608 : 65792 568128 0 2056 2056 0 0 0 0 
_1.ptx 609 : 65792 267744 0 0 0 0 0 0 0 
_1.ptx 610 : 65792 729344 0 0 0 0 0 0 0 
_1.ptx 611 : 65792 608704 263168 0 0 2056 2056 0 0 
_1.ptx 613 : 65792 399104 0 0 0 0 0 0 0 
