kernel line : count latency dram_traffic smem_bk_conflicts smem_warp gmem_access_generated gmem_warp exposed_latency warp_divergence
_1.ptx 1741 : 875211 5268892 0 0 0 0 0 0 51 
_1.ptx 1744 : 26112 161216 0 0 0 0 0 0 0 
_1.ptx 1746 : 26112 178816 0 0 0 0 0 0 0 
_1.ptx 1747 : 26112 288032 0 0 0 0 0 0 0 
_1.ptx 1748 : 26112 112576 0 0 0 0 0 0 0 
_1.ptx 1749 : 26112 101408 0 0 0 0 0 0 0 
_1.ptx 1750 : 26112 495008 0 0 0 0 0 0 0 
_1.ptx 1751 : 26112 293760 0 0 0 0 0 0 0 
_1.ptx 1752 : 26112 202528 0 0 0 0 0 0 0 
_1.ptx 1753 : 26112 510592 0 0 0 0 0 0 0 
_1.ptx 1754 : 26112 293408 0 0 0 0 0 0 0 
_1.ptx 1755 : 26112 8113184 6528 0 0 816 816 0 0 
_1.ptx 1756 : 26112 290688 0 0 0 0 0 0 0 
_1.ptx 1757 : 26112 5097856 2176 0 0 816 816 0 0 
_1.ptx 1758 : 26112 292128 0 0 0 0 0 0 0 
_1.ptx 1760 : 26112 662048 0 0 0 0 0 0 0 
_1.ptx 1761 : 26112 294304 0 0 0 0 0 0 0 
_1.ptx 1762 : 26112 7179136 6528 0 0 816 816 0 0 
_1.ptx 1763 : 26112 292000 0 0 0 0 0 0 0 
_1.ptx 1764 : 26112 4227200 2048 0 0 816 816 0 0 
_1.ptx 1765 : 26112 305632 0 0 0 0 0 0 0 
_1.ptx 1767 : 26112 230336 0 0 0 0 0 0 0 
_1.ptx 1768 : 26112 168000 0 0 0 0 0 0 0 
_1.ptx 1769 : 26112 218720 0 0 0 0 0 0 0 
_1.ptx 1770 : 26112 0 0 0 0 0 0 0 0 
_1.ptx 1771 : 26112 309120 0 0 0 0 0 0 0 
_1.ptx 1772 : 26112 303648 0 0 0 0 0 0 0 
_1.ptx 1773 : 26112 239488 0 0 0 0 0 0 0 
_1.ptx 1774 : 26112 206144 0 0 0 0 0 0 0 
_1.ptx 1775 : 26112 236512 0 0 0 0 0 0 0 
_1.ptx 1776 : 26112 310752 0 0 0 0 0 0 0 
_1.ptx 1777 : 26112 213408 0 0 0 0 0 0 0 
_1.ptx 1778 : 26112 202304 0 0 0 0 0 0 0 
_1.ptx 1779 : 26112 207392 0 0 0 0 0 0 0 
_1.ptx 1780 : 26112 398144 0 0 0 0 0 0 0 
_1.ptx 1781 : 26112 381440 0 0 0 0 0 0 0 
_1.ptx 1782 : 26112 295776 0 0 0 0 0 0 0 
_1.ptx 1783 : 26112 177120 0 0 0 0 0 0 0 
_1.ptx 1784 : 26112 304896 0 0 0 0 0 0 0 
_1.ptx 1785 : 26112 213152 0 0 0 0 0 0 0 
_1.ptx 1789 : 875211 5816075 0 0 0 0 0 0 0 
_1.ptx 1790 : 875211 5884998 0 0 0 0 0 0 0 
_1.ptx 1791 : 875211 7374381 0 0 0 0 0 0 0 
_1.ptx 1792 : 875211 8129464 0 0 0 0 0 0 0 
_1.ptx 1793 : 875211 28522118 3502272 0 0 27387 27387 0 0 
_1.ptx 1794 : 875211 9137451 0 0 0 0 0 0 0 
_1.ptx 1795 : 875211 9270072 0 0 0 0 0 0 0 
_1.ptx 1796 : 875211 7425933 0 0 0 0 0 0 0 
_1.ptx 1797 : 875211 5650928 0 0 0 0 0 0 51 
_1.ptx 1800 : 26112 171008 0 0 0 0 0 0 0 
_1.ptx 1802 : 26112 187072 0 0 0 0 0 0 0 
_1.ptx 1803 : 26112 88608 0 0 0 0 0 0 0 
_1.ptx 1804 : 26112 214240 0 0 0 0 0 0 0 
_1.ptx 1805 : 26112 0 0 0 0 0 0 0 0 
_1.ptx 1806 : 26112 290624 0 0 0 0 0 0 0 
_1.ptx 1807 : 26112 280416 0 0 0 0 0 0 0 
_1.ptx 1808 : 26112 231136 0 0 0 0 0 0 0 
_1.ptx 1809 : 26112 212256 0 0 0 0 0 0 0 
_1.ptx 1810 : 26112 233376 0 0 0 0 0 0 0 
_1.ptx 1811 : 26112 313024 0 0 0 0 0 0 0 
_1.ptx 1812 : 26112 210304 0 0 0 0 0 0 0 
_1.ptx 1813 : 26112 212672 0 0 0 0 0 0 0 
_1.ptx 72 : 52224 4087808 128 0 0 0 0 0 0 
_1.ptx 1814 : 26112 327200 0 0 0 0 0 0 0 
_1.ptx 73 : 52224 322784 0 0 0 0 0 0 0 
_1.ptx 1815 : 26112 195104 0 0 0 0 0 0 0 
_1.ptx 74 : 52224 436256 0 0 0 0 0 0 0 
_1.ptx 1816 : 26112 176384 0 0 0 0 0 0 0 
_1.ptx 75 : 52224 172480 0 0 0 0 0 0 0 
_1.ptx 1817 : 26112 291488 0 0 0 0 0 0 0 
_1.ptx 1818 : 26112 290272 0 0 0 0 0 0 0 
_1.ptx 77 : 26112 181600 0 0 0 0 0 0 0 
_1.ptx 1819 : 26112 115232 0 0 0 0 0 0 0 
_1.ptx 78 : 26112 185216 0 0 0 0 0 0 0 
_1.ptx 1820 : 26112 105536 0 0 0 0 0 0 0 
_1.ptx 79 : 26112 196768 0 0 0 0 0 0 0 
_1.ptx 1821 : 26112 2021056 640 0 0 0 0 0 0 
_1.ptx 80 : 26112 315840 0 0 0 0 0 0 0 
_1.ptx 1822 : 26112 137856 0 0 0 0 0 0 0 
_1.ptx 81 : 26112 297472 0 0 0 0 0 0 0 
_1.ptx 1823 : 26112 187744 0 0 0 0 0 0 0 
_1.ptx 82 : 26112 7097024 6528 0 0 0 0 0 0 
_1.ptx 83 : 26112 7019968 0 0 0 0 0 0 0 
_1.ptx 84 : 26112 200608 0 0 0 0 0 0 0 
_1.ptx 85 : 26112 295904 0 0 0 0 0 0 0 
_1.ptx 1827 : 875211 9855127 0 0 0 0 0 0 0 
_1.ptx 86 : 26112 305120 0 0 0 0 0 0 0 
_1.ptx 1828 : 875211 8005529 0 0 0 0 0 0 0 
_1.ptx 87 : 26112 216480 0 0 0 0 0 0 0 
_1.ptx 1829 : 875211 7428050 0 0 0 0 0 0 0 
_1.ptx 88 : 26112 192192 0 0 0 0 0 0 0 
_1.ptx 89 : 26112 181376 0 0 0 0 0 0 0 
_1.ptx 1831 : 875211 134496370 0 0 0 0 0 0 0 
_1.ptx 90 : 26112 222400 0 0 0 0 0 0 0 
_1.ptx 1832 : 875211 10160888 0 0 0 0 0 0 0 
_1.ptx 91 : 26112 177326 0 0 0 0 0 0 51 
_1.ptx 1833 : 875211 7045818 0 0 0 0 0 0 0 
_1.ptx 1834 : 875211 8183947 0 0 0 0 0 0 0 
_1.ptx 93 : 51 218 0 0 0 0 0 0 0 
_1.ptx 1835 : 875211 6903106 0 0 0 0 0 0 6681 
_1.ptx 94 : 51 9225 128 0 0 0 0 0 0 
_1.ptx 95 : 51 619 0 0 0 0 0 0 0 
_1.ptx 1837 : 6681 58533 0 0 0 0 0 0 0 
_1.ptx 96 : 51 388 0 0 0 0 0 0 0 
_1.ptx 97 : 51 583 0 0 0 0 0 0 0 
_1.ptx 1839 : 6681 59416 0 0 0 0 0 0 0 
_1.ptx 98 : 51 535 0 0 0 0 0 0 0 
_1.ptx 99 : 51 384 0 0 0 0 0 0 0 
_1.ptx 100 : 51 517 0 0 0 0 0 0 0 
_1.ptx 1842 : 875211 10404344 0 0 0 0 0 0 0 
_1.ptx 101 : 51 5485 1536 0 0 0 0 0 0 
_1.ptx 1843 : 875211 9846431 0 0 0 0 0 0 0 
_1.ptx 102 : 51 590 0 0 0 0 0 0 0 
_1.ptx 1844 : 875211 10443617 0 0 0 0 0 0 0 
_1.ptx 103 : 51 7145 256 0 0 51 51 0 0 
_1.ptx 1845 : 875211 8178251 0 0 0 0 0 0 0 
_1.ptx 104 : 51 219 0 0 0 0 0 0 0 
_1.ptx 1846 : 875211 10157751 0 0 0 0 0 0 0 
_1.ptx 105 : 51 581 0 0 0 0 0 0 0 
_1.ptx 1847 : 875211 6980207 0 0 0 0 0 0 0 
_1.ptx 106 : 51 400 1632 0 0 51 51 0 0 
_1.ptx 1848 : 875211 8906870 0 0 0 0 0 0 0 
_1.ptx 1849 : 875211 7628394 0 0 0 0 0 0 0 
_1.ptx 108 : 51 329 0 0 0 0 0 0 0 
_1.ptx 1850 : 875211 8086484 0 0 0 0 0 0 0 
_1.ptx 109 : 51 594 0 0 0 0 0 0 0 
_1.ptx 1851 : 875211 8719408 0 0 0 0 0 0 0 
_1.ptx 110 : 51 8224 256 0 0 51 51 0 0 
_1.ptx 1852 : 875211 8042985 0 0 0 0 0 0 0 
_1.ptx 111 : 51 217 0 0 0 0 0 0 0 
_1.ptx 1853 : 875211 0 0 0 0 0 0 0 0 
_1.ptx 112 : 51 574 0 0 0 0 0 0 0 
_1.ptx 1854 : 875211 6685513 0 0 0 0 0 0 0 
_1.ptx 113 : 51 269 1632 0 0 51 51 0 0 
_1.ptx 1855 : 875211 10391331 0 0 0 0 0 0 0 
_1.ptx 1856 : 875211 5926983 0 0 0 0 0 0 0 
_1.ptx 1857 : 875211 7985188 0 0 0 0 0 0 0 
_1.ptx 116 : 26112 199456 0 0 0 0 0 0 0 
_1.ptx 1858 : 875211 8642293 0 0 0 0 0 0 0 
_1.ptx 117 : 26112 3700928 128 0 0 0 0 0 0 
_1.ptx 1859 : 875211 11309124 0 0 0 0 0 0 0 
_1.ptx 118 : 26112 235584 0 0 0 0 0 0 0 
_1.ptx 1860 : 875211 9927266 0 0 0 0 0 0 0 
_1.ptx 119 : 26112 0 0 0 0 0 0 0 0 
_1.ptx 1861 : 875211 9861676 0 0 0 0 0 0 0 
_1.ptx 120 : 26112 314656 0 0 0 0 0 0 0 
_1.ptx 1862 : 875211 6710975 0 0 0 0 0 0 0 
_1.ptx 121 : 26112 302112 0 0 0 0 0 0 0 
_1.ptx 1863 : 875211 10419868 0 0 0 0 0 0 0 
_1.ptx 122 : 26112 227264 0 0 0 0 0 0 0 
_1.ptx 1864 : 875211 8198982 0 0 0 0 0 0 0 
_1.ptx 123 : 26112 201696 0 0 0 0 0 0 0 
_1.ptx 1865 : 875211 10189337 0 0 0 0 0 0 0 
_1.ptx 124 : 26112 234752 0 0 0 0 0 0 0 
_1.ptx 1866 : 875211 10218741 0 0 0 0 0 0 0 
_1.ptx 125 : 26112 309440 0 0 0 0 0 0 0 
_1.ptx 1867 : 875211 7086310 0 0 0 0 0 0 0 
_1.ptx 126 : 26112 194240 0 0 0 0 0 0 0 
_1.ptx 1868 : 875211 8785286 0 0 0 0 0 0 0 
_1.ptx 127 : 26112 120352 0 0 0 0 0 0 0 
_1.ptx 1869 : 875211 8123112 0 0 0 0 0 0 0 
_1.ptx 128 : 26112 667168 0 0 0 0 0 0 0 
_1.ptx 1870 : 875211 6948577 0 0 0 0 0 0 0 
_1.ptx 129 : 26112 664512 0 0 0 0 0 0 0 
_1.ptx 1871 : 875211 7687696 0 0 0 0 0 0 0 
_1.ptx 130 : 26112 200224 0 0 0 0 0 0 0 
_1.ptx 131 : 26112 662464 0 0 0 0 0 0 0 
_1.ptx 132 : 26112 296000 0 0 0 0 0 0 0 
_1.ptx 1874 : 8585085 0 0 0 0 0 0 0 0 
_1.ptx 133 : 26112 298816 0 0 0 0 0 0 0 
_1.ptx 1875 : 8585085 103303068 0 0 0 0 0 0 0 
_1.ptx 134 : 26112 85088 0 0 0 0 0 0 0 
_1.ptx 1876 : 8585085 96194485 0 0 0 0 0 0 0 
_1.ptx 135 : 26112 86048 0 0 0 0 0 0 0 
_1.ptx 1877 : 8585085 101140472 0 0 0 0 0 0 0 
_1.ptx 136 : 26112 84448 0 0 0 0 0 0 0 
_1.ptx 1878 : 8585085 75331815 0 0 0 0 0 0 0 
_1.ptx 137 : 26112 197088 0 0 0 0 0 0 0 
_1.ptx 1879 : 8585085 102198807 0 0 0 0 0 0 0 
_1.ptx 1880 : 8585085 101557358 0 0 0 0 0 0 0 
_1.ptx 1881 : 8585085 72100429 0 0 0 0 0 0 0 
_1.ptx 1882 : 8585085 97470096 0 0 0 0 0 0 0 
_1.ptx 141 : 132651 1382416 0 0 0 0 0 0 0 
_1.ptx 1883 : 8585085 102448792 0 0 0 0 0 0 0 
_1.ptx 142 : 132651 1119368 0 0 0 0 0 0 0 
_1.ptx 1884 : 8585085 75474362 0 0 0 0 0 0 0 
_1.ptx 143 : 132651 1383230 0 0 0 0 0 0 0 
_1.ptx 1885 : 8585085 92923291 0 0 0 0 0 0 0 
_1.ptx 1886 : 8585085 102440006 0 0 0 0 0 0 0 
_1.ptx 145 : 132651 21215740 0 0 0 0 0 0 0 
_1.ptx 1887 : 8585085 78452682 0 0 0 0 0 0 0 
_1.ptx 146 : 132651 882783 0 0 0 0 0 0 0 
_1.ptx 147 : 132651 1114009 0 0 0 0 0 0 0 
_1.ptx 148 : 132651 862549 0 0 0 0 0 0 2601 
_1.ptx 1891 : 84212475 1612752994 4458240 0 0 5283702 2686017 0 0 
_1.ptx 150 : 2601 27370 0 0 0 0 0 0 0 
_1.ptx 1892 : 84212475 988379811 0 0 0 0 0 0 0 
_1.ptx 1893 : 84212475 949777762 0 0 0 0 0 0 0 
_1.ptx 152 : 2601 27005 0 0 0 0 0 0 0 
_1.ptx 1894 : 84212475 951427271 0 0 0 0 0 0 0 
_1.ptx 1895 : 84212475 773003629 0 0 0 0 0 0 0 
_1.ptx 1896 : 84212475 591775052 0 0 0 0 0 0 369954 
_1.ptx 155 : 132651 2541148 0 0 0 4182 4182 0 0 
_1.ptx 156 : 132651 1489504 0 0 0 0 0 0 0 
_1.ptx 1898 : 8585085 97230602 0 0 0 0 0 0 0 
_1.ptx 157 : 132651 2159112 0 0 0 4182 4182 0 0 
_1.ptx 1899 : 8585085 79355105 0 0 0 0 0 0 0 
_1.ptx 158 : 132651 1495644 0 0 0 0 0 0 0 
_1.ptx 1900 : 8585085 60594998 0 0 0 0 0 0 408 
_1.ptx 159 : 132651 1389721 0 0 0 0 0 0 0 
_1.ptx 1901 : 875211 7102544 0 0 0 0 0 0 0 
_1.ptx 160 : 132651 2010036 0 0 0 0 0 0 0 
_1.ptx 161 : 132651 1509422 0 0 0 0 0 0 0 
_1.ptx 162 : 132651 1406767 0 0 0 0 0 0 0 
_1.ptx 163 : 132651 1044229 0 0 0 0 0 0 0 
_1.ptx 164 : 132651 2125402 0 0 0 0 0 0 0 
_1.ptx 1906 : 875211 272204878 3460224 0 0 27387 27387 0 0 
_1.ptx 165 : 132651 1490011 0 0 0 0 0 0 0 
_1.ptx 1907 : 875211 10394348 0 0 0 0 0 0 0 
_1.ptx 166 : 132651 57784900 411008 0 0 10569 4182 0 0 
_1.ptx 1908 : 875211 8510671 3502272 0 0 27387 27387 0 0 
_1.ptx 167 : 132651 1892422 0 0 0 0 0 0 0 
_1.ptx 1909 : 875211 9706422 0 0 0 0 0 0 0 
_1.ptx 168 : 132651 1487059 0 0 0 0 0 0 0 
_1.ptx 1910 : 875211 9936433 0 0 0 0 0 0 0 
_1.ptx 169 : 132651 998442 0 0 0 0 0 0 0 
_1.ptx 1911 : 875211 9902380 0 0 0 0 0 0 0 
_1.ptx 170 : 132651 1882178 0 0 0 0 0 0 0 
_1.ptx 1912 : 875211 8154225 0 0 0 0 0 0 0 
_1.ptx 171 : 132651 1485961 0 0 0 0 0 0 0 
_1.ptx 1913 : 875211 6715057 0 0 0 0 0 0 51 
_1.ptx 172 : 132651 3438139 579136 0 0 8164 4182 0 0 
_1.ptx 1914 : 26112 185728 0 0 0 0 0 0 0 
_1.ptx 173 : 132651 1367962 0 0 0 0 0 0 0 
_1.ptx 174 : 132651 1118587 0 0 0 0 0 0 0 
_1.ptx 175 : 132651 706873 0 0 0 0 0 0 51 
_1.ptx 1919 : 26112 183040 0 0 0 0 0 0 0 
_1.ptx 178 : 52224 348928 0 0 0 0 0 0 0 
_1.ptx 179 : 52224 350592 0 0 0 0 0 0 0 
_1.ptx 1921 : 26112 208512 0 0 0 0 0 0 0 
_1.ptx 180 : 52224 443488 0 0 0 0 0 0 0 
_1.ptx 1922 : 26112 227808 0 0 0 0 0 0 0 
_1.ptx 181 : 52224 168544 0 0 0 0 0 0 0 
_1.ptx 1923 : 26112 138342 0 0 0 0 0 0 51 
_1.ptx 1924 : 6681 48572 0 0 0 0 0 0 0 
_1.ptx 183 : 26112 191264 0 0 0 0 0 0 0 
_1.ptx 1925 : 6681 48576 0 0 0 0 0 0 0 
_1.ptx 184 : 26112 206752 0 0 0 0 0 0 0 
_1.ptx 1926 : 6681 73820 0 0 0 0 0 0 0 
_1.ptx 185 : 26112 498112 0 0 0 0 0 0 0 
_1.ptx 1927 : 6681 66842 0 0 0 0 0 0 0 
_1.ptx 186 : 26112 291488 0 0 0 0 0 0 0 
_1.ptx 1928 : 6681 53483 0 0 0 0 0 0 0 
_1.ptx 187 : 26112 5249632 4608 0 0 0 0 0 0 
_1.ptx 1929 : 6681 46928 0 0 0 0 0 0 0 
_1.ptx 188 : 26112 5625600 1152 0 0 0 0 0 0 
_1.ptx 1930 : 6681 58167 0 0 0 0 0 0 0 
_1.ptx 189 : 26112 206208 0 0 0 0 0 0 0 
_1.ptx 1931 : 6681 75305 0 0 0 0 0 0 0 
_1.ptx 190 : 26112 279328 0 0 0 0 0 0 0 
_1.ptx 1932 : 6681 55699 0 0 0 0 0 0 0 
_1.ptx 191 : 26112 295712 0 0 0 0 0 0 0 
_1.ptx 1933 : 6681 55292 0 0 0 0 0 0 0 
_1.ptx 192 : 26112 330016 0 0 0 0 0 0 0 
_1.ptx 1934 : 6681 99784 0 0 0 0 0 0 0 
_1.ptx 193 : 26112 2201088 256 0 0 816 816 0 0 
_1.ptx 1935 : 6681 46228 0 0 0 0 0 0 0 
_1.ptx 194 : 26112 297664 0 0 0 0 0 0 0 
_1.ptx 1936 : 6681 57331 0 0 0 0 0 0 0 
_1.ptx 1937 : 6681 78091 0 0 0 0 0 0 0 
_1.ptx 196 : 26112 270592 0 0 0 0 0 0 0 
_1.ptx 1938 : 6681 76428 0 0 0 0 0 0 0 
_1.ptx 197 : 26112 299552 0 0 0 0 0 0 0 
_1.ptx 1939 : 6681 77266 0 0 0 0 0 0 0 
_1.ptx 198 : 26112 1924512 256 0 0 816 816 0 0 
_1.ptx 1940 : 6681 49131 0 0 0 0 0 0 0 
_1.ptx 199 : 26112 302464 0 0 0 0 0 0 0 
_1.ptx 1941 : 6681 48339 0 0 0 0 0 0 0 
_1.ptx 1942 : 6681 54610 0 0 0 0 0 0 0 
_1.ptx 201 : 26112 189696 0 0 0 0 0 0 0 
_1.ptx 202 : 26112 213568 0 0 0 0 0 0 0 
_1.ptx 203 : 26112 84704 0 0 0 0 0 0 0 
_1.ptx 1945 : 6681 0 0 0 0 0 0 0 0 
_1.ptx 204 : 26112 220192 0 0 0 0 0 0 0 
_1.ptx 1946 : 6681 53837 0 0 0 0 0 0 0 
_1.ptx 205 : 26112 0 0 0 0 0 0 0 0 
_1.ptx 1947 : 6681 87941 0 0 0 0 0 0 0 
_1.ptx 206 : 26112 309248 0 0 0 0 0 0 0 
_1.ptx 1948 : 6681 52133 0 0 0 0 0 0 0 
_1.ptx 207 : 26112 307424 0 0 0 0 0 0 0 
_1.ptx 1949 : 6681 77442 0 0 0 0 0 0 0 
_1.ptx 208 : 26112 239616 0 0 0 0 0 0 0 
_1.ptx 1950 : 6681 177981 0 0 0 0 0 0 0 
_1.ptx 209 : 26112 202176 0 0 0 0 0 0 0 
_1.ptx 1951 : 6681 51614 0 0 0 0 0 0 0 
_1.ptx 210 : 26112 234944 0 0 0 0 0 0 0 
_1.ptx 1952 : 6681 74812 0 0 0 0 0 0 0 
_1.ptx 211 : 26112 312256 0 0 0 0 0 0 0 
_1.ptx 1953 : 6681 76994 0 0 0 0 0 0 0 
_1.ptx 212 : 26112 215968 0 0 0 0 0 0 0 
_1.ptx 1954 : 6681 54384 0 0 0 0 0 0 0 
_1.ptx 213 : 26112 206112 0 0 0 0 0 0 0 
_1.ptx 214 : 26112 303840 0 0 0 0 0 0 0 
_1.ptx 215 : 26112 119008 0 0 0 0 0 0 0 
_1.ptx 216 : 26112 299712 0 0 0 0 0 0 0 
_1.ptx 1958 : 875211 498703431 3578112 0 0 875211 33405 0 0 
_1.ptx 217 : 26112 86112 0 0 0 0 0 0 0 
_1.ptx 1959 : 875211 6208102 0 0 0 0 0 0 0 
_1.ptx 218 : 26112 88896 0 0 0 0 0 0 0 
_1.ptx 1960 : 875211 7059719 0 0 0 0 0 0 0 
_1.ptx 219 : 26112 80576 0 0 0 0 0 0 0 
_1.ptx 1961 : 875211 5315055 0 0 0 0 0 0 621 
_1.ptx 220 : 26112 188928 0 0 0 0 0 0 0 
_1.ptx 1963 : 3044 21405 0 0 0 0 0 0 0 
_1.ptx 1965 : 3044 21454 0 0 0 0 0 0 0 
_1.ptx 224 : 334611 3636251 0 0 0 0 0 0 0 
_1.ptx 225 : 334611 2966421 0 0 0 0 0 0 0 
_1.ptx 1967 : 875211 8813743 0 0 0 0 0 0 0 
_1.ptx 226 : 334611 3635742 0 0 0 0 0 0 0 
_1.ptx 1968 : 875211 8821761 0 0 0 0 0 0 0 
_1.ptx 1969 : 875211 7058708 0 0 0 0 0 0 0 
_1.ptx 228 : 334611 53308312 0 0 0 0 0 0 0 
_1.ptx 1970 : 875211 5290521 0 0 0 0 0 0 0 
_1.ptx 229 : 334611 2417083 0 0 0 0 0 0 0 
_1.ptx 230 : 334611 2935630 0 0 0 0 0 0 0 
_1.ptx 231 : 334611 2363775 0 0 0 0 0 0 4080 
_1.ptx 1973 : 6681 248060 0 255 255 0 0 0 0 
_1.ptx 233 : 4131 45225 0 0 0 0 0 0 0 
_1.ptx 1975 : 6681 231391 0 255 255 0 0 0 0 
_1.ptx 1976 : 6681 69562 0 0 0 0 0 0 0 
_1.ptx 235 : 4131 45065 0 0 0 0 0 0 0 
_1.ptx 1977 : 6681 69539 0 0 0 0 0 0 0 
_1.ptx 1978 : 6681 70281 0 0 0 0 0 0 0 
_1.ptx 1979 : 6681 57399 0 0 0 0 0 0 0 
_1.ptx 238 : 334611 3876531 0 0 0 0 0 0 0 
_1.ptx 1980 : 6681 0 0 0 0 0 0 0 0 
_1.ptx 239 : 334611 3897608 0 0 0 0 0 0 0 
_1.ptx 240 : 334611 3644991 0 0 0 0 0 0 0 
_1.ptx 1982 : 26112 184832 0 0 0 0 0 0 0 
_1.ptx 241 : 334611 4792062 0 0 0 0 0 0 0 
_1.ptx 1983 : 26112 185856 0 0 0 0 0 0 0 
_1.ptx 242 : 334611 3877002 0 0 0 0 0 0 0 
_1.ptx 243 : 334611 2718511 0 0 0 0 0 0 0 
_1.ptx 1985 : 26112 174528 0 0 0 0 0 0 0 
_1.ptx 244 : 334611 4287423 0 0 0 0 0 0 0 
_1.ptx 1986 : 26112 193899 0 0 0 0 0 0 51 
_1.ptx 245 : 334611 3869151 0 0 0 0 0 0 0 
_1.ptx 1987 : 51 393 0 0 0 0 0 0 0 
_1.ptx 246 : 334611 132987974 712192 0 0 24502 10506 0 0 
_1.ptx 1988 : 51 425 0 0 0 0 0 0 0 
_1.ptx 247 : 334611 7081097 1339872 0 0 10506 10506 0 0 
_1.ptx 1989 : 51 0 0 0 0 0 0 0 0 
_1.ptx 248 : 334611 3610186 0 0 0 0 0 0 0 
_1.ptx 1990 : 51 381 0 0 0 0 0 0 0 
_1.ptx 249 : 334611 3634626 0 0 0 0 0 0 0 
_1.ptx 1991 : 51 341 0 0 0 0 0 0 0 
_1.ptx 250 : 334611 2957882 0 0 0 0 0 0 0 
_1.ptx 1992 : 51 378 0 0 0 0 0 0 0 
_1.ptx 251 : 334611 2229411 0 0 0 0 0 0 51 
_1.ptx 1993 : 51 328 0 0 0 0 0 0 0 
_1.ptx 1994 : 51 371 0 0 0 0 0 0 0 
_1.ptx 1995 : 51 377 0 0 0 0 0 0 0 
_1.ptx 254 : 26112 185376 0 0 0 0 0 0 0 
_1.ptx 1996 : 51 410 0 0 0 0 0 0 0 
_1.ptx 256 : 26112 113568 0 0 0 0 0 0 0 
_1.ptx 257 : 26112 113088 0 0 0 0 0 0 0 
_1.ptx 1999 : 6681 90839 0 6681 6681 0 0 0 0 
_1.ptx 258 : 26112 203168 0 0 0 0 0 0 0 
_1.ptx 2000 : 6681 57638 0 0 0 0 0 0 0 
_1.ptx 259 : 26112 323200 0 0 0 0 0 0 0 
_1.ptx 2001 : 6681 44386 0 0 0 0 0 0 0 
_1.ptx 260 : 26112 301088 0 0 0 0 0 0 0 
_1.ptx 2002 : 305 3797 0 305 305 0 0 0 0 
_1.ptx 261 : 26112 211104 0 0 0 0 0 0 0 
_1.ptx 2004 : 305 2366 0 0 0 0 0 0 0 
_1.ptx 263 : 26112 208640 0 0 0 0 0 0 0 
_1.ptx 264 : 26112 80800 0 0 0 0 0 0 0 
_1.ptx 2006 : 305 3510 0 0 0 0 0 0 0 
_1.ptx 265 : 26112 225984 0 0 0 0 0 0 0 
_1.ptx 2007 : 305 4364 0 305 305 0 0 0 0 
_1.ptx 266 : 26112 0 0 0 0 0 0 0 0 
_1.ptx 267 : 26112 213248 0 0 0 0 0 0 0 
_1.ptx 2009 : 6681 70992 0 0 0 0 0 0 0 
_1.ptx 268 : 26112 322528 0 0 0 0 0 0 0 
_1.ptx 2010 : 6681 70803 0 0 0 0 0 0 0 
_1.ptx 269 : 26112 318112 0 0 0 0 0 0 0 
_1.ptx 2011 : 6681 71375 0 0 0 0 0 0 0 
_1.ptx 270 : 26112 249216 0 0 0 0 0 0 0 
_1.ptx 2012 : 6681 57956 0 0 0 0 0 0 0 
_1.ptx 271 : 26112 222656 0 0 0 0 0 0 0 
_1.ptx 2013 : 6681 47529 0 0 0 0 0 0 0 
_1.ptx 272 : 26112 252192 0 0 0 0 0 0 0 
_1.ptx 2014 : 51 384 0 0 0 0 0 0 0 
_1.ptx 273 : 26112 319808 0 0 0 0 0 0 0 
_1.ptx 274 : 26112 236480 0 0 0 0 0 0 0 
_1.ptx 275 : 26112 239520 0 0 0 0 0 0 0 
_1.ptx 276 : 26112 361632 0 0 0 0 0 0 0 
_1.ptx 277 : 26112 316960 0 0 0 0 0 0 0 
_1.ptx 2019 : 51 545 0 0 0 0 0 0 0 
_1.ptx 278 : 26112 80896 0 0 0 0 0 0 0 
_1.ptx 2020 : 51 429 0 0 0 0 0 0 0 
_1.ptx 279 : 26112 211872 0 0 0 0 0 0 0 
_1.ptx 2021 : 51 535 0 0 0 0 0 0 0 
_1.ptx 2023 : 51 7778 0 0 0 0 0 0 0 
_1.ptx 2024 : 51 360 0 0 0 0 0 0 0 
_1.ptx 283 : 132651 1492267 0 0 0 0 0 0 0 
_1.ptx 2025 : 51 436 0 0 0 0 0 0 0 
_1.ptx 284 : 132651 1221997 0 0 0 0 0 0 0 
_1.ptx 2026 : 51 366 0 0 0 0 0 0 0 
_1.ptx 285 : 132651 1495460 0 0 0 0 0 0 0 
_1.ptx 287 : 132651 21831094 0 0 0 0 0 0 0 
_1.ptx 288 : 132651 1030640 0 0 0 0 0 0 0 
_1.ptx 289 : 132651 1218329 0 0 0 0 0 0 0 
_1.ptx 290 : 132651 998939 0 0 0 0 0 0 2601 
_1.ptx 2033 : 51 588 0 0 0 0 0 0 0 
_1.ptx 292 : 2601 29567 0 0 0 0 0 0 0 
_1.ptx 2034 : 51 11761 1152 0 0 51 51 0 0 
_1.ptx 2035 : 51 854 0 0 0 0 0 0 0 
_1.ptx 294 : 2601 29226 0 0 0 0 0 0 0 
_1.ptx 2036 : 51 589 0 0 0 0 0 0 0 
_1.ptx 2037 : 51 585 0 0 0 0 0 0 0 
_1.ptx 2038 : 51 590 0 0 0 0 0 0 0 
_1.ptx 297 : 132651 1574645 0 0 0 0 0 0 0 
_1.ptx 2039 : 51 553 0 0 0 0 0 0 0 
_1.ptx 298 : 132651 1488708 0 0 0 0 0 0 0 
_1.ptx 2040 : 51 555 1632 0 0 51 51 0 0 
_1.ptx 299 : 132651 2194574 0 0 0 0 0 0 0 
_1.ptx 300 : 132651 1574593 0 0 0 0 0 0 0 
_1.ptx 2042 : 51 10932 1152 0 0 51 51 0 0 
_1.ptx 301 : 132651 1565735 0 0 0 0 0 0 0 
_1.ptx 2043 : 51 581 0 0 0 0 0 0 0 
_1.ptx 302 : 132651 1118546 0 0 0 0 0 0 0 
_1.ptx 2044 : 51 578 0 0 0 0 0 0 0 
_1.ptx 303 : 132651 1900807 0 0 0 0 0 0 0 
_1.ptx 2045 : 51 592 0 0 0 0 0 0 0 
_1.ptx 304 : 132651 1548122 0 0 0 0 0 0 0 
_1.ptx 2046 : 51 555 0 0 0 0 0 0 0 
_1.ptx 305 : 132651 40927048 531200 0 0 8326 4182 0 0 
_1.ptx 2047 : 51 582 1632 0 0 51 51 0 0 
_1.ptx 306 : 132651 702142 0 4182 4182 0 0 0 0 
_1.ptx 307 : 132651 1469338 0 0 0 0 0 0 0 
_1.ptx 308 : 132651 1486081 0 0 0 0 0 0 0 
_1.ptx 2050 : 26112 185312 0 0 0 0 0 0 0 
_1.ptx 309 : 132651 1208703 0 0 0 0 0 0 0 
_1.ptx 310 : 132651 822448 0 0 0 0 0 0 51 
_1.ptx 2052 : 52224 411104 0 0 0 0 0 0 0 
_1.ptx 2053 : 52224 380640 0 0 0 0 0 0 0 
_1.ptx 312 : 26112 191168 0 0 0 0 0 0 0 
_1.ptx 2054 : 52224 372128 0 0 0 0 0 0 0 
_1.ptx 2055 : 52224 444864 0 0 0 0 0 0 0 
_1.ptx 314 : 26112 188352 0 0 0 0 0 0 0 
_1.ptx 2056 : 52224 419360 0 0 0 0 0 0 0 
_1.ptx 2057 : 52224 721696 0 0 0 0 0 0 0 
_1.ptx 316 : 26112 214432 0 0 0 0 0 0 0 
_1.ptx 2058 : 52224 432768 0 0 0 0 0 0 0 
_1.ptx 317 : 26112 83232 0 0 0 0 0 0 0 
_1.ptx 2059 : 52224 0 0 0 0 0 0 0 0 
_1.ptx 318 : 26112 229984 0 0 0 0 0 0 0 
_1.ptx 2060 : 52224 430976 0 0 0 0 0 0 0 
_1.ptx 319 : 26112 0 0 0 0 0 0 0 0 
_1.ptx 2061 : 52224 636096 0 0 0 0 0 0 0 
_1.ptx 320 : 26112 312576 0 0 0 0 0 0 0 
_1.ptx 2062 : 52224 617024 0 0 0 0 0 0 0 
_1.ptx 321 : 26112 298400 0 0 0 0 0 0 0 
_1.ptx 2063 : 52224 384896 0 0 0 0 0 0 0 
_1.ptx 322 : 26112 233568 0 0 0 0 0 0 0 
_1.ptx 2064 : 52224 461056 0 0 0 0 0 0 0 
_1.ptx 323 : 26112 208672 0 0 0 0 0 0 0 
_1.ptx 2065 : 52224 401056 0 0 0 0 0 0 0 
_1.ptx 324 : 26112 242368 0 0 0 0 0 0 0 
_1.ptx 2066 : 52224 437728 0 0 0 0 0 0 0 
_1.ptx 325 : 26112 314560 0 0 0 0 0 0 0 
_1.ptx 2067 : 52224 357632 0 0 0 0 0 0 0 
_1.ptx 326 : 26112 223808 0 0 0 0 0 0 0 
_1.ptx 2068 : 52224 442688 0 0 0 0 0 0 0 
_1.ptx 327 : 26112 218848 0 0 0 0 0 0 0 
_1.ptx 2069 : 52224 362112 0 0 0 0 0 0 0 
_1.ptx 328 : 26112 336896 0 0 0 0 0 0 0 
_1.ptx 329 : 26112 118976 0 0 0 0 0 0 0 
_1.ptx 330 : 26112 299936 0 0 0 0 0 0 0 
_1.ptx 331 : 26112 1481408 128 0 0 0 0 0 0 
_1.ptx 332 : 26112 89056 0 0 0 0 0 0 0 
_1.ptx 333 : 26112 87392 0 0 0 0 0 0 0 
_1.ptx 334 : 26112 85920 0 0 0 0 0 0 0 
_1.ptx 335 : 26112 205216 0 0 0 0 0 0 0 
_1.ptx 339 : 875211 9755781 0 0 0 0 0 0 0 
_1.ptx 340 : 875211 7976284 0 0 0 0 0 0 0 
_1.ptx 341 : 875211 7431764 0 0 0 0 0 0 0 
_1.ptx 343 : 875211 134085073 0 0 0 0 0 0 0 
_1.ptx 344 : 875211 10093506 0 0 0 0 0 0 0 
_1.ptx 345 : 875211 7110594 0 0 0 0 0 0 0 
_1.ptx 346 : 875211 8075437 0 0 0 0 0 0 0 
_1.ptx 347 : 875211 6884404 0 0 0 0 0 0 6681 
_1.ptx 349 : 6681 57302 0 0 0 0 0 0 0 
_1.ptx 351 : 6681 58596 0 0 0 0 0 0 0 
_1.ptx 354 : 875211 10369781 0 0 0 0 0 0 0 
_1.ptx 355 : 875211 9860615 0 0 0 0 0 0 0 
_1.ptx 356 : 875211 10400615 0 0 0 0 0 0 0 
_1.ptx 357 : 875211 8171354 0 0 0 0 0 0 0 
_1.ptx 358 : 875211 10119342 0 0 0 0 0 0 0 
_1.ptx 359 : 875211 7004065 0 0 0 0 0 0 0 
_1.ptx 360 : 875211 8676940 0 0 0 0 0 0 0 
_1.ptx 361 : 875211 7524512 0 0 0 0 0 0 0 
_1.ptx 362 : 875211 8002693 0 0 0 0 0 0 0 
_1.ptx 363 : 875211 8700803 0 0 0 0 0 0 0 
_1.ptx 364 : 875211 7998816 0 0 0 0 0 0 0 
_1.ptx 365 : 875211 0 0 0 0 0 0 0 0 
_1.ptx 366 : 875211 4523021 0 0 0 0 0 0 0 
_1.ptx 367 : 875211 10338188 0 0 0 0 0 0 0 
_1.ptx 368 : 875211 9756661 0 0 0 0 0 0 0 
_1.ptx 369 : 875211 4699050 0 0 0 0 0 0 0 
_1.ptx 370 : 875211 7980824 0 0 0 0 0 0 0 
_1.ptx 371 : 875211 8691576 0 0 0 0 0 0 0 
_1.ptx 372 : 875211 10364895 0 0 0 0 0 0 0 
_1.ptx 373 : 875211 9875830 0 0 0 0 0 0 0 
_1.ptx 374 : 875211 4543927 0 0 0 0 0 0 0 
_1.ptx 375 : 875211 10355688 0 0 0 0 0 0 0 
_1.ptx 376 : 875211 8099739 0 0 0 0 0 0 0 
_1.ptx 377 : 875211 10150696 0 0 0 0 0 0 0 
_1.ptx 378 : 875211 10001259 0 0 0 0 0 0 0 
_1.ptx 379 : 875211 7058313 0 0 0 0 0 0 0 
_1.ptx 380 : 875211 8706261 0 0 0 0 0 0 0 
_1.ptx 381 : 875211 8061847 0 0 0 0 0 0 0 
_1.ptx 382 : 875211 6877002 0 0 0 0 0 0 0 
_1.ptx 383 : 875211 7603280 0 0 0 0 0 0 0 
_1.ptx 386 : 27599211 0 0 0 0 0 0 0 0 
_1.ptx 387 : 27599211 331101272 0 0 0 0 0 0 0 
_1.ptx 388 : 27599211 309222073 0 0 0 0 0 0 0 
_1.ptx 389 : 27599211 318645860 0 0 0 0 0 0 0 
_1.ptx 390 : 27599211 318593920 0 0 0 0 0 0 0 
_1.ptx 391 : 27599211 360002712 0 0 0 0 0 0 0 
_1.ptx 392 : 27599211 318029861 0 0 0 0 0 0 0 
_1.ptx 393 : 27599211 258680519 0 0 0 0 0 0 0 
_1.ptx 394 : 27599211 328697659 0 0 0 0 0 0 0 
_1.ptx 395 : 27599211 328503611 0 0 0 0 0 0 0 
_1.ptx 396 : 27599211 325593511 0 0 0 0 0 0 0 
_1.ptx 397 : 27599211 137144014 0 0 0 0 0 0 0 
_1.ptx 398 : 27599211 307127134 0 0 0 0 0 0 0 
_1.ptx 399 : 27599211 325342362 0 0 0 0 0 0 0 
_1.ptx 400 : 27599211 327413972 0 0 0 0 0 0 0 
_1.ptx 401 : 27599211 329281592 0 0 0 0 0 0 0 
_1.ptx 402 : 27599211 327122958 0 0 0 0 0 0 0 
_1.ptx 403 : 27599211 331589624 0 0 0 0 0 0 0 
_1.ptx 404 : 27599211 238831959 0 0 0 0 0 0 0 
_1.ptx 405 : 27599211 292534414 0 0 0 0 0 0 0 
_1.ptx 406 : 27599211 330366778 0 0 0 0 0 0 0 
_1.ptx 407 : 27599211 241206978 0 0 0 0 0 0 0 
_1.ptx 408 : 27599211 288775677 0 0 0 0 0 0 0 
_1.ptx 409 : 27599211 329020117 0 0 0 0 0 0 0 
_1.ptx 410 : 27599211 237687631 0 0 0 0 0 0 0 
_1.ptx 414 : 870323211 10013873521 5316352 0 0 54557046 35941740 0 0 
_1.ptx 415 : 870323211 8284975260 0 36316794 35941740 0 0 0 0 
_1.ptx 416 : 870323211 11907787261 0 0 0 0 0 0 0 
_1.ptx 417 : 870323211 9545463951 0 0 0 0 0 0 0 
_1.ptx 418 : 870323211 9752402989 0 0 0 0 0 0 0 
_1.ptx 419 : 870323211 9753417258 0 0 0 0 0 0 0 
_1.ptx 420 : 870323211 7981106606 0 0 0 0 0 0 0 
_1.ptx 421 : 870323211 6613277220 0 0 0 0 0 0 18944970 
_1.ptx 2164 : 52224 342304 0 0 0 0 0 0 0 
_1.ptx 423 : 27599211 309156194 0 0 0 0 0 0 0 
_1.ptx 424 : 27599211 254027285 0 0 0 0 0 0 0 
_1.ptx 425 : 27599211 210760792 0 0 0 0 0 0 4947 
_1.ptx 426 : 875211 7104316 0 0 0 0 0 0 0 
_1.ptx 431 : 875211 6769448 3502272 0 0 27387 27387 0 0 
_1.ptx 432 : 875211 9535585 0 0 0 0 0 0 0 
_1.ptx 433 : 875211 9718039 0 0 0 0 0 0 0 
_1.ptx 434 : 875211 8000855 0 0 0 0 0 0 0 
_1.ptx 435 : 875211 6636051 0 0 0 0 0 0 51 
_1.ptx 436 : 26112 195360 0 0 0 0 0 0 0 
_1.ptx 441 : 26112 189056 0 0 0 0 0 0 0 
_1.ptx 443 : 26112 208704 0 0 0 0 0 0 0 
_1.ptx 444 : 26112 82816 0 0 0 0 0 0 0 
_1.ptx 445 : 26112 224608 0 0 0 0 0 0 0 
_1.ptx 446 : 26112 0 0 0 0 0 0 0 0 
_1.ptx 447 : 26112 317888 0 0 0 0 0 0 0 
_1.ptx 448 : 26112 309632 0 0 0 0 0 0 0 
_1.ptx 449 : 26112 241792 0 0 0 0 0 0 0 
_1.ptx 450 : 26112 212768 0 0 0 0 0 0 0 
_1.ptx 451 : 26112 242112 0 0 0 0 0 0 0 
_1.ptx 452 : 26112 313280 0 0 0 0 0 0 0 
_1.ptx 453 : 26112 226080 0 0 0 0 0 0 0 
_1.ptx 454 : 26112 189920 0 0 0 0 0 0 0 
_1.ptx 455 : 26112 83936 0 0 0 0 0 0 0 
_1.ptx 456 : 26112 263392 0 0 0 0 0 0 0 
_1.ptx 457 : 26112 459744 0 0 0 0 0 0 0 
_1.ptx 458 : 26112 4373984 3328 0 0 0 0 0 0 
_1.ptx 459 : 26112 301312 0 0 0 0 0 0 0 
_1.ptx 460 : 26112 86016 0 0 0 0 0 0 0 
_1.ptx 461 : 26112 211008 0 0 0 0 0 0 0 
_1.ptx 465 : 1707939 18401563 0 0 0 0 0 0 0 
_1.ptx 466 : 1707939 14808213 0 0 0 0 0 0 0 
_1.ptx 467 : 1707939 18435226 0 0 0 0 0 0 0 
_1.ptx 469 : 1707939 266595531 0 0 0 0 0 0 0 
_1.ptx 470 : 1707939 12234422 0 0 0 0 0 0 0 
_1.ptx 471 : 1707939 14704748 0 0 0 0 0 0 0 
_1.ptx 472 : 1707939 12125760 0 0 0 0 0 0 9333 
_1.ptx 474 : 9333 101863 0 0 0 0 0 0 0 
_1.ptx 476 : 9333 101131 0 0 0 0 0 0 0 
_1.ptx 479 : 1707939 14823548 0 0 0 0 0 0 0 
_1.ptx 480 : 1707939 3343667 0 0 0 0 0 0 18105 
_1.ptx 481 : 1231956 7898784 0 0 0 0 0 0 0 
_1.ptx 482 : 1231956 14119668 0 0 0 0 0 0 0 
_1.ptx 483 : 1231956 10727244 0 0 0 0 0 0 0 
_1.ptx 484 : 1231956 3341743 0 0 0 0 0 0 9027 
_1.ptx 485 : 755973 4682711 0 0 0 0 0 0 0 
_1.ptx 486 : 755973 8097675 0 0 0 0 0 0 0 
_1.ptx 487 : 755973 6620141 0 0 0 0 0 0 0 
_1.ptx 488 : 755973 1481165 0 0 0 0 0 0 0 
_1.ptx 489 : 545292 3250822 0 0 0 0 0 0 0 
_1.ptx 490 : 545292 6264665 0 0 0 0 0 0 0 
_1.ptx 491 : 545292 4752571 0 0 0 0 0 0 0 
_1.ptx 492 : 545292 1481936 0 0 0 0 0 0 0 
_1.ptx 494 : 334611 2100486 0 0 0 0 0 0 0 
_1.ptx 495 : 334611 3828842 0 0 0 0 0 0 0 
_1.ptx 496 : 334611 4501049 0 0 0 0 0 0 0 
_1.ptx 497 : 334611 3826857 0 0 0 0 0 0 0 
_1.ptx 498 : 334611 3866896 0 0 0 0 0 0 0 
_1.ptx 499 : 334611 2675786 0 0 0 0 0 0 0 
_1.ptx 500 : 334611 4171648 0 0 0 0 0 0 0 
_1.ptx 501 : 334611 3862807 0 0 0 0 0 0 0 
_1.ptx 502 : 334611 111657902 1290496 0 0 24174 14433 0 0 
_1.ptx 503 : 334611 2841705 883936 0 0 14433 14433 0 0 
_1.ptx 504 : 334611 2373324 0 0 0 0 0 0 0 
_1.ptx 508 : 1373328 9704123 0 0 0 0 0 0 0 
_1.ptx 509 : 1373328 13149799 5966784 0 0 66096 66096 0 0 
_1.ptx 511 : 1707939 18437158 0 0 0 0 0 0 0 
_1.ptx 512 : 1707939 18420842 0 0 0 0 0 0 0 
_1.ptx 513 : 1707939 14885033 0 0 0 0 0 0 0 
_1.ptx 514 : 1707939 11817973 0 0 0 0 0 0 51 
_1.ptx 517 : 26112 182176 0 0 0 0 0 0 0 
_1.ptx 519 : 26112 205440 0 0 0 0 0 0 0 
_1.ptx 520 : 26112 81216 0 0 0 0 0 0 0 
_1.ptx 521 : 26112 221472 0 0 0 0 0 0 0 
_1.ptx 522 : 26112 128936 0 0 0 0 0 0 51 
_1.ptx 523 : 9333 109371 0 0 0 0 0 0 0 
_1.ptx 524 : 9333 105002 0 0 0 0 0 0 0 
_1.ptx 525 : 9333 75953 0 0 0 0 0 0 0 
_1.ptx 526 : 9333 66010 0 0 0 0 0 0 0 
_1.ptx 527 : 9333 78612 0 0 0 0 0 0 0 
_1.ptx 528 : 9333 105534 0 0 0 0 0 0 0 
_1.ptx 529 : 9333 72550 0 0 0 0 0 0 0 
_1.ptx 530 : 9333 30556 0 0 0 0 0 0 0 
_1.ptx 531 : 9333 129396 0 0 0 0 0 0 0 
_1.ptx 532 : 9333 134328 0 0 0 0 0 0 0 
_1.ptx 533 : 9333 72279 0 0 0 0 0 0 0 
_1.ptx 537 : 9333 72417 0 0 0 0 0 0 0 
_1.ptx 538 : 9333 73421 0 0 0 0 0 0 0 
_1.ptx 539 : 9333 108249 0 0 0 0 0 0 0 
_1.ptx 540 : 9333 81823 0 0 0 0 0 0 0 
_1.ptx 541 : 9333 0 0 0 0 0 0 0 0 
_1.ptx 542 : 9333 73875 0 0 0 0 0 0 0 
_1.ptx 543 : 9333 87364 0 0 0 0 0 0 0 
_1.ptx 544 : 9333 71460 0 0 0 0 0 0 0 
_1.ptx 545 : 9333 107693 0 0 0 0 0 0 0 
_1.ptx 546 : 9333 107984 0 0 0 0 0 0 0 
_1.ptx 547 : 9333 65846 0 0 0 0 0 0 0 
_1.ptx 548 : 9333 76257 0 0 0 0 0 0 0 
_1.ptx 552 : 1707939 2070596183 6980736 0 0 1707939 55998 0 0 
_1.ptx 553 : 1707939 18836951 0 0 0 0 0 0 0 
_1.ptx 554 : 1707939 1102882578 57248 0 0 1707939 55998 0 0 
_1.ptx 556 : 1707939 12435784 0 0 0 0 0 0 0 
_1.ptx 557 : 1707939 17432257 0 0 0 0 0 0 0 
_1.ptx 558 : 1707939 17423525 0 0 0 0 0 0 0 
_1.ptx 559 : 1707939 13940436 0 0 0 0 0 0 0 
_1.ptx 560 : 1707939 10293030 0 0 0 0 0 0 0 
_1.ptx 562 : 9333 93940 0 0 0 0 0 0 0 
_1.ptx 563 : 9333 103021 0 0 0 0 0 0 0 
_1.ptx 564 : 9333 75518 0 0 0 0 0 0 0 
_1.ptx 565 : 9333 0 0 0 0 0 0 0 0 
_1.ptx 568 : 26112 170976 0 0 0 0 0 0 0 
_1.ptx 570 : 26112 201024 0 0 0 0 0 0 0 
_1.ptx 571 : 26112 1351264 0 0 0 0 0 0 0 
_1.ptx 572 : 26112 221184 0 0 0 0 0 0 0 
_1.ptx 573 : 26112 0 0 0 0 0 0 0 0 
_1.ptx 574 : 26112 309056 0 0 0 0 0 0 0 
_1.ptx 575 : 26112 292320 0 0 0 0 0 0 0 
_1.ptx 576 : 26112 221312 0 0 0 0 0 0 0 
_1.ptx 577 : 26112 172224 0 0 0 0 0 0 0 
_1.ptx 578 : 26112 223808 0 0 0 0 0 0 0 
_1.ptx 579 : 26112 307008 0 0 0 0 0 0 0 
_1.ptx 580 : 26112 214880 0 0 0 0 0 0 0 
_1.ptx 581 : 26112 205088 0 0 0 0 0 0 0 
_1.ptx 582 : 26112 318592 0 0 0 0 0 0 0 
_1.ptx 583 : 26112 727360 0 0 0 0 0 0 0 
_1.ptx 584 : 26112 626848 0 0 0 0 0 0 0 
_1.ptx 585 : 26112 290080 0 0 0 0 0 0 0 
_1.ptx 586 : 26112 454624 0 0 0 0 0 0 0 
_1.ptx 587 : 26112 483520 0 0 0 0 0 0 0 
_1.ptx 588 : 26112 444352 0 0 0 0 0 0 0 
_1.ptx 589 : 26112 440896 0 0 0 0 0 0 0 
_1.ptx 590 : 26112 188256 0 0 0 0 0 0 0 
_1.ptx 594 : 1222623 12899834 0 0 0 0 0 0 0 
_1.ptx 595 : 1222623 10456754 0 0 0 0 0 0 0 
_1.ptx 596 : 1222623 12927647 0 0 0 0 0 0 0 
_1.ptx 598 : 1222623 190993854 0 0 0 0 0 0 0 
_1.ptx 599 : 1222623 8395672 0 0 0 0 0 0 0 
_1.ptx 600 : 1222623 10444147 0 0 0 0 0 0 0 
_1.ptx 601 : 1222623 8293585 0 0 0 0 0 0 9333 
_1.ptx 603 : 9333 99705 0 0 0 0 0 0 0 
_1.ptx 605 : 9333 98424 0 0 0 0 0 0 0 
_1.ptx 608 : 1222623 13918171 0 0 0 0 0 0 0 
_1.ptx 609 : 1222623 13943651 0 0 0 0 0 0 0 
_1.ptx 610 : 1222623 12948905 0 0 0 0 0 0 0 
_1.ptx 611 : 1222623 15384377 0 0 0 0 0 0 0 
_1.ptx 612 : 1222623 13915879 0 0 0 0 0 0 0 
_1.ptx 613 : 1222623 9476255 0 0 0 0 0 0 0 
_1.ptx 614 : 1222623 13980860 0 0 0 0 0 0 0 
_1.ptx 615 : 1222623 13900857 0 0 0 0 0 0 0 
_1.ptx 616 : 1222623 475288483 5790336 0 0 85221 38250 0 0 
_1.ptx 617 : 1222623 31588695 4891104 0 0 38250 38250 0 0 
_1.ptx 618 : 1222623 12876860 0 0 0 0 0 0 0 
_1.ptx 619 : 1222623 12940720 0 0 0 0 0 0 0 
_1.ptx 620 : 1222623 10595764 0 0 0 0 0 0 0 
_1.ptx 621 : 1222623 8198825 0 0 0 0 0 0 51 
_1.ptx 624 : 26112 172160 0 0 0 0 0 0 0 
_1.ptx 626 : 26112 198880 0 0 0 0 0 0 0 
_1.ptx 627 : 26112 1608320 384 0 0 0 0 0 0 
_1.ptx 628 : 26112 231040 0 0 0 0 0 0 0 
_1.ptx 629 : 26112 0 0 0 0 0 0 0 0 
_1.ptx 630 : 26112 321152 0 0 0 0 0 0 0 
_1.ptx 631 : 26112 314400 0 0 0 0 0 0 0 
_1.ptx 632 : 26112 241664 0 0 0 0 0 0 0 
_1.ptx 633 : 26112 211712 0 0 0 0 0 0 0 
_1.ptx 634 : 26112 238752 0 0 0 0 0 0 0 
_1.ptx 635 : 26112 312448 0 0 0 0 0 0 0 
_1.ptx 636 : 26112 209504 0 0 0 0 0 0 0 
_1.ptx 637 : 26112 193600 0 0 0 0 0 0 0 
_1.ptx 638 : 26112 375040 0 0 0 0 0 0 0 
_1.ptx 639 : 26112 124256 0 0 0 0 0 0 0 
_1.ptx 640 : 26112 127712 0 0 0 0 0 0 0 
_1.ptx 641 : 26112 291136 0 0 0 0 0 0 0 
_1.ptx 642 : 26112 114688 0 0 0 0 0 0 0 
_1.ptx 643 : 26112 108672 0 0 0 0 0 0 0 
_1.ptx 644 : 26112 102176 0 0 0 0 0 0 0 
_1.ptx 645 : 26112 108192 0 0 0 0 0 0 0 
_1.ptx 646 : 26112 195168 0 0 0 0 0 0 0 
_1.ptx 650 : 1222623 12907854 0 0 0 0 0 0 0 
_1.ptx 651 : 1222623 10475622 0 0 0 0 0 0 0 
_1.ptx 652 : 1222623 12960567 0 0 0 0 0 0 0 
_1.ptx 654 : 1222623 190967535 0 0 0 0 0 0 0 
_1.ptx 655 : 1222623 8409535 0 0 0 0 0 0 0 
_1.ptx 656 : 1222623 10456471 0 0 0 0 0 0 0 
_1.ptx 657 : 1222623 8313580 0 0 0 0 0 0 9333 
_1.ptx 659 : 9333 100133 0 0 0 0 0 0 0 
_1.ptx 661 : 9333 98616 0 0 0 0 0 0 0 
_1.ptx 664 : 1222623 13945534 0 0 0 0 0 0 0 
_1.ptx 665 : 1222623 13939946 0 0 0 0 0 0 0 
_1.ptx 666 : 1222623 12978135 0 0 0 0 0 0 0 
_1.ptx 667 : 1222623 15807525 0 0 0 0 0 0 0 
_1.ptx 668 : 1222623 13930388 0 0 0 0 0 0 0 
_1.ptx 669 : 1222623 9491397 0 0 0 0 0 0 0 
_1.ptx 670 : 1222623 14267037 0 0 0 0 0 0 0 
_1.ptx 671 : 1222623 13906451 0 0 0 0 0 0 0 
_1.ptx 672 : 1222623 472652920 5720448 0 0 80478 38250 0 0 
_1.ptx 673 : 1222623 16326137 4891104 0 0 38250 38250 0 0 
_1.ptx 674 : 1222623 13087716 0 0 0 0 0 0 0 
_1.ptx 675 : 1222623 12919793 0 0 0 0 0 0 0 
_1.ptx 676 : 1222623 10500104 0 0 0 0 0 0 0 
_1.ptx 677 : 1222623 8188926 0 0 0 0 0 0 51 
_1.ptx 678 : 26112 175424 0 0 0 0 0 0 0 
_1.ptx 683 : 26112 172672 0 0 0 0 0 0 0 
_1.ptx 685 : 26112 223328 0 0 0 0 0 0 0 
_1.ptx 686 : 26112 0 0 0 0 0 0 0 0 
_1.ptx 687 : 26112 322688 0 0 0 0 0 0 0 
_1.ptx 688 : 26112 323296 0 0 0 0 0 0 0 
_1.ptx 689 : 26112 247040 0 0 0 0 0 0 0 
_1.ptx 690 : 26112 216704 0 0 0 0 0 0 0 
_1.ptx 691 : 26112 243936 0 0 0 0 0 0 0 
_1.ptx 692 : 26112 315776 0 0 0 0 0 0 0 
_1.ptx 693 : 26112 224992 0 0 0 0 0 0 0 
_1.ptx 694 : 26112 221504 0 0 0 0 0 0 0 
_1.ptx 695 : 26112 295232 0 0 0 0 0 0 0 
_1.ptx 696 : 26112 200064 0 0 0 0 0 0 0 
_1.ptx 697 : 26112 171808 0 0 0 0 0 0 0 
_1.ptx 698 : 26112 294560 0 0 0 0 0 0 0 
_1.ptx 699 : 26112 297824 0 0 0 0 0 0 0 
_1.ptx 700 : 26112 202368 0 0 0 0 0 0 0 
_1.ptx 704 : 1222623 506904823 4817792 0 0 38250 38250 0 0 
_1.ptx 705 : 1222623 500272556 4536960 0 0 38250 38250 0 0 
_1.ptx 706 : 1222623 13771884 0 0 0 0 0 0 0 
_1.ptx 707 : 1222623 20438546 896 0 0 38250 38250 0 0 
_1.ptx 708 : 1222623 12686584 0 0 0 0 0 0 0 
_1.ptx 709 : 1222623 12674716 0 0 0 0 0 0 0 
_1.ptx 710 : 1222623 12806488 0 0 0 0 0 0 0 
_1.ptx 711 : 1222623 10253953 0 0 0 0 0 0 0 
_1.ptx 712 : 1222623 7861072 0 0 0 0 0 0 51 
_1.ptx 715 : 26112 175584 0 0 0 0 0 0 0 
_1.ptx 717 : 26112 210272 0 0 0 0 0 0 0 
_1.ptx 718 : 26112 225696 0 0 0 0 0 0 0 
_1.ptx 719 : 26112 137770 0 0 0 0 0 0 51 
_1.ptx 720 : 6681 77324 0 0 0 0 0 0 0 
_1.ptx 721 : 6681 67739 0 0 0 0 0 0 0 
_1.ptx 722 : 6681 46948 0 0 0 0 0 0 0 
_1.ptx 723 : 6681 42106 0 0 0 0 0 0 0 
_1.ptx 724 : 6681 56260 0 0 0 0 0 0 0 
_1.ptx 725 : 6681 75712 0 0 0 0 0 0 0 
_1.ptx 726 : 6681 50566 0 0 0 0 0 0 0 
_1.ptx 727 : 6681 52118 0 0 0 0 0 0 0 
_1.ptx 731 : 6681 53636 0 0 0 0 0 0 0 
_1.ptx 732 : 6681 77028 0 0 0 0 0 0 0 
_1.ptx 733 : 6681 56935 0 0 0 0 0 0 0 
_1.ptx 734 : 6681 0 0 0 0 0 0 0 0 
_1.ptx 735 : 6681 51004 0 0 0 0 0 0 0 
_1.ptx 736 : 6681 72600 0 0 0 0 0 0 0 
_1.ptx 737 : 6681 28587 0 0 0 0 0 0 0 
_1.ptx 738 : 6681 49809 0 0 0 0 0 0 0 
_1.ptx 739 : 6681 79291 0 0 0 0 0 0 0 
_1.ptx 740 : 6681 75735 0 0 0 0 0 0 0 
_1.ptx 741 : 6681 43079 0 0 0 0 0 0 0 
_1.ptx 745 : 1222623 384008377 4465536 0 0 83385 46665 0 0 
_1.ptx 746 : 1222623 13787014 0 0 0 0 0 0 0 
_1.ptx 747 : 1222623 9870067 256 0 0 83385 46665 0 0 
_1.ptx 749 : 1222623 9626282 0 0 0 0 0 0 0 
_1.ptx 750 : 1222623 13813446 0 0 0 0 0 0 0 
_1.ptx 751 : 1222623 13885482 0 0 0 0 0 0 0 
_1.ptx 752 : 1222623 10230182 0 0 0 0 0 0 0 
_1.ptx 753 : 1222623 7930272 0 0 0 0 0 0 0 
_1.ptx 755 : 6681 69846 0 0 0 0 0 0 0 
_1.ptx 756 : 6681 56021 0 0 0 0 0 0 0 
_1.ptx 757 : 6681 0 0 0 0 0 0 0 0 
_1.ptx 760 : 26112 168736 0 0 0 0 0 0 0 
_1.ptx 762 : 26112 203872 0 0 0 0 0 0 0 
_1.ptx 763 : 26112 139104 0 0 0 0 0 0 0 
_1.ptx 764 : 26112 228704 0 0 0 0 0 0 0 
_1.ptx 765 : 26112 0 0 0 0 0 0 0 0 
_1.ptx 766 : 26112 320672 0 0 0 0 0 0 0 
_1.ptx 767 : 26112 315904 0 0 0 0 0 0 0 
_1.ptx 768 : 26112 238880 0 0 0 0 0 0 0 
_1.ptx 769 : 26112 204320 0 0 0 0 0 0 0 
_1.ptx 770 : 26112 240032 0 0 0 0 0 0 0 
_1.ptx 771 : 26112 309728 0 0 0 0 0 0 0 
_1.ptx 772 : 26112 214432 0 0 0 0 0 0 0 
_1.ptx 773 : 26112 208096 0 0 0 0 0 0 0 
_1.ptx 774 : 26112 281440 0 0 0 0 0 0 0 
_1.ptx 775 : 26112 4498368 3200 0 0 0 0 0 0 
_1.ptx 776 : 26112 219712 0 0 0 0 0 0 0 
_1.ptx 777 : 26112 293184 0 0 0 0 0 0 0 
_1.ptx 778 : 26112 141024 0 0 0 0 0 0 0 
_1.ptx 779 : 26112 125312 0 0 0 0 0 0 0 
_1.ptx 780 : 26112 142816 0 0 0 0 0 0 0 
_1.ptx 781 : 26112 208512 0 0 0 0 0 0 0 
_1.ptx 785 : 875211 9269112 0 0 0 0 0 0 0 
_1.ptx 786 : 875211 7509890 0 0 0 0 0 0 0 
_1.ptx 787 : 875211 9289811 0 0 0 0 0 0 0 
_1.ptx 789 : 875211 137042405 0 0 0 0 0 0 0 
_1.ptx 790 : 875211 6058205 0 0 0 0 0 0 0 
_1.ptx 791 : 875211 7508383 0 0 0 0 0 0 0 
_1.ptx 792 : 875211 5969592 0 0 0 0 0 0 6681 
_1.ptx 794 : 6681 71652 0 0 0 0 0 0 0 
_1.ptx 796 : 6681 70805 0 0 0 0 0 0 0 
_1.ptx 799 : 875211 9985321 0 0 0 0 0 0 0 
_1.ptx 800 : 875211 10076068 0 0 0 0 0 0 0 
_1.ptx 801 : 875211 9310672 0 0 0 0 0 0 0 
_1.ptx 802 : 875211 11609886 0 0 0 0 0 0 0 
_1.ptx 803 : 875211 9992924 0 0 0 0 0 0 0 
_1.ptx 804 : 875211 6804910 0 0 0 0 0 0 0 
_1.ptx 805 : 875211 10649404 0 0 0 0 0 0 0 
_1.ptx 806 : 875211 9976389 0 0 0 0 0 0 0 
_1.ptx 807 : 875211 368373608 3329664 0 0 54774 27387 0 0 
_1.ptx 808 : 875211 27796926 3502272 0 0 27387 27387 0 0 
_1.ptx 809 : 875211 9348780 0 0 0 0 0 0 0 
_1.ptx 810 : 875211 9344299 0 0 0 0 0 0 0 
_1.ptx 811 : 875211 7600867 0 0 0 0 0 0 0 
_1.ptx 812 : 875211 5862626 0 0 0 0 0 0 51 
_1.ptx 815 : 26112 175328 0 0 0 0 0 0 0 
_1.ptx 817 : 26112 193408 0 0 0 0 0 0 0 
_1.ptx 818 : 26112 3102432 896 0 0 0 0 0 0 
_1.ptx 819 : 26112 216192 0 0 0 0 0 0 0 
_1.ptx 820 : 26112 0 0 0 0 0 0 0 0 
_1.ptx 821 : 26112 307456 0 0 0 0 0 0 0 
_1.ptx 822 : 26112 297056 0 0 0 0 0 0 0 
_1.ptx 823 : 26112 231168 0 0 0 0 0 0 0 
_1.ptx 824 : 26112 201792 0 0 0 0 0 0 0 
_1.ptx 825 : 26112 232640 0 0 0 0 0 0 0 
_1.ptx 826 : 26112 307744 0 0 0 0 0 0 0 
_1.ptx 827 : 26112 211168 0 0 0 0 0 0 0 
_1.ptx 828 : 26112 204800 0 0 0 0 0 0 0 
_1.ptx 829 : 26112 296256 0 0 0 0 0 0 0 
_1.ptx 830 : 26112 945920 0 0 0 0 0 0 0 
_1.ptx 831 : 26112 758304 0 0 0 0 0 0 0 
_1.ptx 832 : 26112 292032 0 0 0 0 0 0 0 
_1.ptx 833 : 26112 589664 0 0 0 0 0 0 0 
_1.ptx 834 : 26112 549088 0 0 0 0 0 0 0 
_1.ptx 835 : 26112 648864 0 0 0 0 0 0 0 
_1.ptx 836 : 26112 215136 0 0 0 0 0 0 0 
_1.ptx 840 : 875211 9197630 0 0 0 0 0 0 0 
_1.ptx 841 : 875211 7419167 0 0 0 0 0 0 0 
_1.ptx 842 : 875211 9193040 0 0 0 0 0 0 0 
_1.ptx 844 : 875211 135900578 0 0 0 0 0 0 0 
_1.ptx 845 : 875211 5897181 0 0 0 0 0 0 0 
_1.ptx 846 : 875211 7376894 0 0 0 0 0 0 0 
_1.ptx 847 : 875211 5811655 0 0 0 0 0 0 6681 
_1.ptx 849 : 6681 70566 0 0 0 0 0 0 0 
_1.ptx 851 : 6681 70069 0 0 0 0 0 0 0 
_1.ptx 854 : 875211 9921921 0 0 0 0 0 0 0 
_1.ptx 855 : 875211 9939063 0 0 0 0 0 0 0 
_1.ptx 856 : 875211 9201784 0 0 0 0 0 0 0 
_1.ptx 857 : 875211 11041795 0 0 0 0 0 0 0 
_1.ptx 858 : 875211 9918436 0 0 0 0 0 0 0 
_1.ptx 859 : 875211 6668696 0 0 0 0 0 0 0 
_1.ptx 860 : 875211 10152337 0 0 0 0 0 0 0 
_1.ptx 861 : 875211 9899626 0 0 0 0 0 0 0 
_1.ptx 862 : 875211 459330085 3371264 0 0 27387 27387 0 0 
_1.ptx 863 : 875211 91545724 3502272 0 0 27387 27387 0 0 
_1.ptx 864 : 875211 9144877 0 0 0 0 0 0 0 
_1.ptx 865 : 875211 9170718 0 0 0 0 0 0 0 
_1.ptx 866 : 875211 7433773 0 0 0 0 0 0 0 
_1.ptx 867 : 875211 5700926 0 0 0 0 0 0 51 
_1.ptx 870 : 26112 168480 0 0 0 0 0 0 0 
_1.ptx 872 : 26112 226976 0 0 0 0 0 0 0 
_1.ptx 873 : 26112 0 0 0 0 0 0 0 0 
_1.ptx 874 : 26112 320672 0 0 0 0 0 0 0 
_1.ptx 875 : 26112 314016 0 0 0 0 0 0 0 
_1.ptx 876 : 26112 238208 0 0 0 0 0 0 0 
_1.ptx 877 : 26112 211680 0 0 0 0 0 0 0 
_1.ptx 878 : 26112 236448 0 0 0 0 0 0 0 
_1.ptx 879 : 26112 301824 0 0 0 0 0 0 0 
_1.ptx 880 : 26112 207552 0 0 0 0 0 0 0 
_1.ptx 881 : 26112 204704 0 0 0 0 0 0 0 
_1.ptx 882 : 26112 341440 0 0 0 0 0 0 0 
_1.ptx 883 : 26112 1923680 0 0 0 0 0 0 0 
_1.ptx 884 : 26112 1496512 0 0 0 0 0 0 0 
_1.ptx 885 : 26112 294208 0 0 0 0 0 0 0 
_1.ptx 886 : 26112 297792 0 0 0 0 0 0 0 
_1.ptx 887 : 26112 199552 0 0 0 0 0 0 0 
_1.ptx 891 : 875211 477819603 3435776 0 0 27387 27387 0 0 
_1.ptx 892 : 875211 455009432 2927232 0 0 27387 27387 0 0 
_1.ptx 893 : 875211 9768284 0 0 0 0 0 0 0 
_1.ptx 894 : 875211 85720528 3072 0 0 27387 27387 0 0 
_1.ptx 895 : 875211 8961128 0 0 0 0 0 0 0 
_1.ptx 896 : 875211 8988237 0 0 0 0 0 0 0 
_1.ptx 897 : 875211 9056410 0 0 0 0 0 0 0 
_1.ptx 898 : 875211 7235506 0 0 0 0 0 0 0 
_1.ptx 899 : 875211 5413651 0 0 0 0 0 0 51 
_1.ptx 902 : 26112 167680 0 0 0 0 0 0 0 
_1.ptx 904 : 26112 201024 0 0 0 0 0 0 0 
_1.ptx 905 : 26112 1149600 0 0 0 0 0 0 0 
_1.ptx 906 : 26112 225024 0 0 0 0 0 0 0 
_1.ptx 907 : 26112 0 0 0 0 0 0 0 0 
_1.ptx 908 : 26112 309728 0 0 0 0 0 0 0 
_1.ptx 909 : 26112 301536 0 0 0 0 0 0 0 
_1.ptx 910 : 26112 230176 0 0 0 0 0 0 0 
_1.ptx 911 : 26112 202464 0 0 0 0 0 0 0 
_1.ptx 912 : 26112 237088 0 0 0 0 0 0 0 
_1.ptx 913 : 26112 306272 0 0 0 0 0 0 0 
_1.ptx 914 : 26112 209504 0 0 0 0 0 0 0 
_1.ptx 915 : 26112 210336 0 0 0 0 0 0 0 
_1.ptx 916 : 26112 279424 0 0 0 0 0 0 0 
_1.ptx 917 : 26112 953600 0 0 0 0 0 0 0 
_1.ptx 918 : 26112 1003712 0 0 0 0 0 0 0 
_1.ptx 919 : 26112 294208 0 0 0 0 0 0 0 
_1.ptx 920 : 26112 307104 0 0 0 0 0 0 0 
_1.ptx 921 : 26112 214112 0 0 0 0 0 0 0 
_1.ptx 925 : 334611 177062702 1344768 0 0 10506 10506 0 0 
_1.ptx 927 : 334611 3753476 0 0 0 0 0 0 0 
_1.ptx 928 : 334611 20598983 1339872 0 0 10506 10506 0 0 
_1.ptx 929 : 334611 3420136 0 0 0 0 0 0 0 
_1.ptx 930 : 334611 3441709 0 0 0 0 0 0 0 
_1.ptx 931 : 334611 3443568 0 0 0 0 0 0 0 
_1.ptx 932 : 334611 2768171 0 0 0 0 0 0 0 
_1.ptx 933 : 334611 1969692 0 0 0 0 0 0 51 
_1.ptx 936 : 26112 166304 0 0 0 0 0 0 0 
_1.ptx 938 : 26112 214464 0 0 0 0 0 0 0 
_1.ptx 939 : 26112 0 0 0 0 0 0 0 0 
_1.ptx 940 : 26112 308608 0 0 0 0 0 0 0 
_1.ptx 941 : 26112 278080 0 0 0 0 0 0 0 
_1.ptx 942 : 26112 227712 0 0 0 0 0 0 0 
_1.ptx 943 : 26112 206912 0 0 0 0 0 0 0 
_1.ptx 944 : 26112 231424 0 0 0 0 0 0 0 
_1.ptx 945 : 26112 307712 0 0 0 0 0 0 0 
_1.ptx 946 : 26112 218048 0 0 0 0 0 0 0 
_1.ptx 947 : 26112 209600 0 0 0 0 0 0 0 
_1.ptx 948 : 26112 1044736 0 0 0 0 0 0 0 
_1.ptx 949 : 26112 277856 0 0 0 0 0 0 0 
_1.ptx 950 : 26112 313984 0 0 0 0 0 0 0 
_1.ptx 951 : 26112 255168 0 0 0 0 0 0 0 
_1.ptx 952 : 26112 298208 0 0 0 0 0 0 0 
_1.ptx 953 : 26112 494752 0 0 0 0 0 0 0 
_1.ptx 954 : 26112 208864 0 0 0 0 0 0 0 
_1.ptx 958 : 1707939 17867282 0 0 0 0 0 0 0 
_1.ptx 959 : 1707939 14294858 0 0 0 0 0 0 0 
_1.ptx 960 : 1707939 17823854 0 0 0 0 0 0 0 
_1.ptx 962 : 1707939 265670684 0 0 0 0 0 0 0 
_1.ptx 963 : 1707939 11344402 0 0 0 0 0 0 0 
_1.ptx 964 : 1707939 14219526 0 0 0 0 0 0 0 
_1.ptx 965 : 1707939 11152938 0 0 0 0 0 0 9333 
_1.ptx 967 : 9333 97690 0 0 0 0 0 0 0 
_1.ptx 969 : 9333 96969 0 0 0 0 0 0 0 
_1.ptx 972 : 1707939 14227946 0 0 0 0 0 0 0 
_1.ptx 973 : 1707939 3105667 0 0 0 0 0 0 18105 
_1.ptx 974 : 1231956 38515215 0 0 0 0 0 0 0 
_1.ptx 975 : 1231956 13889778 0 0 0 0 0 0 0 
_1.ptx 976 : 1231956 10429735 0 0 0 0 0 0 0 
_1.ptx 977 : 1231956 3198430 0 0 0 0 0 0 9027 
_1.ptx 978 : 755973 29936987 0 0 0 0 0 0 0 
_1.ptx 979 : 755973 7906399 0 0 0 0 0 0 0 
_1.ptx 980 : 755973 6434352 0 0 0 0 0 0 0 
_1.ptx 981 : 755973 1449612 0 0 0 0 0 0 0 
_1.ptx 982 : 545292 26153360 0 0 0 0 0 0 0 
_1.ptx 983 : 545292 6152178 0 0 0 0 0 0 0 
_1.ptx 984 : 545292 4615595 0 0 0 0 0 0 0 
_1.ptx 985 : 545292 1398272 0 0 0 0 0 0 0 
_1.ptx 987 : 334611 13936390 0 0 0 0 0 0 0 
_1.ptx 988 : 334611 3770333 0 0 0 0 0 0 0 
_1.ptx 989 : 334611 4317031 0 0 0 0 0 0 0 
_1.ptx 990 : 334611 3776855 0 0 0 0 0 0 0 
_1.ptx 991 : 334611 3789246 0 0 0 0 0 0 0 
_1.ptx 992 : 334611 2536644 0 0 0 0 0 0 0 
_1.ptx 993 : 334611 4141467 0 0 0 0 0 0 0 
_1.ptx 994 : 334611 3770291 0 0 0 0 0 0 0 
_1.ptx 995 : 334611 130216751 1232384 0 0 24174 14433 0 0 
_1.ptx 996 : 334611 9318204 843392 0 0 14433 14433 0 0 
_1.ptx 997 : 334611 2214747 0 0 0 0 0 0 0 
_1.ptx 1001 : 1373328 9043811 0 0 0 0 0 0 0 
_1.ptx 1002 : 1373328 59516824 5794688 0 0 66096 66096 0 0 
_1.ptx 1004 : 1707939 17933469 0 0 0 0 0 0 0 
_1.ptx 1005 : 1707939 17914075 0 0 0 0 0 0 0 
_1.ptx 1006 : 1707939 14454299 0 0 0 0 0 0 0 
_1.ptx 1007 : 1707939 11214303 0 0 0 0 0 0 51 
_1.ptx 1010 : 26112 167136 0 0 0 0 0 0 0 
_1.ptx 1012 : 26112 210688 0 0 0 0 0 0 0 
_1.ptx 1013 : 26112 139226 0 0 0 0 0 0 51 
_1.ptx 1014 : 9333 108383 0 0 0 0 0 0 0 
_1.ptx 1015 : 9333 105882 0 0 0 0 0 0 0 
_1.ptx 1016 : 9333 70016 0 0 0 0 0 0 0 
_1.ptx 1017 : 9333 59808 0 0 0 0 0 0 0 
_1.ptx 1018 : 9333 76613 0 0 0 0 0 0 0 
_1.ptx 1019 : 9333 103724 0 0 0 0 0 0 0 
_1.ptx 1020 : 9333 67207 0 0 0 0 0 0 0 
_1.ptx 1021 : 9333 682573 0 0 0 0 0 0 0 
_1.ptx 1022 : 9333 134315 0 0 0 0 0 0 0 
_1.ptx 1023 : 9333 156213 0 0 0 0 0 0 0 
_1.ptx 1024 : 9333 68888 0 0 0 0 0 0 0 
_1.ptx 1028 : 9333 71266 0 0 0 0 0 0 0 
_1.ptx 1029 : 9333 69280 0 0 0 0 0 0 0 
_1.ptx 1030 : 9333 105706 0 0 0 0 0 0 0 
_1.ptx 1031 : 9333 76969 0 0 0 0 0 0 0 
_1.ptx 1032 : 9333 0 0 0 0 0 0 0 0 
_1.ptx 1033 : 9333 69539 0 0 0 0 0 0 0 
_1.ptx 1034 : 9333 1092185 0 0 0 0 0 0 0 
_1.ptx 1035 : 9333 68711 0 0 0 0 0 0 0 
_1.ptx 1036 : 9333 104324 0 0 0 0 0 0 0 
_1.ptx 1037 : 9333 105179 0 0 0 0 0 0 0 
_1.ptx 1038 : 9333 62091 0 0 0 0 0 0 0 
_1.ptx 1039 : 9333 72383 0 0 0 0 0 0 0 
_1.ptx 1043 : 1707939 2417711444 6890880 0 0 1707939 55998 0 0 
_1.ptx 1044 : 1707939 18800402 0 0 0 0 0 0 0 
_1.ptx 1045 : 1707939 1503178716 27520 0 0 1707939 55998 0 0 
_1.ptx 1047 : 1707939 12157394 0 0 0 0 0 0 0 
_1.ptx 1048 : 1707939 17156727 0 0 0 0 0 0 0 
_1.ptx 1049 : 1707939 17156349 0 0 0 0 0 0 0 
_1.ptx 1050 : 1707939 13757012 0 0 0 0 0 0 0 
_1.ptx 1051 : 1707939 10216789 0 0 0 0 0 0 0 
_1.ptx 1053 : 9333 93518 0 0 0 0 0 0 0 
_1.ptx 1054 : 9333 102952 0 0 0 0 0 0 0 
_1.ptx 1055 : 9333 75003 0 0 0 0 0 0 0 
_1.ptx 1056 : 9333 0 0 0 0 0 0 0 0 
_1.ptx 1059 : 26112 160928 0 0 0 0 0 0 0 
_1.ptx 1061 : 26112 226592 0 0 0 0 0 0 0 
_1.ptx 1062 : 26112 0 0 0 0 0 0 0 0 
_1.ptx 1063 : 26112 315424 0 0 0 0 0 0 0 
_1.ptx 1064 : 26112 279840 0 0 0 0 0 0 0 
_1.ptx 1065 : 26112 227296 0 0 0 0 0 0 0 
_1.ptx 1066 : 26112 209952 0 0 0 0 0 0 0 
_1.ptx 1067 : 26112 231584 0 0 0 0 0 0 0 
_1.ptx 1068 : 26112 306432 0 0 0 0 0 0 0 
_1.ptx 1069 : 26112 214272 0 0 0 0 0 0 0 
_1.ptx 1070 : 26112 205408 0 0 0 0 0 0 0 
_1.ptx 1071 : 26112 290496 0 0 0 0 0 0 0 
_1.ptx 1072 : 26112 153248 0 0 0 0 0 0 0 
_1.ptx 1073 : 26112 149984 0 0 0 0 0 0 0 
_1.ptx 1074 : 26112 291200 0 0 0 0 0 0 0 
_1.ptx 1075 : 26112 135552 0 0 0 0 0 0 0 
_1.ptx 1076 : 26112 123552 0 0 0 0 0 0 0 
_1.ptx 1077 : 26112 113728 0 0 0 0 0 0 0 
_1.ptx 1078 : 26112 106208 0 0 0 0 0 0 0 
_1.ptx 1079 : 26112 188896 0 0 0 0 0 0 0 
_1.ptx 1083 : 1222623 12909883 0 0 0 0 0 0 0 
_1.ptx 1084 : 1222623 10442266 0 0 0 0 0 0 0 
_1.ptx 1085 : 1222623 12918759 0 0 0 0 0 0 0 
_1.ptx 1087 : 1222623 190480940 0 0 0 0 0 0 0 
_1.ptx 1088 : 1222623 8340817 0 0 0 0 0 0 0 
_1.ptx 1089 : 1222623 10414862 0 0 0 0 0 0 0 
_1.ptx 1090 : 1222623 8201338 0 0 0 0 0 0 9333 
_1.ptx 1092 : 9333 99118 0 0 0 0 0 0 0 
_1.ptx 1094 : 9333 98428 0 0 0 0 0 0 0 
_1.ptx 1097 : 1222623 13903626 0 0 0 0 0 0 0 
_1.ptx 1098 : 1222623 13940032 0 0 0 0 0 0 0 
_1.ptx 1099 : 1222623 12915254 0 0 0 0 0 0 0 
_1.ptx 1100 : 1222623 15524015 0 0 0 0 0 0 0 
_1.ptx 1101 : 1222623 13901238 0 0 0 0 0 0 0 
_1.ptx 1102 : 1222623 9403653 0 0 0 0 0 0 0 
_1.ptx 1103 : 1222623 14199601 0 0 0 0 0 0 0 
_1.ptx 1104 : 1222623 13863395 0 0 0 0 0 0 0 
_1.ptx 1105 : 1222623 525196005 5788416 0 0 85221 38250 0 0 
_1.ptx 1106 : 1222623 23991242 4891104 0 0 38250 38250 0 0 
_1.ptx 1107 : 1222623 12890832 0 0 0 0 0 0 0 
_1.ptx 1108 : 1222623 12920974 0 0 0 0 0 0 0 
_1.ptx 1109 : 1222623 10581239 0 0 0 0 0 0 0 
_1.ptx 1110 : 1222623 8193184 0 0 0 0 0 0 51 
_1.ptx 1113 : 26112 176256 0 0 0 0 0 0 0 
_1.ptx 1115 : 26112 230944 0 0 0 0 0 0 0 
_1.ptx 1116 : 26112 0 0 0 0 0 0 0 0 
_1.ptx 1117 : 26112 324384 0 0 0 0 0 0 0 
_1.ptx 1118 : 26112 316800 0 0 0 0 0 0 0 
_1.ptx 1119 : 26112 241696 0 0 0 0 0 0 0 
_1.ptx 1120 : 26112 210112 0 0 0 0 0 0 0 
_1.ptx 1121 : 26112 239456 0 0 0 0 0 0 0 
_1.ptx 1122 : 26112 300608 0 0 0 0 0 0 0 
_1.ptx 1123 : 26112 205184 0 0 0 0 0 0 0 
_1.ptx 1124 : 26112 201344 0 0 0 0 0 0 0 
_1.ptx 1125 : 26112 371680 0 0 0 0 0 0 0 
_1.ptx 1126 : 26112 128064 0 0 0 0 0 0 0 
_1.ptx 1127 : 26112 118432 0 0 0 0 0 0 0 
_1.ptx 1128 : 26112 292288 0 0 0 0 0 0 0 
_1.ptx 1129 : 26112 94528 0 0 0 0 0 0 0 
_1.ptx 1130 : 26112 92832 0 0 0 0 0 0 0 
_1.ptx 1131 : 26112 93504 0 0 0 0 0 0 0 
_1.ptx 1132 : 26112 196704 0 0 0 0 0 0 0 
_1.ptx 1136 : 1222623 12998151 0 0 0 0 0 0 0 
_1.ptx 1137 : 1222623 10521574 0 0 0 0 0 0 0 
_1.ptx 1138 : 1222623 13001048 0 0 0 0 0 0 0 
_1.ptx 1140 : 1222623 190304145 0 0 0 0 0 0 0 
_1.ptx 1141 : 1222623 8460716 0 0 0 0 0 0 0 
_1.ptx 1142 : 1222623 10495282 0 0 0 0 0 0 0 
_1.ptx 1143 : 1222623 8342486 0 0 0 0 0 0 9333 
_1.ptx 1145 : 9333 100333 0 0 0 0 0 0 0 
_1.ptx 1147 : 9333 99247 0 0 0 0 0 0 0 
_1.ptx 1150 : 1222623 13972753 0 0 0 0 0 0 0 
_1.ptx 1151 : 1222623 14015881 0 0 0 0 0 0 0 
_1.ptx 1152 : 1222623 13058195 0 0 0 0 0 0 0 
_1.ptx 1153 : 1222623 15303535 0 0 0 0 0 0 0 
_1.ptx 1154 : 1222623 14008291 0 0 0 0 0 0 0 
_1.ptx 1155 : 1222623 9580005 0 0 0 0 0 0 0 
_1.ptx 1156 : 1222623 14020750 0 0 0 0 0 0 0 
_1.ptx 1157 : 1222623 13961580 0 0 0 0 0 0 0 
_1.ptx 1158 : 1222623 461421670 5768576 0 0 80478 38250 0 0 
_1.ptx 1159 : 1222623 11568409 4891104 0 0 38250 38250 0 0 
_1.ptx 1160 : 1222623 12986997 0 0 0 0 0 0 0 
_1.ptx 1161 : 1222623 13021774 0 0 0 0 0 0 0 
_1.ptx 1162 : 1222623 10568233 0 0 0 0 0 0 0 
_1.ptx 1163 : 1222623 8282517 0 0 0 0 0 0 51 
_1.ptx 1166 : 26112 175840 0 0 0 0 0 0 0 
_1.ptx 1168 : 26112 228096 0 0 0 0 0 0 0 
_1.ptx 1169 : 26112 0 0 0 0 0 0 0 0 
_1.ptx 1170 : 26112 322208 0 0 0 0 0 0 0 
_1.ptx 1171 : 26112 319328 0 0 0 0 0 0 0 
_1.ptx 1172 : 26112 242304 0 0 0 0 0 0 0 
_1.ptx 1173 : 26112 212576 0 0 0 0 0 0 0 
_1.ptx 1174 : 26112 241024 0 0 0 0 0 0 0 
_1.ptx 1175 : 26112 307552 0 0 0 0 0 0 0 
_1.ptx 1176 : 26112 211328 0 0 0 0 0 0 0 
_1.ptx 1177 : 26112 206848 0 0 0 0 0 0 0 
_1.ptx 1178 : 26112 277568 0 0 0 0 0 0 0 
_1.ptx 1179 : 26112 115712 0 0 0 0 0 0 0 
_1.ptx 1180 : 26112 117600 0 0 0 0 0 0 0 
_1.ptx 1181 : 26112 308032 0 0 0 0 0 0 0 
_1.ptx 1182 : 26112 315136 0 0 0 0 0 0 0 
_1.ptx 1183 : 26112 228640 0 0 0 0 0 0 0 
_1.ptx 1187 : 1222623 424128315 4816000 0 0 38250 38250 0 0 
_1.ptx 1188 : 1222623 410269046 4345728 0 0 38250 38250 0 0 
_1.ptx 1189 : 1222623 13834144 0 0 0 0 0 0 0 
_1.ptx 1190 : 1222623 8708894 0 0 0 38250 38250 0 0 
_1.ptx 1191 : 1222623 12753067 0 0 0 0 0 0 0 
_1.ptx 1192 : 1222623 12722545 0 0 0 0 0 0 0 
_1.ptx 1193 : 1222623 12850269 0 0 0 0 0 0 0 
_1.ptx 1194 : 1222623 10282561 0 0 0 0 0 0 0 
_1.ptx 1195 : 1222623 7905925 0 0 0 0 0 0 51 
_1.ptx 1198 : 26112 199072 0 0 0 0 0 0 0 
_1.ptx 1199 : 26112 128623 0 0 0 0 0 0 51 
_1.ptx 1200 : 6681 75872 0 0 0 0 0 0 0 
_1.ptx 1201 : 6681 69794 0 0 0 0 0 0 0 
_1.ptx 1202 : 6681 51171 0 0 0 0 0 0 0 
_1.ptx 1203 : 6681 44165 0 0 0 0 0 0 0 
_1.ptx 1204 : 6681 56358 0 0 0 0 0 0 0 
_1.ptx 1205 : 6681 76075 0 0 0 0 0 0 0 
_1.ptx 1206 : 6681 51000 0 0 0 0 0 0 0 
_1.ptx 1207 : 6681 51326 0 0 0 0 0 0 0 
_1.ptx 1211 : 6681 51384 0 0 0 0 0 0 0 
_1.ptx 1212 : 6681 75840 0 0 0 0 0 0 0 
_1.ptx 1213 : 6681 56391 0 0 0 0 0 0 0 
_1.ptx 1214 : 6681 0 0 0 0 0 0 0 0 
_1.ptx 1215 : 6681 51342 0 0 0 0 0 0 0 
_1.ptx 1216 : 6681 69594 0 0 0 0 0 0 0 
_1.ptx 1217 : 6681 29363 0 0 0 0 0 0 0 
_1.ptx 1218 : 6681 51657 0 0 0 0 0 0 0 
_1.ptx 1219 : 6681 71746 0 0 0 0 0 0 0 
_1.ptx 1220 : 6681 76504 0 0 0 0 0 0 0 
_1.ptx 1221 : 6681 44258 0 0 0 0 0 0 0 
_1.ptx 1225 : 1222623 368811444 4275840 0 0 83385 46665 0 0 
_1.ptx 1226 : 1222623 13900639 0 0 0 0 0 0 0 
_1.ptx 1227 : 1222623 7736427 0 0 0 83385 46665 0 0 
_1.ptx 1229 : 1222623 9876376 0 0 0 0 0 0 0 
_1.ptx 1230 : 1222623 13889300 0 0 0 0 0 0 0 
_1.ptx 1231 : 1222623 13973267 0 0 0 0 0 0 0 
_1.ptx 1232 : 1222623 10326903 0 0 0 0 0 0 0 
_1.ptx 1233 : 1222623 8088011 0 0 0 0 0 0 0 
_1.ptx 1235 : 6681 70009 0 0 0 0 0 0 0 
_1.ptx 1236 : 6681 56664 0 0 0 0 0 0 0 
_1.ptx 1237 : 6681 0 0 0 0 0 0 0 0 
_1.ptx 1240 : 26112 174464 0 0 0 0 0 0 0 
_1.ptx 1242 : 26112 233664 0 0 0 0 0 0 0 
_1.ptx 1243 : 26112 0 0 0 0 0 0 0 0 
_1.ptx 1244 : 26112 322464 0 0 0 0 0 0 0 
_1.ptx 1245 : 26112 293696 0 0 0 0 0 0 0 
_1.ptx 1246 : 26112 224160 0 0 0 0 0 0 0 
_1.ptx 1247 : 26112 198272 0 0 0 0 0 0 0 
_1.ptx 1248 : 26112 241568 0 0 0 0 0 0 0 
_1.ptx 1249 : 26112 303872 0 0 0 0 0 0 0 
_1.ptx 1250 : 26112 209664 0 0 0 0 0 0 0 
_1.ptx 1251 : 26112 205152 0 0 0 0 0 0 0 
_1.ptx 1252 : 26112 292896 0 0 0 0 0 0 0 
_1.ptx 1253 : 26112 115552 0 0 0 0 0 0 0 
_1.ptx 1254 : 26112 120288 0 0 0 0 0 0 0 
_1.ptx 1255 : 26112 294720 0 0 0 0 0 0 0 
_1.ptx 1256 : 26112 88608 0 0 0 0 0 0 0 
_1.ptx 1257 : 26112 89216 0 0 0 0 0 0 0 
_1.ptx 1258 : 26112 89248 0 0 0 0 0 0 0 
_1.ptx 1259 : 26112 199104 0 0 0 0 0 0 0 
_1.ptx 1263 : 875211 9332583 0 0 0 0 0 0 0 
_1.ptx 1264 : 875211 7555418 0 0 0 0 0 0 0 
_1.ptx 1265 : 875211 9342809 0 0 0 0 0 0 0 
_1.ptx 1267 : 875211 136943436 0 0 0 0 0 0 0 
_1.ptx 1268 : 875211 6093355 0 0 0 0 0 0 0 
_1.ptx 1269 : 875211 7540264 0 0 0 0 0 0 0 
_1.ptx 1270 : 875211 5999254 0 0 0 0 0 0 6681 
_1.ptx 1272 : 6681 71951 0 0 0 0 0 0 0 
_1.ptx 1274 : 6681 71090 0 0 0 0 0 0 0 
_1.ptx 1277 : 875211 10012712 0 0 0 0 0 0 0 
_1.ptx 1278 : 875211 10109612 0 0 0 0 0 0 0 
_1.ptx 1279 : 875211 9364326 0 0 0 0 0 0 0 
_1.ptx 1280 : 875211 11282787 0 0 0 0 0 0 0 
_1.ptx 1281 : 875211 10016680 0 0 0 0 0 0 0 
_1.ptx 1282 : 875211 6854930 0 0 0 0 0 0 0 
_1.ptx 1283 : 875211 10294507 0 0 0 0 0 0 0 
_1.ptx 1284 : 875211 10016937 0 0 0 0 0 0 0 
_1.ptx 1285 : 875211 312178115 3021696 0 0 54774 27387 0 0 
_1.ptx 1286 : 875211 9147955 3502272 0 0 27387 27387 0 0 
_1.ptx 1287 : 875211 9403629 0 0 0 0 0 0 0 
_1.ptx 1288 : 875211 9402994 0 0 0 0 0 0 0 
_1.ptx 1289 : 875211 7628641 0 0 0 0 0 0 0 
_1.ptx 1290 : 875211 5927418 0 0 0 0 0 0 51 
_1.ptx 1293 : 26112 177952 0 0 0 0 0 0 0 
_1.ptx 1295 : 26112 230464 0 0 0 0 0 0 0 
_1.ptx 1296 : 26112 0 0 0 0 0 0 0 0 
_1.ptx 1297 : 26112 324000 0 0 0 0 0 0 0 
_1.ptx 1298 : 26112 315456 0 0 0 0 0 0 0 
_1.ptx 1299 : 26112 246432 0 0 0 0 0 0 0 
_1.ptx 1300 : 26112 218112 0 0 0 0 0 0 0 
_1.ptx 1301 : 26112 245888 0 0 0 0 0 0 0 
_1.ptx 1302 : 26112 313856 0 0 0 0 0 0 0 
_1.ptx 1303 : 26112 218688 0 0 0 0 0 0 0 
_1.ptx 1304 : 26112 199072 0 0 0 0 0 0 0 
_1.ptx 1305 : 26112 396288 0 0 0 0 0 0 0 
_1.ptx 1306 : 26112 115232 0 0 0 0 0 0 0 
_1.ptx 1307 : 26112 114816 0 0 0 0 0 0 0 
_1.ptx 1308 : 26112 293408 0 0 0 0 0 0 0 
_1.ptx 1309 : 26112 90560 0 0 0 0 0 0 0 
_1.ptx 1310 : 26112 90336 0 0 0 0 0 0 0 
_1.ptx 1311 : 26112 89888 0 0 0 0 0 0 0 
_1.ptx 1312 : 26112 199136 0 0 0 0 0 0 0 
_1.ptx 1316 : 875211 9279992 0 0 0 0 0 0 0 
_1.ptx 1317 : 875211 7501634 0 0 0 0 0 0 0 
_1.ptx 1318 : 875211 9301344 0 0 0 0 0 0 0 
_1.ptx 1320 : 875211 135860255 0 0 0 0 0 0 0 
_1.ptx 1321 : 875211 6024937 0 0 0 0 0 0 0 
_1.ptx 1322 : 875211 7493639 0 0 0 0 0 0 0 
_1.ptx 1323 : 875211 5944739 0 0 0 0 0 0 6681 
_1.ptx 1325 : 6681 71358 0 0 0 0 0 0 0 
_1.ptx 1327 : 6681 70944 0 0 0 0 0 0 0 
_1.ptx 1330 : 875211 9996745 0 0 0 0 0 0 0 
_1.ptx 1331 : 875211 10030184 0 0 0 0 0 0 0 
_1.ptx 1332 : 875211 9321412 0 0 0 0 0 0 0 
_1.ptx 1333 : 875211 11053545 0 0 0 0 0 0 0 
_1.ptx 1334 : 875211 10006325 0 0 0 0 0 0 0 
_1.ptx 1335 : 875211 6827815 0 0 0 0 0 0 0 
_1.ptx 1336 : 875211 10017951 0 0 0 0 0 0 0 
_1.ptx 1337 : 875211 9988846 0 0 0 0 0 0 0 
_1.ptx 1338 : 875211 347519067 3414912 0 0 27387 27387 0 0 
_1.ptx 1339 : 875211 10186172 3502272 0 0 27387 27387 0 0 
_1.ptx 1340 : 875211 9265501 0 0 0 0 0 0 0 
_1.ptx 1341 : 875211 9283602 0 0 0 0 0 0 0 
_1.ptx 1342 : 875211 7519041 0 0 0 0 0 0 0 
_1.ptx 1343 : 875211 5827414 0 0 0 0 0 0 51 
_1.ptx 1346 : 26112 175264 0 0 0 0 0 0 0 
_1.ptx 1348 : 26112 231840 0 0 0 0 0 0 0 
_1.ptx 1349 : 26112 0 0 0 0 0 0 0 0 
_1.ptx 1350 : 26112 322144 0 0 0 0 0 0 0 
_1.ptx 1351 : 26112 318272 0 0 0 0 0 0 0 
_1.ptx 1352 : 26112 245216 0 0 0 0 0 0 0 
_1.ptx 1353 : 26112 219712 0 0 0 0 0 0 0 
_1.ptx 1354 : 26112 243488 0 0 0 0 0 0 0 
_1.ptx 1355 : 26112 315712 0 0 0 0 0 0 0 
_1.ptx 1356 : 26112 223168 0 0 0 0 0 0 0 
_1.ptx 1357 : 26112 221664 0 0 0 0 0 0 0 
_1.ptx 1358 : 26112 282688 0 0 0 0 0 0 0 
_1.ptx 1359 : 26112 121632 0 0 0 0 0 0 0 
_1.ptx 1360 : 26112 122368 0 0 0 0 0 0 0 
_1.ptx 1361 : 26112 299616 0 0 0 0 0 0 0 
_1.ptx 1362 : 26112 302976 0 0 0 0 0 0 0 
_1.ptx 1363 : 26112 196608 0 0 0 0 0 0 0 
_1.ptx 1367 : 875211 377097634 3504384 0 0 27387 27387 0 0 
_1.ptx 1368 : 875211 353515314 2821248 0 0 27387 27387 0 0 
_1.ptx 1369 : 875211 9919932 0 0 0 0 0 0 0 
_1.ptx 1370 : 875211 14945520 384 0 0 27387 27387 0 0 
_1.ptx 1371 : 875211 9146686 0 0 0 0 0 0 0 
_1.ptx 1372 : 875211 9179284 0 0 0 0 0 0 0 
_1.ptx 1373 : 875211 9253852 0 0 0 0 0 0 0 
_1.ptx 1374 : 875211 7421667 0 0 0 0 0 0 0 
_1.ptx 1375 : 875211 5653601 0 0 0 0 0 0 51 
_1.ptx 1378 : 26112 176672 0 0 0 0 0 0 0 
_1.ptx 1380 : 26112 239072 0 0 0 0 0 0 0 
_1.ptx 1381 : 26112 0 0 0 0 0 0 0 0 
_1.ptx 1382 : 26112 325248 0 0 0 0 0 0 0 
_1.ptx 1383 : 26112 317088 0 0 0 0 0 0 0 
_1.ptx 1384 : 26112 232512 0 0 0 0 0 0 0 
_1.ptx 1385 : 26112 211008 0 0 0 0 0 0 0 
_1.ptx 1386 : 26112 227200 0 0 0 0 0 0 0 
_1.ptx 1387 : 26112 307392 0 0 0 0 0 0 0 
_1.ptx 1388 : 26112 218528 0 0 0 0 0 0 0 
_1.ptx 1389 : 26112 221856 0 0 0 0 0 0 0 
_1.ptx 1390 : 26112 207104 0 0 0 0 0 0 0 
_1.ptx 1391 : 26112 302560 0 0 0 0 0 0 0 
_1.ptx 1392 : 26112 301600 0 0 0 0 0 0 0 
_1.ptx 1393 : 26112 312768 0 0 0 0 0 0 0 
_1.ptx 1394 : 26112 299136 0 0 0 0 0 0 0 
_1.ptx 1395 : 26112 306560 0 0 0 0 0 0 0 
_1.ptx 1396 : 26112 206368 0 0 0 0 0 0 0 
_1.ptx 1400 : 875211 367719477 3505536 0 0 27387 27387 0 0 
_1.ptx 1402 : 875211 344591942 2764800 0 0 27387 27387 0 0 
_1.ptx 1403 : 875211 10063199 0 0 0 0 0 0 0 
_1.ptx 1404 : 875211 41981650 0 0 0 0 0 0 0 
_1.ptx 1405 : 875211 10051903 0 0 0 0 0 0 0 
_1.ptx 1407 : 875211 5828709 0 0 0 0 0 0 0 
_1.ptx 1408 : 875211 5867322 0 0 0 0 0 0 0 
_1.ptx 1409 : 875211 7413320 0 0 0 0 0 0 0 
_1.ptx 1410 : 875211 8189644 0 0 0 0 0 0 0 
_1.ptx 1411 : 875211 15005767 0 0 0 0 0 0 0 
_1.ptx 1412 : 875211 40820403 3968 0 0 27387 27387 0 0 
_1.ptx 1413 : 875211 9144314 0 0 0 0 0 0 0 
_1.ptx 1414 : 875211 9228455 0 0 0 0 0 0 0 
_1.ptx 1415 : 875211 9314369 0 0 0 0 0 0 0 
_1.ptx 1416 : 875211 7421831 0 0 0 0 0 0 0 
_1.ptx 1417 : 875211 5663146 0 0 0 0 0 0 51 
_1.ptx 1420 : 26112 171808 0 0 0 0 0 0 0 
_1.ptx 1422 : 26112 198208 0 0 0 0 0 0 0 
_1.ptx 1423 : 26112 3079264 640 0 0 0 0 0 0 
_1.ptx 1424 : 26112 215264 0 0 0 0 0 0 0 
_1.ptx 1425 : 26112 0 0 0 0 0 0 0 0 
_1.ptx 1426 : 26112 304480 0 0 0 0 0 0 0 
_1.ptx 1427 : 26112 289568 0 0 0 0 0 0 0 
_1.ptx 1428 : 26112 227648 0 0 0 0 0 0 0 
_1.ptx 1429 : 26112 206144 0 0 0 0 0 0 0 
_1.ptx 1430 : 26112 232064 0 0 0 0 0 0 0 
_1.ptx 1431 : 26112 310592 0 0 0 0 0 0 0 
_1.ptx 1432 : 26112 225312 0 0 0 0 0 0 0 
_1.ptx 1433 : 26112 219104 0 0 0 0 0 0 0 
_1.ptx 1434 : 26112 294208 0 0 0 0 0 0 0 
_1.ptx 1435 : 26112 299904 0 0 0 0 0 0 0 
_1.ptx 1436 : 26112 4872800 3200 0 0 0 0 0 0 
_1.ptx 1437 : 26112 301824 0 0 0 0 0 0 0 
_1.ptx 1438 : 26112 206912 0 0 0 0 0 0 0 
_1.ptx 1442 : 132651 59510223 534528 0 0 8164 4182 0 0 
_1.ptx 1444 : 132651 1511107 0 0 0 0 0 0 0 
_1.ptx 1445 : 132651 12388588 532032 0 0 4182 4182 0 0 
_1.ptx 1446 : 132651 1395755 0 0 0 0 0 0 0 
_1.ptx 1447 : 132651 1421908 0 0 0 0 0 0 0 
_1.ptx 1448 : 132651 1415072 0 0 0 0 0 0 0 
_1.ptx 1449 : 132651 1151482 0 0 0 0 0 0 0 
_1.ptx 1450 : 132651 743160 0 0 0 0 0 0 51 
_1.ptx 1453 : 26112 175360 0 0 0 0 0 0 0 
_1.ptx 1455 : 26112 211104 0 0 0 0 0 0 0 
_1.ptx 1456 : 26112 223904 0 0 0 0 0 0 0 
_1.ptx 1457 : 26112 171286 0 0 0 0 0 0 51 
_1.ptx 1458 : 2601 20538 0 0 0 0 0 0 0 
_1.ptx 1459 : 2601 31198 0 0 0 0 0 0 0 
_1.ptx 1460 : 2601 27394 0 0 0 0 0 0 0 
_1.ptx 1461 : 2601 19195 0 0 0 0 0 0 0 
_1.ptx 1462 : 2601 17010 0 0 0 0 0 0 0 
_1.ptx 1463 : 2601 21031 0 0 0 0 0 0 0 
_1.ptx 1464 : 2601 29222 0 0 0 0 0 0 0 
_1.ptx 1465 : 2601 19304 0 0 0 0 0 0 0 
_1.ptx 1466 : 2601 19750 0 0 0 0 0 0 0 
_1.ptx 1467 : 2601 520547 0 0 0 0 0 0 0 
_1.ptx 1468 : 2601 16991 0 0 0 0 0 0 0 
_1.ptx 1469 : 2601 21746 0 0 0 0 0 0 0 
_1.ptx 1470 : 2601 26867 0 0 0 0 0 0 0 
_1.ptx 1471 : 2601 29159 0 0 0 0 0 0 0 
_1.ptx 1472 : 2601 19781 0 0 0 0 0 0 0 
_1.ptx 1475 : 2601 0 0 0 0 0 0 0 0 
_1.ptx 1476 : 2601 19844 0 0 0 0 0 0 0 
_1.ptx 1477 : 2601 29278 0 0 0 0 0 0 0 
_1.ptx 1478 : 2601 19596 0 0 0 0 0 0 0 
_1.ptx 1479 : 2601 29783 0 0 0 0 0 0 0 
_1.ptx 1480 : 2601 20245 0 0 0 0 0 0 0 
_1.ptx 1481 : 2601 28153 0 0 0 0 0 0 0 
_1.ptx 1482 : 2601 29330 0 0 0 0 0 0 0 
_1.ptx 1483 : 2601 16937 0 0 0 0 0 0 0 
_1.ptx 1484 : 2601 19296 0 0 0 0 0 0 0 
_1.ptx 1488 : 132651 58482248 69120 0 0 132651 5202 0 0 
_1.ptx 1489 : 132651 1481776 0 0 0 0 0 0 0 
_1.ptx 1490 : 132651 1374908 0 0 0 0 0 0 0 
_1.ptx 1491 : 132651 1366641 0 0 0 0 0 0 0 
_1.ptx 1492 : 132651 1110751 0 0 0 0 0 0 0 
_1.ptx 1493 : 132651 849616 0 0 0 0 0 0 0 
_1.ptx 1494 : 2601 17430 0 0 0 0 0 0 0 
_1.ptx 1499 : 2601 617052 0 102 102 0 0 0 0 
_1.ptx 1500 : 2601 27072 0 0 0 0 0 0 0 
_1.ptx 1501 : 2601 27139 0 0 0 0 0 0 0 
_1.ptx 1502 : 2601 21599 0 0 0 0 0 0 0 
_1.ptx 1503 : 2601 0 0 0 0 0 0 0 0 
_1.ptx 1505 : 26112 174112 0 0 0 0 0 0 0 
_1.ptx 1507 : 26112 173600 0 0 0 0 0 0 0 
_1.ptx 1509 : 26112 199488 0 0 0 0 0 0 0 
_1.ptx 1510 : 26112 1731232 0 0 0 0 0 0 0 
_1.ptx 1511 : 26112 218592 0 0 0 0 0 0 0 
_1.ptx 1512 : 26112 160711 0 0 0 0 0 0 51 
_1.ptx 1513 : 2601 18031 0 0 0 0 0 0 0 
_1.ptx 1514 : 2601 29884 0 0 0 0 0 0 0 
_1.ptx 1515 : 2601 27764 0 0 0 0 0 0 0 
_1.ptx 1516 : 2601 20251 0 0 0 0 0 0 0 
_1.ptx 1517 : 2601 17673 0 0 0 0 0 0 0 
_1.ptx 1518 : 2601 21559 0 0 0 0 0 0 0 
_1.ptx 1519 : 2601 28700 0 0 0 0 0 0 0 
_1.ptx 1520 : 2601 19195 0 0 0 0 0 0 0 
_1.ptx 1521 : 2601 19272 0 0 0 0 0 0 0 
_1.ptx 1522 : 2601 18948 0 0 0 0 0 0 0 
_1.ptx 1523 : 2601 268851 0 0 0 0 0 0 0 
_1.ptx 1524 : 2601 17104 0 0 0 0 0 0 0 
_1.ptx 1525 : 2601 21592 0 0 0 0 0 0 0 
_1.ptx 1526 : 2601 28178 0 0 0 0 0 0 0 
_1.ptx 1527 : 2601 29211 0 0 0 0 0 0 0 
_1.ptx 1528 : 2601 19711 0 0 0 0 0 0 0 
_1.ptx 1531 : 2601 0 0 0 0 0 0 0 0 
_1.ptx 1532 : 2601 19335 0 0 0 0 0 0 0 
_1.ptx 1533 : 2601 19290 0 0 0 0 0 0 0 
_1.ptx 1534 : 2601 369288 0 0 0 0 0 0 0 
_1.ptx 1535 : 2601 18889 0 0 0 0 0 0 0 
_1.ptx 1536 : 2601 27073 0 0 0 0 0 0 0 
_1.ptx 1537 : 2601 28957 0 0 0 0 0 0 0 
_1.ptx 1538 : 2601 29528 0 0 0 0 0 0 0 
_1.ptx 1539 : 2601 17347 0 0 0 0 0 0 0 
_1.ptx 1540 : 2601 16727 0 0 0 0 0 0 0 
_1.ptx 1541 : 2601 19508 0 0 0 0 0 0 0 
_1.ptx 1545 : 132651 71269951 251648 0 0 9180 5202 0 0 
_1.ptx 1546 : 132651 1496684 0 0 0 0 0 0 0 
_1.ptx 1547 : 132651 1400020 0 0 0 0 0 0 0 
_1.ptx 1548 : 132651 1495990 0 0 0 0 0 0 0 
_1.ptx 1549 : 132651 1107427 0 0 0 0 0 0 0 
_1.ptx 1550 : 132651 845305 0 0 0 0 0 0 0 
_1.ptx 1551 : 2601 16621 0 0 0 0 0 0 0 
_1.ptx 1556 : 2601 710200 0 102 102 0 0 0 0 
_1.ptx 1557 : 2601 26838 0 0 0 0 0 0 0 
_1.ptx 1558 : 2601 26903 0 0 0 0 0 0 0 
_1.ptx 1559 : 2601 26724 0 0 0 0 0 0 0 
_1.ptx 1560 : 2601 21592 0 0 0 0 0 0 0 
_1.ptx 1561 : 2601 0 0 0 0 0 0 0 0 
_1.ptx 1563 : 26112 173792 0 0 0 0 0 0 0 
_1.ptx 1565 : 26112 173344 0 0 0 0 0 0 0 
_1.ptx 1566 : 26112 180672 0 0 0 0 0 0 0 
_1.ptx 1567 : 26112 224256 0 0 0 0 0 0 0 
_1.ptx 1568 : 26112 190079 0 0 0 0 0 0 51 
_1.ptx 1570 : 51 321 0 0 0 0 0 0 0 
_1.ptx 1571 : 51 327 0 0 0 0 0 0 0 
_1.ptx 1572 : 51 414 0 0 0 0 0 0 0 
_1.ptx 1573 : 51 0 0 0 0 0 0 0 0 
_1.ptx 1574 : 51 377 0 0 0 0 0 0 0 
_1.ptx 1575 : 51 380 0 0 0 0 0 0 0 
_1.ptx 1576 : 51 324 0 0 0 0 0 0 0 
_1.ptx 1577 : 51 376 0 0 0 0 0 0 0 
_1.ptx 1581 : 2601 581830 0 2601 2601 0 0 0 0 
_1.ptx 1582 : 2601 29045 0 0 0 0 0 0 0 
_1.ptx 1583 : 2601 26794 0 0 0 0 0 0 0 
_1.ptx 1584 : 2601 26773 0 0 0 0 0 0 0 
_1.ptx 1585 : 2601 21474 0 0 0 0 0 0 0 
_1.ptx 1586 : 2601 16529 0 0 0 0 0 0 0 
_1.ptx 1587 : 51 9563 0 51 51 0 0 0 0 
_1.ptx 1588 : 51 326 0 0 0 0 0 0 0 
_1.ptx 1593 : 26061 169298 0 0 0 0 0 0 0 
_1.ptx 1594 : 26061 214557 0 0 0 0 0 0 0 
_1.ptx 1595 : 26061 166048 0 0 0 0 0 0 51 
_1.ptx 1597 : 51 341 0 0 0 0 0 0 0 
_1.ptx 1598 : 51 10183 0 0 0 0 0 0 0 
_1.ptx 1599 : 51 318 0 0 0 0 0 0 0 
_1.ptx 1600 : 51 414 0 0 0 0 0 0 0 
_1.ptx 1601 : 51 0 0 0 0 0 0 0 0 
_1.ptx 1602 : 51 368 0 0 0 0 0 0 0 
_1.ptx 1603 : 51 375 0 0 0 0 0 0 0 
_1.ptx 1604 : 51 318 0 0 0 0 0 0 0 
_1.ptx 1605 : 51 363 0 0 0 0 0 0 0 
_1.ptx 1609 : 2601 641346 0 2601 2601 0 0 0 0 
_1.ptx 1610 : 2601 29049 0 0 0 0 0 0 0 
_1.ptx 1611 : 2601 26779 0 0 0 0 0 0 0 
_1.ptx 1612 : 2601 26701 0 0 0 0 0 0 0 
_1.ptx 1613 : 2601 21541 0 0 0 0 0 0 0 
_1.ptx 1614 : 2601 16649 0 0 0 0 0 0 0 
_1.ptx 1615 : 51 10454 0 51 51 0 0 0 0 
_1.ptx 1616 : 51 322 0 0 0 0 0 0 0 
_1.ptx 1623 : 26112 169056 0 0 0 0 0 0 0 
_1.ptx 1624 : 26112 171666 0 0 0 0 0 0 51 
_1.ptx 1626 : 51 379 0 0 0 0 0 0 0 
_1.ptx 1627 : 51 7914 0 51 51 0 0 0 0 
_1.ptx 1628 : 51 2351 0 0 0 0 0 0 0 
_1.ptx 1629 : 51 525 0 0 0 0 0 0 0 
_1.ptx 1630 : 51 388 0 0 0 0 0 0 0 
_1.ptx 1631 : 51 717 0 0 0 0 0 0 0 
_1.ptx 1632 : 51 10399 0 51 51 0 0 0 0 
_1.ptx 1633 : 51 2350 0 0 0 0 0 0 0 
_1.ptx 1634 : 51 570 0 0 0 0 0 0 0 
_1.ptx 1635 : 51 574 0 0 0 0 0 0 0 
_1.ptx 1636 : 51 717 0 0 0 0 0 0 0 
_1.ptx 1637 : 51 566 0 0 0 0 0 0 0 
_1.ptx 1638 : 51 10487 0 51 51 0 0 0 0 
_1.ptx 1641 : 26112 169408 0 0 0 0 0 0 0 
_1.ptx 1643 : 26112 224704 0 0 0 0 0 0 0 
_1.ptx 1644 : 26112 0 0 0 0 0 0 0 0 
_1.ptx 1645 : 26112 319040 0 0 0 0 0 0 0 
_1.ptx 1646 : 26112 304448 0 0 0 0 0 0 0 
_1.ptx 1647 : 26112 219136 0 0 0 0 0 0 0 
_1.ptx 1648 : 26112 174848 0 0 0 0 0 0 0 
_1.ptx 1649 : 26112 224896 0 0 0 0 0 0 0 
_1.ptx 1650 : 26112 304672 0 0 0 0 0 0 0 
_1.ptx 1651 : 26112 215104 0 0 0 0 0 0 0 
_1.ptx 1652 : 26112 206944 0 0 0 0 0 0 0 
_1.ptx 1653 : 26112 304544 0 0 0 0 0 0 0 
_1.ptx 1654 : 26112 1206016 0 0 0 0 0 0 0 
_1.ptx 1655 : 26112 293280 0 0 0 0 0 0 0 
_1.ptx 1656 : 26112 699104 0 816 816 0 0 0 0 
_1.ptx 1657 : 26112 191904 0 0 0 0 0 0 0 
_1.ptx 1661 : 875211 339506644 3138048 0 0 27387 27387 0 0 
_1.ptx 1663 : 875211 33974216 0 27387 27387 0 0 0 0 
_1.ptx 1665 : 875211 9800833 0 0 0 0 0 0 0 
_1.ptx 1666 : 875211 37910195 0 0 0 27387 27387 0 0 
_1.ptx 1667 : 875211 9041882 0 0 0 0 0 0 0 
_1.ptx 1668 : 875211 9016949 0 0 0 0 0 0 0 
_1.ptx 1669 : 875211 7263931 0 0 0 0 0 0 0 
_1.ptx 1670 : 875211 5465536 0 0 0 0 0 0 51 
_1.ptx 1673 : 26112 166144 0 0 0 0 0 0 0 
_1.ptx 1675 : 26112 219968 0 0 0 0 0 0 0 
_1.ptx 1676 : 26112 0 0 0 0 0 0 0 0 
_1.ptx 1677 : 26112 323264 0 0 0 0 0 0 0 
_1.ptx 1678 : 26112 315488 0 0 0 0 0 0 0 
_1.ptx 1679 : 26112 240704 0 0 0 0 0 0 0 
_1.ptx 1680 : 26112 216064 0 0 0 0 0 0 0 
_1.ptx 1681 : 26112 238368 0 0 0 0 0 0 0 
_1.ptx 1682 : 26112 311712 0 0 0 0 0 0 0 
_1.ptx 1683 : 26112 215744 0 0 0 0 0 0 0 
_1.ptx 1684 : 26112 209856 0 0 0 0 0 0 0 
_1.ptx 1685 : 26112 211488 0 0 0 0 0 0 0 
_1.ptx 1686 : 26112 275424 0 0 0 0 0 0 0 
_1.ptx 1687 : 26112 663328 0 0 0 0 0 0 0 
_1.ptx 1688 : 26112 676480 0 0 0 0 0 0 0 
_1.ptx 1689 : 26112 288864 0 0 0 0 0 0 0 
_1.ptx 1690 : 26112 290560 0 0 0 0 0 0 0 
_1.ptx 1691 : 26112 685568 0 816 816 0 0 0 0 
_1.ptx 1692 : 26112 188672 0 0 0 0 0 0 0 
_1.ptx 1696 : 875211 361299893 3505536 0 0 27387 27387 0 0 
_1.ptx 1697 : 875211 369745594 3482752 0 0 27387 27387 0 0 
_1.ptx 1699 : 875211 23944291 0 27387 27387 0 0 0 0 
_1.ptx 1701 : 875211 9748185 0 0 0 0 0 0 0 
_1.ptx 1702 : 875211 40464080 0 0 0 0 0 0 0 
_1.ptx 1703 : 875211 9762310 0 0 0 0 0 0 0 
_1.ptx 1704 : 875211 26137450 384 0 0 27387 27387 0 0 
_1.ptx 1705 : 875211 8921819 0 0 0 0 0 0 0 
_1.ptx 1706 : 875211 8977430 0 0 0 0 0 0 0 
_1.ptx 1707 : 875211 8969956 0 0 0 0 0 0 0 
_1.ptx 1708 : 875211 7216398 0 0 0 0 0 0 0 
_1.ptx 1709 : 875211 5362916 0 0 0 0 0 0 51 
_1.ptx 1712 : 26112 161760 0 0 0 0 0 0 0 
_1.ptx 1714 : 26112 216448 0 0 0 0 0 0 0 
_1.ptx 1715 : 26112 0 0 0 0 0 0 0 0 
_1.ptx 1716 : 26112 318944 0 0 0 0 0 0 0 
_1.ptx 1717 : 26112 317664 0 0 0 0 0 0 0 
_1.ptx 1718 : 26112 245504 0 0 0 0 0 0 0 
_1.ptx 1719 : 26112 218528 0 0 0 0 0 0 0 
_1.ptx 1720 : 26112 241440 0 0 0 0 0 0 0 
_1.ptx 1721 : 26112 308992 0 0 0 0 0 0 0 
_1.ptx 1722 : 26112 212224 0 0 0 0 0 0 0 
_1.ptx 1723 : 26112 210368 0 0 0 0 0 0 0 
_1.ptx 1724 : 26112 282560 0 0 0 0 0 0 0 
_1.ptx 1725 : 26112 331904 0 0 0 0 0 0 0 
_1.ptx 1726 : 26112 227392 0 0 0 0 0 0 0 
_1.ptx 1727 : 26112 295744 0 0 0 0 0 0 0 
_1.ptx 1728 : 26112 300160 0 0 0 0 0 0 0 
_1.ptx 1729 : 26112 185440 0 0 0 0 0 0 0 
_1.ptx 1733 : 875211 341413977 2959104 0 0 27387 27387 0 0 
_1.ptx 1734 : 875211 366528873 3428096 0 0 27387 27387 0 0 
_1.ptx 1735 : 875211 40584729 0 0 0 0 0 0 0 
_1.ptx 1736 : 875211 23457637 384 0 0 27387 27387 0 0 
_1.ptx 1737 : 875211 8869783 0 0 0 0 0 0 0 
_1.ptx 1738 : 875211 8860763 0 0 0 0 0 0 0 
_1.ptx 1739 : 875211 8954646 0 0 0 0 0 0 0 
_1.ptx 1740 : 875211 7124755 0 0 0 0 0 0 0 
