kernel line : count latency dram_traffic smem_bk_conflicts smem_warp gmem_access_generated gmem_warp exposed_latency warp_divergence
_1.ptx 2189 : 16519988 166794593 0 0 0 0 0 0 0 
_1.ptx 2190 : 16519988 133377336 0 0 0 0 0 0 0 
_1.ptx 2191 : 16519988 117149071 0 0 0 0 0 0 0 
_1.ptx 2192 : 16519988 117099985 0 0 0 0 0 0 0 
_1.ptx 2193 : 16519988 133024918 0 0 0 0 0 0 0 
_1.ptx 2194 : 16519988 116929916 0 0 0 0 0 0 0 
_1.ptx 2195 : 16519988 133295254 0 0 0 0 0 0 0 
_1.ptx 2196 : 16519988 100295394 0 0 0 0 0 0 0 
_1.ptx 2197 : 16519988 132922697 0 0 0 0 0 0 0 
_1.ptx 2198 : 16519988 0 0 0 0 0 0 0 0 
_1.ptx 2200 : 16519988 604330384 128 0 0 0 0 0 0 
_1.ptx 2201 : 16519988 117029242 0 0 0 0 0 0 0 
_1.ptx 2202 : 16519988 167756567 0 0 0 0 0 0 0 
_1.ptx 2203 : 16519988 182630912 0 0 0 0 0 0 0 
_1.ptx 2204 : 16519988 8041360944 569231744 0 0 13495818 4270526 0 0 
_1.ptx 2205 : 16519988 99910950 0 0 0 0 0 0 0 
_1.ptx 2019 : 2097152 13090880 0 0 0 0 0 0 0 
_1.ptx 2020 : 2097152 13145344 0 0 0 0 0 0 0 
_1.ptx 2021 : 2097152 37970720 0 0 0 0 0 0 0 
_1.ptx 2022 : 2097152 12991520 0 0 0 0 0 0 0 
_1.ptx 2023 : 2097152 371938432 0 0 0 0 0 0 0 
_1.ptx 2024 : 2097152 13027360 0 0 0 0 0 0 0 
_1.ptx 2025 : 2097152 23318880 0 0 0 0 0 0 0 
_1.ptx 2026 : 2097152 24727648 0 0 0 0 0 0 0 
_1.ptx 2027 : 2097152 15299136 0 0 0 0 0 0 0 
_1.ptx 2028 : 2097152 21490464 0 0 0 0 0 0 0 
_1.ptx 2029 : 2097152 25378176 0 0 0 0 0 0 0 
_1.ptx 2030 : 2097152 17291424 0 0 0 0 0 0 0 
_1.ptx 2230 : 16519988 100030430 0 0 0 0 0 0 0 
_1.ptx 2031 : 2097152 0 0 0 0 0 0 0 0 
_1.ptx 2231 : 16519988 133043492 0 0 0 0 0 0 0 
_1.ptx 2032 : 2097152 15457184 0 0 0 0 0 0 0 
_1.ptx 2232 : 16519988 99681499 0 0 0 0 0 0 0 
_1.ptx 2033 : 2097152 12427424 0 0 0 0 0 0 0 
_1.ptx 2034 : 2097152 13353824 0 0 0 0 0 0 0 
_1.ptx 2035 : 2097152 15495424 0 0 0 0 0 0 0 
_1.ptx 2238 : 16519988 703533884 0 0 0 0 0 0 0 
_1.ptx 2039 : 4194304 34398432 0 0 0 0 0 0 0 
_1.ptx 2239 : 16519988 182641340 0 0 0 0 0 0 0 
_1.ptx 2040 : 4194304 13058624 0 0 0 0 0 0 0 
_1.ptx 2240 : 16519988 5842400704 147469440 0 0 6075212 4270526 0 0 
_1.ptx 2042 : 2097152 13507552 0 0 0 0 0 0 0 
_1.ptx 2241 : 16519988 182516887 0 0 0 0 0 0 0 
_1.ptx 2043 : 2097152 13541440 0 0 0 0 0 0 0 
_1.ptx 2242 : 16519988 116857169 0 0 0 0 0 0 0 
_1.ptx 2243 : 16519988 166584376 0 0 0 0 0 0 0 
_1.ptx 2244 : 16519988 182422560 0 0 0 0 0 0 0 
_1.ptx 2245 : 16519988 10181488806 1899393536 0 0 16514380 4270526 0 0 
_1.ptx 2046 : 2097152 15115616 0 0 0 0 0 0 0 
_1.ptx 2246 : 16519988 133048685 0 0 0 0 0 0 0 
_1.ptx 2047 : 2097152 24485632 0 0 0 0 0 0 0 
_1.ptx 2247 : 16519988 78614025 0 0 0 0 0 0 1270358 
_1.ptx 2048 : 2097152 28348768 0 0 0 0 0 0 0 
_1.ptx 2049 : 2097152 23283008 0 0 0 0 0 0 0 
_1.ptx 2249 : 3486995 1209993340 268672 0 0 3486949 1871013 0 0 
_1.ptx 2050 : 2097152 870077408 12528640 0 0 131072 65536 0 0 
_1.ptx 2250 : 3486995 24651920 0 0 0 0 0 0 0 
_1.ptx 2051 : 2097152 12787648 0 0 0 0 0 0 0 
_1.ptx 2251 : 3486995 28048802 0 0 0 0 0 0 0 
_1.ptx 2052 : 2097152 16939136 0 0 0 0 0 0 0 
_1.ptx 2252 : 3486995 1698 0 0 0 0 0 0 204 
_1.ptx 2053 : 2097152 2152923 0 0 0 0 0 0 65378 
_1.ptx 2054 : 1741390 12452977 0 0 0 0 0 0 0 
_1.ptx 2254 : 3486713 21016175 0 0 0 0 0 0 0 
_1.ptx 2055 : 1741390 10750842 0 0 0 0 0 0 0 
_1.ptx 2255 : 3486713 21073147 0 0 0 0 0 0 0 
_1.ptx 2056 : 1741390 10544813 0 0 0 0 0 0 0 
_1.ptx 2057 : 1741390 12349039 0 0 0 0 0 0 0 
_1.ptx 2259 : 13033275 78579122 0 0 0 0 0 0 0 
_1.ptx 2061 : 16519988 4684913758 66211200 0 0 6075212 4270526 0 0 
_1.ptx 2062 : 16519988 133104917 0 0 0 0 0 0 0 
_1.ptx 2262 : 16519988 99678984 0 0 0 0 0 0 0 
_1.ptx 2063 : 16519988 0 0 0 0 0 0 0 0 
_1.ptx 2263 : 16519988 132871389 0 0 0 0 0 0 0 
_1.ptx 2264 : 16519988 78642124 0 0 0 0 0 0 1270326 
_1.ptx 2065 : 16519988 99974468 0 0 0 0 0 0 0 
_1.ptx 2265 : 3486713 21071686 0 0 0 0 0 0 0 
_1.ptx 2066 : 16519988 133059512 0 0 0 0 0 0 0 
_1.ptx 2067 : 16519988 0 0 0 0 0 0 0 0 
_1.ptx 2267 : 16519988 166204327 0 0 0 0 0 0 0 
_1.ptx 2068 : 16519988 556453191 0 0 0 0 0 0 0 
_1.ptx 2268 : 16519988 132998449 0 0 0 0 0 0 0 
_1.ptx 2069 : 16519988 182668850 0 0 0 0 0 0 0 
_1.ptx 2269 : 16519988 89152137 0 0 0 0 0 0 807948 
_1.ptx 2070 : 16519988 5279416794 78952192 0 0 6075212 4270526 0 0 
_1.ptx 2270 : 1741390 10537614 0 0 0 0 0 0 0 
_1.ptx 2071 : 16519988 133075923 0 0 0 0 0 0 0 
_1.ptx 2072 : 16519988 0 0 0 0 0 0 0 0 
_1.ptx 2272 : 355762 2151146 0 0 0 0 0 0 0 
_1.ptx 2074 : 16519988 534949449 0 0 0 0 0 0 0 
_1.ptx 2075 : 16519988 117207223 0 0 0 0 0 0 0 
_1.ptx 2275 : 2097152 14946080 0 0 0 0 0 0 0 
_1.ptx 2076 : 16519988 166861114 0 0 0 0 0 0 0 
_1.ptx 2077 : 16519988 182600304 0 0 0 0 0 0 0 
_1.ptx 2078 : 16519988 5236929632 85293696 0 0 6075212 4270526 0 0 
_1.ptx 2278 : 4194304 26243808 0 0 0 0 0 0 0 
_1.ptx 2079 : 16519988 99837048 0 0 0 0 0 0 0 
_1.ptx 2279 : 4194304 34143040 0 0 0 0 0 0 0 
_1.ptx 2280 : 4194304 21708908 0 0 0 0 0 0 54324 
_1.ptx 2282 : 712271 4296516 0 0 0 0 0 0 0 
_1.ptx 2283 : 712271 10884420 0 0 0 0 0 0 0 
_1.ptx 2284 : 712271 9602233 16800 0 0 54324 54324 0 0 
_1.ptx 2286 : 4194304 42712896 0 0 0 0 0 0 0 
_1.ptx 2287 : 4194304 34176384 0 0 0 0 0 0 0 
_1.ptx 2288 : 4194304 13028672 0 0 0 0 0 0 0 
_1.ptx 2291 : 2097152 13026944 0 0 0 0 0 0 0 
_1.ptx 2099 : 16519988 182516106 0 0 0 0 0 0 0 
_1.ptx 2100 : 16519988 554591948 0 0 0 0 0 0 0 
_1.ptx 2101 : 16519988 166780914 0 0 0 0 0 0 0 
_1.ptx 2102 : 16519988 133348538 0 0 0 0 0 0 0 
_1.ptx 2103 : 16519988 117169105 0 0 0 0 0 0 0 
_1.ptx 2104 : 16519988 117073494 0 0 0 0 0 0 0 
_1.ptx 2105 : 16519988 133052378 0 0 0 0 0 0 0 
_1.ptx 2106 : 16519988 116960694 0 0 0 0 0 0 0 
_1.ptx 2107 : 16519988 133338558 0 0 0 0 0 0 0 
_1.ptx 2108 : 16519988 100348579 0 0 0 0 0 0 0 
_1.ptx 2109 : 16519988 132941912 0 0 0 0 0 0 0 
_1.ptx 2110 : 16519988 0 0 0 0 0 0 0 0 
_1.ptx 2112 : 16519988 587017619 0 0 0 0 0 0 0 
_1.ptx 2113 : 16519988 116992406 0 0 0 0 0 0 0 
_1.ptx 2114 : 16519988 167883365 0 0 0 0 0 0 0 
_1.ptx 2115 : 16519988 182672503 0 0 0 0 0 0 0 
_1.ptx 2116 : 16519988 8073672546 576616320 0 0 13495818 4270526 0 0 
_1.ptx 2117 : 16519988 99938205 0 0 0 0 0 0 0 
_1.ptx 1744 : 1048576 6485792 0 0 0 0 0 0 0 
_1.ptx 2142 : 16519988 133064967 0 0 0 0 0 0 0 
_1.ptx 1745 : 1048576 6469760 0 0 0 0 0 0 0 
_1.ptx 2143 : 16519988 99670589 0 0 0 0 0 0 0 
_1.ptx 1746 : 1048576 15429216 0 0 0 0 0 0 0 
_1.ptx 1747 : 1048576 6420288 0 0 0 0 0 0 0 
_1.ptx 1748 : 1048576 11719456 0 0 0 0 0 0 0 
_1.ptx 1749 : 1048576 11257440 128 0 0 0 0 0 0 
_1.ptx 1750 : 1048576 8634688 0 0 0 0 0 0 0 
_1.ptx 2149 : 16519988 4528662812 17116800 0 0 6075212 4270526 0 0 
_1.ptx 1751 : 1048576 0 0 0 0 0 0 0 0 
_1.ptx 2150 : 16519988 133067503 0 0 0 0 0 0 0 
_1.ptx 2151 : 16519988 0 0 0 0 0 0 0 0 
_1.ptx 1753 : 1048576 6720096 0 0 0 0 0 0 0 
_1.ptx 1754 : 1048576 10780224 0 0 0 0 0 0 0 
_1.ptx 2153 : 16519988 99886617 0 0 0 0 0 0 0 
_1.ptx 1755 : 1048576 7580480 0 0 0 0 0 0 0 
_1.ptx 2154 : 16519988 133042147 0 0 0 0 0 0 0 
_1.ptx 1756 : 1048576 11832000 0 0 0 0 0 0 0 
_1.ptx 2155 : 16519988 0 0 0 0 0 0 0 0 
_1.ptx 1757 : 1048576 11670176 0 0 0 0 0 0 0 
_1.ptx 2156 : 16519988 570308634 0 0 0 0 0 0 0 
_1.ptx 1758 : 1048576 34465024 4194304 0 0 32768 32768 0 0 
_1.ptx 2157 : 16519988 182648781 0 0 0 0 0 0 0 
_1.ptx 2158 : 16519988 4431014015 17172736 0 0 6075212 4270526 0 0 
_1.ptx 2159 : 16519988 133076872 0 0 0 0 0 0 0 
_1.ptx 1761 : 1048576 6486368 0 0 0 0 0 0 0 
_1.ptx 2160 : 16519988 0 0 0 0 0 0 0 0 
_1.ptx 2162 : 16519988 553265688 0 0 0 0 0 0 0 
_1.ptx 2163 : 16519988 117249275 0 0 0 0 0 0 0 
_1.ptx 2164 : 16519988 166946192 0 0 0 0 0 0 0 
_1.ptx 2165 : 16519988 182590837 0 0 0 0 0 0 0 
_1.ptx 2166 : 16519988 4192728125 16650880 0 0 6075212 4270526 0 0 
_1.ptx 2167 : 16519988 99862818 0 0 0 0 0 0 0 
_1.ptx 2187 : 16519988 182509889 0 0 0 0 0 0 0 
_1.ptx 2188 : 16519988 578449999 0 0 0 0 0 0 0 
