kernel line : count latency dram_traffic smem_bk_conflicts smem_warp gmem_access_generated gmem_warp exposed_latency warp_divergence
_2.ptx 995 : 135936 1156992 0 0 0 0 0 0 0 
_2.ptx 996 : 135936 749624 0 0 0 0 0 0 295 
_2.ptx 998 : 30149 228532 0 0 0 0 0 0 0 
_2.ptx 999 : 30149 267364 0 0 0 0 0 0 0 
_2.ptx 1000 : 30149 269903 0 0 0 0 0 0 0 
_2.ptx 1001 : 30149 359547 0 0 0 0 0 0 0 
_2.ptx 1002 : 30149 353443 0 0 0 0 0 0 0 
_2.ptx 1003 : 30149 264443 0 0 0 0 0 0 0 
_2.ptx 1004 : 30149 359821 0 0 0 0 0 0 0 
_2.ptx 1005 : 30149 256192 0 0 0 0 0 0 0 
_2.ptx 1006 : 30149 346869 0 0 0 0 0 0 0 
_2.ptx 1007 : 30149 353360 0 0 0 0 0 0 0 
_2.ptx 1008 : 30149 318214 0 2006 1180 0 0 0 0 
_2.ptx 1010 : 30149 353511 0 0 0 0 0 0 0 
_2.ptx 1011 : 30149 336826 0 0 0 0 0 0 0 
_2.ptx 1012 : 30149 254715 0 0 0 0 0 0 0 
_2.ptx 1013 : 30149 355298 0 0 0 0 0 0 0 
_2.ptx 1014 : 30149 254659 0 0 0 0 0 0 0 
_2.ptx 1015 : 30149 345644 0 0 0 0 0 0 0 
_2.ptx 1016 : 30149 354326 0 0 0 0 0 0 0 
_2.ptx 1017 : 30149 322603 0 2006 1180 0 0 0 0 
_2.ptx 1018 : 30149 223644 0 2006 1180 0 0 0 0 
_2.ptx 1020 : 30149 333059 0 2006 1180 0 0 0 0 
_2.ptx 1021 : 30149 348340 0 0 0 0 0 0 0 
_2.ptx 1022 : 30149 223921 0 2006 1180 0 0 0 0 
_2.ptx 1025 : 135936 1774816 0 0 0 0 0 0 0 
_2.ptx 1026 : 135936 1175840 0 0 0 0 0 0 0 
_2.ptx 1027 : 135936 856800 0 0 0 0 0 0 0 
_3.ptx 1028 : 30208 192384 0 0 0 0 0 0 0 
_3.ptx 1029 : 30208 191680 0 0 0 0 0 0 0 
_2.ptx 1030 : 15104 103008 0 0 0 0 0 0 0 
_3.ptx 1030 : 30208 599552 0 0 0 0 0 0 0 
_3.ptx 1031 : 30208 210880 0 0 0 0 0 0 0 
_2.ptx 1032 : 15104 132224 0 0 0 0 0 0 0 
_3.ptx 1032 : 30208 369536 0 0 0 0 0 0 0 
_2.ptx 1033 : 15104 215808 0 944 472 0 0 0 0 
_3.ptx 1033 : 30208 244544 0 0 0 0 0 0 0 
_2.ptx 1034 : 15104 167968 0 0 0 0 0 0 0 
_3.ptx 1034 : 30208 642336 0 0 0 0 0 0 0 
_2.ptx 1035 : 15104 243552 60416 0 0 472 472 0 0 
_3.ptx 1035 : 30208 200320 0 0 0 0 0 0 0 
_3.ptx 1036 : 30208 341632 0 0 0 0 0 0 0 
_2.ptx 1037 : 15104 267712 0 944 472 0 0 0 0 
_3.ptx 1037 : 30208 3390144 128 0 0 0 0 0 0 
_2.ptx 1038 : 15104 166912 0 0 0 0 0 0 0 
_3.ptx 1038 : 30208 987488 0 0 0 0 0 0 0 
_2.ptx 1039 : 15104 495616 60416 0 0 472 472 0 0 
_3.ptx 1039 : 30208 551680 0 0 0 0 0 0 0 
_3.ptx 1040 : 30208 251520 0 0 0 0 0 0 0 
_2.ptx 1041 : 15104 90976 0 0 0 0 0 0 0 
_3.ptx 1041 : 30208 201024 0 0 0 0 0 0 1 
_3.ptx 1042 : 208 1280 0 0 0 0 0 0 0 
_3.ptx 1045 : 30000 688800 0 0 0 0 0 0 0 
_3.ptx 1046 : 30000 709072 0 0 0 0 0 0 0 
_3.ptx 1047 : 30000 195424 0 0 0 0 0 0 0 
_3.ptx 1048 : 30000 336304 0 0 0 0 0 0 0 
_3.ptx 1049 : 30000 228288 0 0 0 0 0 0 0 
_3.ptx 1050 : 30000 689520 0 0 0 0 0 0 0 
_3.ptx 1051 : 30000 313536 0 0 0 0 0 0 0 
_3.ptx 1052 : 30000 650000 0 0 0 0 0 0 0 
_3.ptx 1053 : 30000 274704 0 0 0 0 0 0 0 
_3.ptx 1054 : 30000 289904 0 0 0 0 0 0 0 
_3.ptx 1055 : 30000 264256 0 0 0 0 0 0 0 
_3.ptx 1056 : 30000 0 0 0 0 0 0 0 0 
_3.ptx 1057 : 30000 239408 0 0 0 0 0 0 0 
_3.ptx 1058 : 30000 478528 0 0 0 0 0 0 0 
_3.ptx 1059 : 30000 92720 0 0 0 0 0 0 0 
_3.ptx 1060 : 30000 340080 0 0 0 0 0 0 0 
_3.ptx 1061 : 30000 104560 0 0 0 0 0 0 0 
_3.ptx 1062 : 30000 334032 0 0 0 0 0 0 0 
_3.ptx 1063 : 30000 131984 0 0 0 0 0 0 0 
_3.ptx 1064 : 30000 332272 0 0 0 0 0 0 0 
_2.ptx 869 : 15104 90624 0 0 0 0 0 0 0 
_3.ptx 1068 : 30000 12018912 120064 0 0 938 938 0 0 
_2.ptx 870 : 15104 45312 0 0 0 0 0 0 0 
_3.ptx 1069 : 30000 300512 0 0 0 0 0 0 0 
_2.ptx 871 : 15104 96672 0 0 0 0 0 0 0 
_3.ptx 1070 : 30000 743200 0 0 0 938 938 0 0 
_2.ptx 872 : 15104 127104 0 0 0 0 0 0 0 
_3.ptx 1072 : 30000 12555056 120064 0 0 938 938 0 0 
_2.ptx 873 : 15104 0 0 0 0 0 0 0 0 
_3.ptx 1073 : 30000 300384 0 0 0 0 0 0 0 
_2.ptx 874 : 15104 111264 0 0 0 0 0 0 0 
_3.ptx 1074 : 30000 931664 0 0 0 938 938 0 0 
_2.ptx 875 : 15104 116288 0 0 0 0 0 0 0 
_2.ptx 876 : 15104 123584 0 0 0 0 0 0 0 
_3.ptx 1076 : 30000 12677824 120064 0 0 938 938 0 0 
_2.ptx 877 : 15104 90624 0 0 0 0 0 0 0 
_3.ptx 1077 : 30000 302208 0 0 0 0 0 0 0 
_3.ptx 1078 : 30000 548048 0 0 0 938 938 0 0 
_3.ptx 1080 : 30000 331152 0 0 0 0 0 0 0 
_2.ptx 881 : 15104 90624 0 0 0 0 0 0 0 
_3.ptx 1081 : 30000 241984 0 0 0 0 0 0 0 
_3.ptx 1082 : 30000 0 0 0 0 0 0 0 0 
_2.ptx 883 : 15104 90624 0 0 0 0 0 0 0 
_2.ptx 884 : 15104 166400 0 0 0 0 0 0 0 
_2.ptx 885 : 15104 90624 0 0 0 0 0 0 0 
_3.ptx 1085 : 30208 183456 0 0 0 0 0 0 0 
_2.ptx 886 : 15104 106784 0 0 0 0 0 0 0 
_2.ptx 887 : 15104 326976 0 0 0 0 0 0 0 
_2.ptx 888 : 15104 137952 0 0 0 0 0 0 0 
_2.ptx 889 : 15104 188640 0 0 0 0 0 0 0 
_2.ptx 890 : 15104 147456 0 0 0 0 0 0 0 
_2.ptx 891 : 15104 270368 0 0 0 0 0 0 0 
_2.ptx 892 : 15104 175040 0 0 0 0 0 0 0 
_2.ptx 893 : 15104 48544 0 0 0 0 0 0 0 
_2.ptx 894 : 15104 166912 0 0 0 0 0 0 0 
_2.ptx 895 : 15104 4710976 0 0 0 472 472 0 0 
_2.ptx 896 : 15104 112512 0 944 472 0 0 0 0 
_2.ptx 898 : 15104 172704 0 0 0 0 0 0 0 
_2.ptx 899 : 15104 178144 0 0 0 0 0 0 0 
_2.ptx 900 : 15104 138240 0 0 0 0 0 0 0 
_2.ptx 901 : 15104 230592 0 0 0 0 0 0 0 
_2.ptx 902 : 15104 145952 0 0 0 0 0 0 0 
_2.ptx 903 : 15104 182112 0 0 0 0 0 0 0 
_2.ptx 904 : 15104 143392 0 0 0 0 0 0 0 
_2.ptx 905 : 15104 214784 0 0 0 0 0 0 0 
_2.ptx 906 : 15104 183616 0 0 0 0 0 0 0 
_2.ptx 907 : 15104 179904 0 0 0 0 0 0 0 
_2.ptx 908 : 15104 4224000 768 0 0 472 472 0 0 
_2.ptx 909 : 15104 91168 0 944 472 0 0 0 0 
_2.ptx 911 : 15104 90656 0 0 0 0 0 0 0 
_2.ptx 912 : 15104 108064 0 0 0 0 0 0 0 
_2.ptx 913 : 15104 90720 0 0 0 0 0 0 0 
_2.ptx 914 : 15104 123328 0 0 0 0 0 0 0 
_2.ptx 915 : 15104 0 0 0 0 0 0 0 0 
_2.ptx 916 : 15104 111488 0 0 0 0 0 0 0 
_2.ptx 919 : 135936 931168 0 0 0 0 0 0 0 
_2.ptx 920 : 135936 1157536 0 0 0 0 0 0 0 
_2.ptx 921 : 135936 743350 0 0 0 0 0 0 295 
_2.ptx 923 : 30149 224255 0 0 0 0 0 0 0 
_2.ptx 924 : 30149 261480 0 0 0 0 0 0 0 
_2.ptx 925 : 30149 279822 0 0 0 0 0 0 0 
_2.ptx 926 : 30149 366130 0 0 0 0 0 0 0 
_2.ptx 927 : 30149 371515 0 0 0 0 0 0 0 
_2.ptx 928 : 30149 361203 0 0 0 0 0 0 0 
_2.ptx 929 : 30149 277853 0 0 0 0 0 0 0 
_2.ptx 930 : 30149 356124 0 0 0 0 0 0 0 
_2.ptx 931 : 30149 254334 0 0 0 0 0 0 0 
_2.ptx 932 : 30149 411822 0 0 0 0 0 0 0 
_2.ptx 933 : 30149 336788 0 0 0 0 0 0 0 
_2.ptx 934 : 30149 321316 0 2006 1180 0 0 0 0 
_2.ptx 935 : 30149 321568 0 0 0 0 0 0 0 
_2.ptx 936 : 30149 253240 0 0 0 0 0 0 0 
_2.ptx 937 : 30149 352311 0 0 0 0 0 0 0 
_2.ptx 938 : 30149 264305 0 0 0 0 0 0 0 
_2.ptx 939 : 30149 400926 0 0 0 0 0 0 0 
_2.ptx 940 : 30149 352383 0 0 0 0 0 0 0 
_2.ptx 941 : 30149 329418 0 2006 1180 0 0 0 0 
_2.ptx 942 : 30149 341977 0 0 0 0 0 0 0 
_2.ptx 943 : 30149 217188 0 2006 1180 0 0 0 0 
_2.ptx 946 : 135936 1684576 0 0 0 0 0 0 0 
_2.ptx 948 : 135936 1057376 0 0 0 0 0 0 0 
_2.ptx 949 : 135936 982048 0 0 0 0 0 0 0 
_2.ptx 950 : 135936 1191872 0 0 0 0 0 0 0 
_2.ptx 951 : 135936 843840 0 0 0 0 0 0 0 
_2.ptx 952 : 15104 106720 0 0 0 0 0 0 0 
_2.ptx 957 : 15104 99360 0 0 0 0 0 0 0 
_2.ptx 958 : 15104 127520 0 0 0 0 0 0 0 
_2.ptx 959 : 15104 101237 0 0 0 0 0 0 59 
_2.ptx 961 : 59 413 0 0 0 0 0 0 0 
_2.ptx 962 : 59 598 0 0 0 0 0 0 0 
_2.ptx 963 : 59 421 0 0 0 0 0 0 0 
_2.ptx 964 : 59 654 0 0 0 0 0 0 0 
_2.ptx 965 : 59 417 0 0 0 0 0 0 0 
_2.ptx 966 : 59 599 0 0 0 0 0 0 0 
_2.ptx 967 : 59 650 0 0 0 0 0 0 0 
_2.ptx 968 : 59 177 0 0 0 0 0 0 0 
_2.ptx 969 : 59 474 0 59 59 0 0 0 0 
_2.ptx 970 : 59 183 0 0 0 0 0 0 0 
_2.ptx 971 : 59 360 0 0 0 0 0 0 0 
_2.ptx 972 : 59 358 0 0 0 0 0 0 0 
_2.ptx 973 : 59 474 0 0 0 0 0 0 0 
_2.ptx 974 : 59 532 0 0 0 0 0 0 0 
_2.ptx 975 : 59 424 0 0 0 0 0 0 0 
_2.ptx 976 : 59 604 0 0 0 0 0 0 0 
_2.ptx 977 : 59 650 0 0 0 0 0 0 0 
_2.ptx 978 : 59 300 96 0 0 59 59 0 0 
_2.ptx 980 : 59 354 0 0 0 0 0 0 0 
_2.ptx 981 : 59 300 0 59 59 0 0 0 0 
_2.ptx 984 : 15104 118080 0 0 0 0 0 0 0 
_2.ptx 985 : 15104 105600 0 0 0 0 0 0 0 
_2.ptx 986 : 15104 131328 0 0 0 0 0 0 0 
_2.ptx 987 : 15104 0 0 0 0 0 0 0 0 
_2.ptx 988 : 15104 107296 0 0 0 0 0 0 0 
_2.ptx 992 : 135936 1100768 0 0 0 0 0 0 0 
_2.ptx 994 : 135936 955104 0 0 0 0 0 0 0 
