kernel line : count latency dram_traffic smem_bk_conflicts smem_warp gmem_access_generated gmem_warp exposed_latency warp_divergence
_1.ptx 70 : 12800 77280 0 0 0 0 0 0 0 
_1.ptx 71 : 12800 245440 0 0 0 0 0 0 0 
_1.ptx 72 : 12800 94400 0 0 0 0 0 0 0 
_1.ptx 73 : 12800 157056 0 0 0 0 0 0 0 
_1.ptx 74 : 12800 107424 0 0 0 0 0 0 0 
_1.ptx 75 : 12800 111456 0 0 0 0 0 0 0 
_1.ptx 76 : 12800 93248 0 0 0 0 0 0 0 
_1.ptx 77 : 12800 1921568 128 0 0 0 0 0 0 
_1.ptx 78 : 12800 1392960 0 0 0 0 0 0 0 
_1.ptx 79 : 12800 1360512 0 0 0 0 0 0 0 
_1.ptx 80 : 12800 80096 0 0 0 0 0 0 0 
_1.ptx 81 : 12800 79488 0 0 0 0 0 0 0 
_1.ptx 82 : 12800 32700 0 0 0 0 0 0 100 
_1.ptx 83 : 7600 50044 0 0 0 0 0 0 0 
_1.ptx 84 : 7600 49000 0 0 0 0 0 0 0 
_1.ptx 85 : 7600 62824 0 0 0 0 0 0 0 
_1.ptx 86 : 7600 8112 0 0 0 0 0 0 0 
_1.ptx 88 : 6400 48192 0 0 0 0 0 0 0 
_1.ptx 90 : 6400 72032 0 0 0 0 0 0 0 
_1.ptx 91 : 6400 73920 0 0 0 0 0 0 0 
_1.ptx 92 : 6400 52768 0 0 0 0 0 0 0 
_1.ptx 95 : 1200 9336 0 0 0 0 0 0 0 
_1.ptx 96 : 1200 8424 0 0 0 0 0 0 0 
_1.ptx 97 : 1200 11484 0 0 0 0 0 0 0 
_1.ptx 98 : 1200 13872 0 0 0 0 0 0 0 
_1.ptx 99 : 1200 8604 0 0 0 0 0 0 0 
_1.ptx 100 : 1200 12816 0 0 0 0 0 0 0 
_1.ptx 101 : 1200 13284 0 0 0 0 0 0 0 
_1.ptx 102 : 1200 12636 0 0 0 0 0 0 0 
_1.ptx 103 : 1200 12156 0 0 0 0 0 0 0 
_1.ptx 105 : 1200 8556 0 0 0 0 0 0 0 
_1.ptx 106 : 1200 7764 0 0 0 0 0 0 0 
_1.ptx 107 : 1200 9672 0 0 0 0 0 0 0 
_1.ptx 108 : 1200 14784 0 0 0 0 0 0 0 
_1.ptx 109 : 1200 10716 0 0 0 0 0 0 0 
_1.ptx 110 : 1200 14424 0 0 0 0 0 0 0 
_1.ptx 113 : 7600 89592 0 0 0 0 0 0 0 
_1.ptx 114 : 7600 61740 0 0 0 0 0 0 0 
_1.ptx 115 : 7600 73320 0 0 0 0 0 0 0 
_1.ptx 116 : 7600 93828 0 0 0 0 0 0 0 
_1.ptx 117 : 7600 94040 0 0 0 0 0 0 0 
_1.ptx 118 : 7600 70924 0 0 0 0 0 0 0 
_1.ptx 120 : 7600 63080 0 0 0 0 0 0 0 
_1.ptx 121 : 7600 70308 0 0 0 0 0 0 0 
_1.ptx 122 : 7600 93512 0 0 0 0 0 0 0 
_1.ptx 124 : 7600 59168 0 0 0 0 0 0 0 
_1.ptx 125 : 7600 69940 0 0 0 0 0 0 0 
_1.ptx 126 : 7600 91332 0 0 0 0 0 0 0 
_1.ptx 128 : 7600 64304 0 0 0 0 0 0 0 
_1.ptx 129 : 7600 88672 0 0 0 0 0 0 0 
_1.ptx 130 : 7600 69628 0 0 0 0 0 0 0 
_1.ptx 132 : 7600 59164 0 0 0 0 0 0 0 
_1.ptx 133 : 7600 65248 0 0 0 0 0 0 0 
_1.ptx 134 : 7600 62312 0 0 0 0 0 0 0 
_1.ptx 135 : 7600 65320 0 0 0 0 0 0 0 
_1.ptx 136 : 7600 61128 0 0 0 0 0 0 0 
_1.ptx 137 : 7600 65680 0 0 0 0 0 0 0 
_1.ptx 138 : 7600 53040 0 0 0 0 0 0 0 
_1.ptx 139 : 7600 65192 0 0 0 0 0 0 0 
_1.ptx 140 : 7600 61452 0 0 0 0 0 0 0 
_1.ptx 141 : 7600 65268 0 0 0 0 0 0 0 
_1.ptx 142 : 7600 62248 0 0 0 0 0 0 0 
_1.ptx 143 : 7600 67344 0 0 0 0 0 0 0 
_1.ptx 144 : 7600 68420 0 0 0 0 0 0 0 
_1.ptx 145 : 7600 56976 0 0 0 0 0 0 0 
_1.ptx 147 : 5200 32380 0 0 0 0 0 0 0 
_1.ptx 148 : 5200 43088 0 0 0 0 0 0 0 
_1.ptx 149 : 5200 32412 0 0 0 0 0 0 0 
_1.ptx 150 : 5200 42908 0 0 0 0 0 0 0 
_1.ptx 151 : 5200 33272 0 0 0 0 0 0 0 
_1.ptx 154 : 12800 151680 0 0 0 0 0 0 0 
_1.ptx 155 : 12800 92736 0 0 0 0 0 0 0 
_1.ptx 156 : 12800 150272 0 0 0 0 0 0 0 
_1.ptx 157 : 12800 113216 0 0 0 0 0 0 0 
_1.ptx 158 : 12800 149152 0 0 0 0 0 0 0 
_1.ptx 159 : 12800 114240 0 0 0 0 0 0 0 
_1.ptx 160 : 12800 112416 0 0 0 0 0 0 0 
_1.ptx 161 : 12800 104960 0 0 0 0 0 0 0 
_1.ptx 162 : 12800 104736 0 0 0 0 0 0 0 
_1.ptx 163 : 12800 112096 0 0 0 0 0 0 0 
_1.ptx 164 : 12800 90336 0 0 0 0 0 0 0 
_1.ptx 165 : 12800 109760 0 0 0 0 0 0 0 
_1.ptx 166 : 12800 19488 0 0 0 0 0 0 100 
_1.ptx 168 : 10000 70896 0 0 0 0 0 0 0 
_1.ptx 169 : 10000 31664 0 0 0 0 0 0 0 
_1.ptx 170 : 10000 76544 0 0 0 0 0 0 0 
_1.ptx 171 : 10000 105664 0 0 0 0 0 0 0 
_1.ptx 172 : 10000 115568 0 0 0 0 0 0 0 
_1.ptx 173 : 10000 3283124 40064 0 0 661 400 0 0 
_1.ptx 174 : 10000 108036 0 0 0 0 0 0 0 
_1.ptx 175 : 10000 69952 0 0 0 0 0 0 0 
_1.ptx 176 : 10000 88164 0 0 0 0 0 0 0 
_1.ptx 177 : 10000 117204 0 0 0 0 0 0 0 
_1.ptx 178 : 10000 81028 0 0 0 0 0 0 0 
_1.ptx 179 : 10000 106384 0 0 0 0 0 0 0 
_1.ptx 180 : 10000 117132 0 0 0 0 0 0 0 
_1.ptx 181 : 10000 55052 0 400 400 0 0 0 0 
_1.ptx 183 : 12800 86880 0 0 0 0 0 0 0 
_1.ptx 184 : 12800 86784 0 0 0 0 0 0 0 
_1.ptx 185 : 12800 111072 0 0 0 0 0 0 0 
_1.ptx 186 : 12800 49974 0 0 0 0 0 0 148 
_1.ptx 188 : 5688 24502 0 0 0 0 0 0 0 
_1.ptx 189 : 5688 41816 0 0 0 0 0 0 0 
_1.ptx 190 : 5688 41743 0 0 0 0 0 0 0 
_1.ptx 191 : 5688 58669 0 0 0 0 0 0 0 
_1.ptx 192 : 5688 63930 0 0 0 0 0 0 0 
_1.ptx 193 : 5688 1448320 0 0 0 1188 292 0 0 
_1.ptx 194 : 5688 41256 0 0 0 0 0 0 0 
_1.ptx 195 : 5688 41659 0 0 0 0 0 0 0 
_1.ptx 196 : 5688 59623 0 0 0 0 0 0 0 
_1.ptx 197 : 5688 63868 0 0 0 0 0 0 0 
_1.ptx 198 : 5688 56521 0 292 292 0 0 0 0 
_1.ptx 200 : 12800 79648 0 0 0 0 0 0 0 
_1.ptx 201 : 12800 82976 0 0 0 0 0 0 0 
_1.ptx 202 : 12800 108032 0 0 0 0 0 0 0 
_1.ptx 203 : 12800 0 0 0 0 0 0 0 0 
_1.ptx 204 : 12800 137664 0 0 0 0 0 0 0 
_1.ptx 205 : 12800 86976 0 0 0 0 0 0 0 
_1.ptx 206 : 12800 109280 0 0 0 0 0 0 0 
_1.ptx 207 : 12800 147936 0 0 0 0 0 0 0 
_1.ptx 208 : 12800 138368 0 0 0 0 0 0 0 
_1.ptx 209 : 12800 136256 0 0 0 0 0 0 0 
_1.ptx 210 : 12800 140608 0 0 0 0 0 0 0 
_1.ptx 211 : 12800 139424 0 0 0 0 0 0 0 
_1.ptx 212 : 12800 107424 0 0 0 0 0 0 0 
_1.ptx 213 : 12800 100000 0 0 0 0 0 0 0 
_1.ptx 214 : 12800 102368 0 0 0 0 0 0 0 
_1.ptx 217 : 1280000 8349792 0 0 0 0 0 0 0 
_1.ptx 218 : 1280000 10730016 0 0 0 0 0 0 0 
_1.ptx 219 : 1280000 1865528 0 0 0 0 0 0 10000 
_1.ptx 221 : 1000000 7660904 0 0 0 0 0 0 0 
_1.ptx 223 : 1000000 8589032 0 0 0 0 0 0 0 
_1.ptx 224 : 1000000 11397480 0 0 0 0 0 0 0 
_1.ptx 226 : 1000000 7999400 0 0 0 0 0 0 0 
_1.ptx 227 : 1000000 11124764 0 0 0 0 0 0 0 
_1.ptx 228 : 1000000 11536100 0 0 0 0 0 0 0 
_1.ptx 229 : 1000000 9453580 0 40000 40000 0 0 0 0 
_1.ptx 230 : 1000000 5930772 0 40000 40000 0 0 0 0 
_1.ptx 232 : 1000000 9663452 0 40000 40000 0 0 0 0 
_1.ptx 233 : 1000000 6088392 0 40000 40000 0 0 0 0 
_1.ptx 234 : 1000000 8504064 0 0 0 0 0 0 0 
_1.ptx 235 : 1000000 62544 0 0 0 0 0 0 0 
_1.ptx 237 : 990000 3919252 0 0 0 0 0 0 0 
_1.ptx 238 : 990000 7315152 0 0 0 0 0 0 0 
_1.ptx 239 : 990000 10469320 0 0 0 0 0 0 0 
_1.ptx 240 : 990000 11214644 0 0 0 0 0 0 0 
_1.ptx 241 : 990000 314032972 3471744 0 0 65589 39600 0 0 
_1.ptx 242 : 990000 5599248 0 39600 39600 0 0 0 0 
_1.ptx 245 : 1280000 4631978 0 0 0 0 0 0 14800 
_1.ptx 247 : 568800 4272184 0 0 0 0 0 0 0 
_1.ptx 248 : 568800 4765652 0 0 0 0 0 0 0 
_1.ptx 249 : 568800 6456515 0 0 0 0 0 0 0 
_1.ptx 250 : 568800 4337454 0 0 0 0 0 0 0 
_1.ptx 252 : 568800 4291876 0 0 0 0 0 0 0 
_1.ptx 253 : 568800 4308622 0 0 0 0 0 0 0 
_1.ptx 254 : 568800 5948066 0 0 0 0 0 0 0 
_1.ptx 255 : 568800 6439452 0 0 0 0 0 0 0 
_1.ptx 256 : 568800 5123659 0 29200 29200 0 0 0 0 
_1.ptx 257 : 568800 3236491 0 29200 29200 0 0 0 0 
_1.ptx 259 : 568800 5139433 0 29200 29200 0 0 0 0 
_1.ptx 260 : 568800 3250678 0 29200 29200 0 0 0 0 
_1.ptx 261 : 568800 4728782 0 0 0 0 0 0 0 
_1.ptx 262 : 568800 35280 0 0 0 0 0 0 0 
_1.ptx 264 : 563112 2217331 0 0 0 0 0 0 0 
_1.ptx 265 : 563112 4169424 0 0 0 0 0 0 0 
_1.ptx 266 : 563112 5966167 0 0 0 0 0 0 0 
_1.ptx 267 : 563112 6369141 0 0 0 0 0 0 0 
_1.ptx 268 : 563112 129675249 519040 0 0 117612 28908 0 0 
_1.ptx 269 : 563112 3179590 0 28908 28908 0 0 0 0 
_1.ptx 273 : 1280000 8293920 0 0 0 0 0 0 0 
_1.ptx 274 : 1280000 8673568 0 0 0 0 0 0 0 
_1.ptx 275 : 1280000 10862016 0 0 0 0 0 0 0 
_1.ptx 276 : 1280000 1886444 0 0 0 0 0 0 10000 
_1.ptx 278 : 1000000 6671332 0 0 0 0 0 0 0 
_1.ptx 279 : 1000000 8423804 0 0 0 0 0 0 0 
_1.ptx 280 : 1000000 66323 0 0 0 0 0 0 10000 
_1.ptx 281 : 990000 8370448 0 0 0 0 0 0 0 
_1.ptx 282 : 990000 66516 0 0 0 0 0 0 10000 
_1.ptx 283 : 980000 6684675 0 0 0 0 0 0 0 
_1.ptx 284 : 980000 8285534 0 0 0 0 0 0 0 
_1.ptx 285 : 980000 67153 0 0 0 0 0 0 0 
_1.ptx 286 : 970200 8191716 0 0 0 0 0 0 0 
_1.ptx 287 : 970200 63783 0 0 0 0 0 0 0 
_1.ptx 288 : 960400 6496237 0 0 0 0 0 0 0 
_1.ptx 289 : 960400 8116312 0 0 0 0 0 0 0 
_1.ptx 290 : 960400 59153 0 0 0 0 0 0 0 
_1.ptx 291 : 950796 8054767 0 0 0 0 0 0 0 
_1.ptx 292 : 950796 6270735 0 0 0 0 0 0 0 
_1.ptx 296 : 58808 442354 0 0 0 0 0 0 0 
_1.ptx 297 : 58808 658969 0 0 0 0 0 0 0 
_1.ptx 298 : 58808 668030 0 0 0 0 0 0 0 
_1.ptx 299 : 58808 514120 0 21584 21584 0 0 0 0 
_1.ptx 300 : 58808 378683 0 0 0 0 0 0 0 
_1.ptx 303 : 941192 7069326 0 0 0 0 0 0 0 
_1.ptx 304 : 941192 10123589 0 0 0 0 0 0 0 
_1.ptx 305 : 941192 10658071 0 0 0 0 0 0 0 
_1.ptx 306 : 941192 8402982 0 38416 38416 0 0 0 0 
_1.ptx 307 : 941192 8381430 0 38416 38416 0 0 0 0 
_1.ptx 308 : 941192 8502308 0 38416 38416 0 0 0 0 
_1.ptx 309 : 941192 8401153 0 38416 38416 0 0 0 0 
_1.ptx 310 : 941192 8523653 0 38416 38416 0 0 0 0 
_1.ptx 311 : 941192 8457439 0 38416 38416 0 0 0 0 
_1.ptx 312 : 941192 10752914 0 0 0 0 0 0 0 
_1.ptx 313 : 941192 10742607 0 0 0 0 0 0 0 
_1.ptx 314 : 941192 10767543 0 0 0 0 0 0 0 
_1.ptx 315 : 941192 10777288 0 0 0 0 0 0 0 
_1.ptx 316 : 941192 10823955 0 0 0 0 0 0 0 
_1.ptx 317 : 941192 6496126 0 0 0 0 0 0 0 
_1.ptx 318 : 941192 10798816 0 0 0 0 0 0 0 
_1.ptx 321 : 1000000 3664112 0 0 0 0 0 0 0 
_1.ptx 322 : 1000000 7660912 0 0 0 0 0 0 0 
_1.ptx 323 : 1000000 7662468 0 0 0 0 0 0 0 
_1.ptx 324 : 1000000 10681392 0 0 0 0 0 0 0 
_1.ptx 325 : 1000000 11394044 0 0 0 0 0 0 0 
_1.ptx 326 : 1000000 6744808 4066208 0 0 66250 40000 0 0 
_1.ptx 329 : 1280000 8329280 0 0 0 0 0 0 0 
_1.ptx 330 : 1280000 13426528 0 0 0 0 0 0 0 
_1.ptx 331 : 1280000 10921344 0 0 0 0 0 0 0 
_1.ptx 332 : 1280000 8524896 0 0 0 0 0 0 0 
_1.ptx 335 : 12800 84160 0 0 0 0 0 0 0 
