kernel line : count latency dram_traffic smem_bk_conflicts smem_warp gmem_access_generated gmem_warp exposed_latency warp_divergence
_1.ptx 823 : 4096 24576 0 0 0 0 0 0 0 
_1.ptx 824 : 4096 24576 0 0 0 0 0 0 0 
_1.ptx 825 : 4096 60672 0 0 0 0 0 0 0 
_1.ptx 826 : 4096 24576 0 0 0 0 0 0 0 
_1.ptx 827 : 4096 45568 0 0 0 0 0 0 0 
_1.ptx 828 : 4096 29312 0 0 0 0 0 0 0 
_1.ptx 829 : 4096 24608 0 0 0 0 0 0 0 
_1.ptx 830 : 4096 33344 0 0 0 0 0 0 0 
_1.ptx 831 : 4096 0 0 0 0 0 0 0 0 
_1.ptx 832 : 4096 12288 0 0 0 0 0 0 0 
_1.ptx 833 : 4096 24576 0 0 0 0 0 0 0 
_1.ptx 834 : 4096 32768 0 0 0 0 0 0 0 
_1.ptx 835 : 4096 12288 0 0 0 0 0 0 0 
_1.ptx 836 : 4096 24960 0 0 0 0 0 0 0 
_1.ptx 837 : 4096 34624 0 0 0 0 0 0 0 
_1.ptx 838 : 4096 47488 0 0 0 0 0 0 0 
_1.ptx 839 : 4096 12288 0 0 0 0 0 0 0 
_1.ptx 840 : 4096 28992 0 0 0 0 0 0 0 
_1.ptx 841 : 4096 35264 0 0 0 0 0 0 0 
_1.ptx 842 : 4096 35104 0 0 0 0 0 0 0 
_1.ptx 843 : 4096 47232 0 0 0 0 0 0 0 
_1.ptx 844 : 4096 32256 0 0 0 0 0 0 0 
_1.ptx 845 : 4096 55840 0 0 0 0 0 0 0 
_1.ptx 846 : 4096 29280 0 0 0 0 0 0 0 
_1.ptx 847 : 4096 36160 0 0 0 0 0 0 0 
_1.ptx 848 : 4096 46176 0 0 0 0 0 0 0 
_1.ptx 849 : 4096 35968 0 0 0 0 0 0 0 
_1.ptx 850 : 4096 51584 0 0 0 0 0 0 0 
_1.ptx 851 : 4096 28960 0 0 0 0 0 0 0 
_1.ptx 852 : 4096 24928 0 0 0 0 0 0 0 
_1.ptx 853 : 4096 32768 0 0 0 0 0 0 0 
_1.ptx 854 : 4096 24608 0 0 0 0 0 0 0 
_1.ptx 855 : 4096 34112 0 0 0 0 0 0 0 
_1.ptx 856 : 4096 12288 0 0 0 0 0 0 0 
_1.ptx 857 : 4096 45056 0 0 0 0 0 0 0 
_1.ptx 858 : 4096 56544 0 0 0 0 0 0 0 
_1.ptx 859 : 4096 12288 0 0 0 0 0 0 0 
_1.ptx 860 : 4096 47584 0 0 0 0 0 0 0 
_1.ptx 861 : 4096 34272 0 0 0 0 0 0 0 
_1.ptx 862 : 4096 35872 0 0 0 0 0 0 0 
_1.ptx 863 : 4096 32224 0 0 0 0 0 0 0 
_1.ptx 864 : 4096 31520 0 0 0 0 0 0 0 
_1.ptx 865 : 4096 30784 0 0 0 0 0 0 0 
_1.ptx 866 : 4096 29952 0 0 0 0 0 0 0 
_1.ptx 867 : 4096 24576 0 0 0 0 0 0 0 
_1.ptx 868 : 4096 24576 0 0 0 0 0 0 0 
_1.ptx 869 : 4096 24576 0 0 0 0 0 0 0 
_1.ptx 870 : 4096 24576 0 0 0 0 0 0 0 
_1.ptx 873 : 4096 0 0 0 0 0 0 0 0 
_1.ptx 874 : 4096 29568 0 0 0 0 0 0 0 
_1.ptx 875 : 4096 27936 0 0 0 0 0 0 0 
_1.ptx 876 : 4096 26624 0 0 0 0 0 0 0 
_1.ptx 877 : 4096 26272 0 0 0 0 0 0 0 
_1.ptx 878 : 4096 29120 0 0 0 0 0 0 0 
_1.ptx 882 : 327680 1969344 0 0 0 0 0 0 0 
_1.ptx 883 : 327680 30510112 1310720 0 0 0 0 0 0 
_1.ptx 885 : 327680 1969344 0 0 0 0 0 0 0 
_1.ptx 886 : 327680 31162080 1310720 0 0 0 0 0 0 
_1.ptx 887 : 327680 3283264 0 0 0 0 0 0 0 
_1.ptx 888 : 327680 3285568 0 0 0 0 0 0 0 
_1.ptx 889 : 327680 3298272 0 0 0 0 0 0 0 
_1.ptx 890 : 327680 2633536 0 0 0 0 0 0 0 
_1.ptx 891 : 327680 1955200 0 0 0 0 0 0 0 
_1.ptx 894 : 4096 0 0 0 0 0 0 0 0 
_1.ptx 895 : 4096 28768 0 0 0 0 0 0 0 
_1.ptx 896 : 4096 24864 0 0 0 0 0 0 0 
_1.ptx 897 : 4096 24608 0 0 0 0 0 0 0 
_1.ptx 898 : 4096 24608 0 0 0 0 0 0 0 
_1.ptx 899 : 4096 28832 0 0 0 0 0 0 0 
_1.ptx 903 : 327680 127493472 1308800 0 0 0 0 0 0 
_1.ptx 904 : 327680 4377440 1309056 0 0 0 0 0 0 
_1.ptx 905 : 327680 3284480 0 0 0 0 0 0 0 
_1.ptx 906 : 327680 3283840 0 0 0 0 0 0 0 
_1.ptx 907 : 327680 3307264 0 0 0 0 0 0 0 
_1.ptx 908 : 327680 2629600 0 0 0 0 0 0 0 
_1.ptx 909 : 327680 1953760 0 0 0 0 0 0 0 
_1.ptx 911 : 4096 0 0 0 0 0 0 0 0 
_1.ptx 912 : 4096 29568 0 0 0 0 0 0 0 
_1.ptx 913 : 4096 26144 0 0 0 0 0 0 0 
_1.ptx 914 : 4096 30112 0 0 0 0 0 0 0 
_1.ptx 918 : 163840 1708224 0 0 0 0 0 0 0 
_1.ptx 919 : 163840 1233472 0 0 0 0 0 0 0 
_1.ptx 920 : 163840 1374208 0 0 0 0 0 0 0 
_1.ptx 921 : 163840 0 0 0 0 0 0 0 0 
_1.ptx 922 : 163840 1858080 0 0 0 0 0 0 0 
_1.ptx 923 : 163840 1712544 0 0 0 0 0 0 0 
_1.ptx 924 : 163840 492448 0 0 0 0 0 0 0 
_1.ptx 925 : 163840 2437824 0 0 0 0 0 0 0 
_1.ptx 926 : 163840 2827488 0 0 0 0 0 0 0 
_1.ptx 927 : 163840 1846112 0 0 0 0 0 0 0 
_1.ptx 928 : 163840 1236416 0 0 0 0 0 0 0 
_1.ptx 929 : 163840 1782880 0 0 0 0 0 0 0 
_1.ptx 930 : 163840 1849856 0 0 0 0 0 0 0 
_1.ptx 931 : 163840 1248896 0 0 0 0 0 0 0 
_1.ptx 932 : 163840 1760128 0 0 0 0 0 0 0 
_1.ptx 933 : 163840 1847712 0 0 0 0 0 0 0 
_1.ptx 934 : 163840 50074208 655360 0 0 0 0 0 0 
_1.ptx 935 : 163840 1846464 0 0 0 0 0 0 0 
_1.ptx 936 : 163840 1240768 0 0 0 0 0 0 0 
_1.ptx 937 : 163840 1147296 0 0 0 0 0 0 0 
_1.ptx 938 : 163840 1252192 0 0 0 0 0 0 0 
_1.ptx 942 : 9748480 109959552 0 0 0 0 0 0 0 
_1.ptx 943 : 9748480 73106080 0 0 0 0 0 0 0 
_1.ptx 944 : 9748480 103368512 0 0 0 0 0 0 0 
_1.ptx 945 : 9748480 110347648 0 0 0 0 0 0 0 
_1.ptx 946 : 9748480 39883680 0 0 0 0 0 0 0 
_1.ptx 948 : 9748480 109794592 0 0 0 0 0 0 0 
_1.ptx 949 : 9748480 2870350048 38401536 0 0 0 0 0 0 
_1.ptx 950 : 9748480 110119872 0 0 0 0 0 0 0 
_1.ptx 951 : 9748480 110444416 0 0 0 0 0 0 0 
_1.ptx 952 : 9748480 73375104 0 0 0 0 0 0 0 
_1.ptx 953 : 9748480 65346432 0 0 0 0 0 0 0 
_1.ptx 954 : 9748480 149876480 0 0 0 0 0 0 0 
_1.ptx 955 : 9748480 72942816 0 0 0 0 0 0 0 
_1.ptx 956 : 9748480 455584928 0 0 0 0 0 0 0 
_1.ptx 957 : 9748480 110067616 0 0 0 0 0 0 0 
_1.ptx 959 : 9748480 110499712 0 0 0 0 0 0 0 
_1.ptx 960 : 9748480 73459552 0 0 0 0 0 0 0 
_1.ptx 961 : 9748480 74548512 0 0 0 0 0 0 0 
_1.ptx 962 : 9748480 75180896 0 0 0 0 0 0 0 
_1.ptx 963 : 9748480 68798720 0 0 0 0 0 0 0 
_1.ptx 964 : 9748480 150271520 0 0 0 0 0 0 0 
_1.ptx 965 : 9748480 149183904 0 0 0 0 0 0 0 
_1.ptx 966 : 9748480 157879808 0 0 0 0 0 0 0 
_1.ptx 967 : 9748480 73043360 0 0 0 0 0 0 0 
_1.ptx 968 : 9748480 64463456 0 0 0 0 0 0 0 
_1.ptx 969 : 9748480 111711552 0 0 0 0 0 0 0 
_1.ptx 970 : 9748480 144095840 0 0 0 0 0 0 0 
_1.ptx 971 : 9748480 110440736 0 0 0 0 0 0 0 
_1.ptx 972 : 9748480 49884992 0 0 0 0 0 0 0 
_1.ptx 974 : 9748480 109967232 0 0 0 0 0 0 0 
_1.ptx 975 : 9748480 73205280 0 0 0 0 0 0 0 
_1.ptx 976 : 9748480 104715488 0 0 0 0 0 0 0 
_1.ptx 977 : 9748480 109804480 0 0 0 0 0 0 0 
_1.ptx 978 : 9748480 49455776 38993920 0 0 0 0 0 0 
_1.ptx 979 : 9748480 100726144 0 0 0 0 0 0 0 
_1.ptx 980 : 9748480 101282496 0 0 0 0 0 0 0 
_1.ptx 981 : 9748480 81510336 0 0 0 0 0 0 0 
_1.ptx 982 : 9748480 62177920 0 0 0 0 0 0 0 
_1.ptx 984 : 163840 1221440 0 0 0 0 0 0 0 
_1.ptx 985 : 163840 1364896 0 0 0 0 0 0 0 
_1.ptx 986 : 163840 1043296 0 0 0 0 0 0 0 
_1.ptx 989 : 4096 0 0 0 0 0 0 0 0 
_1.ptx 990 : 4096 30016 0 0 0 0 0 0 0 
_1.ptx 991 : 4096 29952 0 0 0 0 0 0 0 
_1.ptx 992 : 4096 30016 0 0 0 0 0 0 0 
_1.ptx 993 : 4096 27264 0 0 0 0 0 0 0 
_1.ptx 994 : 4096 26464 0 0 0 0 0 0 0 
_1.ptx 995 : 4096 42080 0 0 0 0 0 0 0 
_1.ptx 996 : 4096 45600 0 0 0 0 0 0 0 
_1.ptx 997 : 4096 12352 0 0 0 0 0 0 0 
_1.ptx 998 : 4096 26112 0 0 0 0 0 0 0 
_1.ptx 999 : 4096 27040 0 0 0 0 0 0 0 
_1.ptx 1000 : 4096 31200 0 0 0 0 0 0 0 
_1.ptx 1004 : 163840 1181760 0 0 0 0 0 0 0 
_1.ptx 1005 : 163840 60591584 560384 0 0 0 0 0 0 
_1.ptx 1006 : 163840 1818496 0 0 0 0 0 0 0 
_1.ptx 1007 : 163840 1181312 0 0 0 0 0 0 0 
_1.ptx 1008 : 163840 1029312 0 0 0 0 0 0 0 
_1.ptx 1009 : 163840 2474720 0 0 0 0 0 0 0 
_1.ptx 1010 : 163840 1177792 0 0 0 0 0 0 0 
_1.ptx 1011 : 163840 7568256 0 0 0 0 0 0 0 
_1.ptx 1013 : 163840 1490944 0 0 0 0 0 0 0 
_1.ptx 1015 : 163840 943552 655360 0 0 0 0 0 0 
_1.ptx 1017 : 163840 946816 655360 0 0 0 0 0 0 
_1.ptx 1018 : 163840 1659936 0 0 0 0 0 0 0 
_1.ptx 1019 : 163840 1669440 0 0 0 0 0 0 0 
_1.ptx 1020 : 163840 1671776 0 0 0 0 0 0 0 
_1.ptx 1021 : 163840 1684672 0 0 0 0 0 0 0 
_1.ptx 1022 : 163840 1342176 0 0 0 0 0 0 0 
_1.ptx 1023 : 163840 987808 0 0 0 0 0 0 0 
_1.ptx 1025 : 4096 0 0 0 0 0 0 0 0 
_1.ptx 1026 : 4096 29024 0 0 0 0 0 0 0 
_1.ptx 1027 : 4096 25568 0 0 0 0 0 0 0 
_1.ptx 1028 : 4096 24992 0 0 0 0 0 0 0 
_1.ptx 1029 : 4096 25088 0 0 0 0 0 0 0 
_1.ptx 1030 : 4096 29440 0 0 0 0 0 0 0 
_1.ptx 1034 : 163840 998656 0 0 0 0 0 0 0 
_1.ptx 1035 : 163840 1702688 655360 0 0 0 0 0 0 
_1.ptx 1037 : 163840 996896 0 0 0 0 0 0 0 
_1.ptx 1038 : 163840 1703104 655360 0 0 0 0 0 0 
_1.ptx 1039 : 163840 1651616 0 0 0 0 0 0 0 
_1.ptx 1040 : 163840 1654784 0 0 0 0 0 0 0 
_1.ptx 1041 : 163840 1662560 0 0 0 0 0 0 0 
_1.ptx 1042 : 163840 1323264 0 0 0 0 0 0 0 
_1.ptx 1043 : 163840 975584 0 0 0 0 0 0 0 
_1.ptx 1045 : 4096 0 0 0 0 0 0 0 0 
_1.ptx 1046 : 4096 29120 0 0 0 0 0 0 0 
_1.ptx 1047 : 4096 28960 0 0 0 0 0 0 0 
_1.ptx 1048 : 4096 29568 0 0 0 0 0 0 0 
_1.ptx 1049 : 4096 25824 0 0 0 0 0 0 0 
_1.ptx 1050 : 4096 25312 0 0 0 0 0 0 0 
_1.ptx 1051 : 4096 29056 0 0 0 0 0 0 0 
_1.ptx 1055 : 61440 274592 0 0 0 0 0 0 0 
_1.ptx 1056 : 61440 275104 0 0 0 0 0 0 0 
_1.ptx 1057 : 61440 436160 0 0 0 0 0 0 0 
_1.ptx 1058 : 61440 625472 0 0 0 0 0 0 0 
_1.ptx 1059 : 61440 680640 0 0 0 0 0 0 0 
_1.ptx 1060 : 61440 7885440 71040 0 0 0 0 0 0 
_1.ptx 1061 : 61440 680064 0 0 0 0 0 0 0 
_1.ptx 1062 : 61440 7823072 68864 0 0 0 0 0 0 
_1.ptx 1063 : 61440 557312 0 0 0 0 0 0 0 
_1.ptx 1064 : 61440 436064 0 0 0 0 0 0 0 
_1.ptx 1065 : 61440 377248 0 0 0 0 0 0 0 
_1.ptx 1066 : 61440 925632 0 0 0 0 0 0 0 
_1.ptx 1067 : 61440 439424 0 0 0 0 0 0 0 
_1.ptx 1068 : 61440 385984 0 0 0 0 0 0 0 
_1.ptx 1069 : 61440 497024 0 0 0 0 0 0 0 
_1.ptx 1070 : 61440 0 0 0 0 0 0 0 0 
_1.ptx 1072 : 61440 374880 0 0 0 0 0 0 0 
_1.ptx 1073 : 61440 556864 0 0 0 0 0 0 0 
_1.ptx 1075 : 61440 680992 0 0 0 0 0 0 0 
_1.ptx 1076 : 61440 4153472 6144 0 0 0 0 0 0 
_1.ptx 1077 : 61440 374112 0 0 0 0 0 0 0 
_1.ptx 1078 : 61440 556992 0 0 0 0 0 0 0 
_1.ptx 1079 : 61440 323776 0 0 0 0 0 0 0 
_1.ptx 1081 : 61440 682112 0 0 0 0 0 0 0 
_1.ptx 1082 : 61440 4143840 7680 0 0 0 0 0 0 
_1.ptx 1083 : 61440 372768 0 0 0 0 0 0 0 
_1.ptx 1084 : 61440 680544 0 0 0 0 0 0 0 
_1.ptx 1085 : 61440 327168 0 0 0 0 0 0 0 
_1.ptx 1087 : 61440 620704 0 0 0 0 0 0 0 
_1.ptx 1088 : 61440 620192 0 0 0 0 0 0 0 
_1.ptx 1089 : 61440 626720 0 0 0 0 0 0 0 
_1.ptx 1090 : 61440 496800 0 0 0 0 0 0 0 
_1.ptx 1091 : 61440 349536 0 0 0 0 0 0 0 
_1.ptx 1092 : 4096 25024 0 0 0 0 0 0 0 
_1.ptx 1096 : 4096 0 0 0 0 0 0 0 0 
_1.ptx 1097 : 4096 28896 0 0 0 0 0 0 0 
_1.ptx 1098 : 4096 45440 0 0 0 0 0 0 0 
_1.ptx 1099 : 4096 31392 0 0 0 0 0 0 0 
_1.ptx 1100 : 4096 41920 0 0 0 0 0 0 0 
_1.ptx 1101 : 4096 45248 0 0 0 0 0 0 0 
_1.ptx 1102 : 4096 45248 0 0 0 0 0 0 0 
_1.ptx 1103 : 4096 45440 0 0 0 0 0 0 0 
_1.ptx 1104 : 4096 29600 0 0 0 0 0 0 0 
_1.ptx 1105 : 4096 41440 0 0 0 0 0 0 0 
_1.ptx 1106 : 4096 45216 0 0 0 0 0 0 0 
_1.ptx 1107 : 4096 12512 0 0 0 0 0 0 0 
_1.ptx 1108 : 4096 29152 0 0 0 0 0 0 0 
_1.ptx 1112 : 163840 739296 0 0 0 0 0 0 0 
_1.ptx 1113 : 163840 1155424 0 0 0 0 0 0 0 
_1.ptx 1114 : 163840 708640 0 0 0 0 0 0 0 
_1.ptx 1115 : 163840 1480864 0 0 0 0 0 0 0 
_1.ptx 1116 : 163840 956224 0 0 0 0 0 0 0 
_1.ptx 1118 : 163840 49312480 640512 0 0 0 0 0 0 
_1.ptx 1119 : 163840 1806528 0 0 0 0 0 0 0 
_1.ptx 1120 : 163840 1158176 0 0 0 0 0 0 0 
_1.ptx 1121 : 163840 995680 0 0 0 0 0 0 0 
_1.ptx 1122 : 163840 2463296 0 0 0 0 0 0 0 
_1.ptx 1123 : 163840 1156576 0 0 0 0 0 0 0 
_1.ptx 1124 : 163840 9801056 0 0 0 0 0 0 0 
_1.ptx 1125 : 163840 48294208 627968 0 0 0 0 0 0 
_1.ptx 1126 : 163840 1807584 0 0 0 0 0 0 0 
_1.ptx 1127 : 163840 1806880 0 0 0 0 0 0 0 
_1.ptx 1128 : 163840 1155712 0 0 0 0 0 0 0 
_1.ptx 1129 : 163840 841472 0 0 0 0 0 0 0 
_1.ptx 1130 : 163840 1319296 0 0 0 0 0 0 0 
_1.ptx 1131 : 163840 24640 0 0 0 0 0 0 0 
_1.ptx 1133 : 159744 47000256 597248 0 0 0 0 0 0 
_1.ptx 1134 : 159744 1762528 0 0 0 0 0 0 0 
_1.ptx 1135 : 159744 826336 0 0 0 0 0 0 0 
_1.ptx 1137 : 159744 46825824 591872 0 0 0 0 0 0 
_1.ptx 1138 : 159744 1764160 0 0 0 0 0 0 0 
_1.ptx 1139 : 159744 1130912 0 0 0 0 0 0 0 
_1.ptx 1140 : 159744 984032 0 0 0 0 0 0 0 
_1.ptx 1141 : 159744 2402080 0 0 0 0 0 0 0 
_1.ptx 1142 : 159744 1129056 0 0 0 0 0 0 0 
_1.ptx 1143 : 159744 9294304 0 0 0 0 0 0 0 
_1.ptx 1144 : 159744 1761728 0 0 0 0 0 0 0 
_1.ptx 1145 : 159744 818016 0 0 0 0 0 0 0 
_1.ptx 1147 : 163840 1644704 0 0 0 0 0 0 0 
_1.ptx 1148 : 163840 1651232 0 0 0 0 0 0 0 
_1.ptx 1149 : 163840 1654144 0 0 0 0 0 0 0 
_1.ptx 1150 : 163840 1660032 0 0 0 0 0 0 0 
_1.ptx 1151 : 163840 1659360 0 0 0 0 0 0 0 
_1.ptx 1152 : 163840 1321184 0 0 0 0 0 0 0 
_1.ptx 1153 : 163840 967616 0 0 0 0 0 0 0 
_1.ptx 1155 : 4096 0 0 0 0 0 0 0 0 
_1.ptx 1156 : 4096 28960 0 0 0 0 0 0 0 
_1.ptx 1157 : 4096 24960 0 0 0 0 0 0 0 
_1.ptx 1158 : 4096 12352 0 0 0 0 0 0 0 
_1.ptx 1159 : 4096 24640 0 0 0 0 0 0 0 
_1.ptx 1160 : 4096 24640 0 0 0 0 0 0 0 
_1.ptx 1161 : 4096 28704 0 0 0 0 0 0 0 
_1.ptx 1165 : 163840 1148096 0 0 0 0 0 0 0 
_1.ptx 1166 : 163840 46339072 655360 0 0 0 0 0 0 
_1.ptx 1167 : 163840 1803040 0 0 0 0 0 0 0 
_1.ptx 1168 : 163840 1147648 0 0 0 0 0 0 0 
_1.ptx 1169 : 163840 983712 0 0 0 0 0 0 0 
_1.ptx 1170 : 163840 2458176 0 0 0 0 0 0 0 
_1.ptx 1171 : 163840 111251808 0 0 0 0 0 0 0 
_1.ptx 1172 : 163840 1148000 0 0 0 0 0 0 0 
_1.ptx 1173 : 163840 1639392 0 0 0 0 0 0 0 
_1.ptx 1174 : 163840 1639136 0 0 0 0 0 0 0 
_1.ptx 1175 : 163840 1311328 0 0 0 0 0 0 0 
_1.ptx 1176 : 163840 959328 0 0 0 0 0 0 0 
_1.ptx 1177 : 4096 24576 0 0 0 0 0 0 0 
_1.ptx 1182 : 4096 45056 0 0 0 0 0 0 0 
_1.ptx 1183 : 4096 0 0 0 0 0 0 0 0 
_1.ptx 1184 : 4096 28672 0 0 0 0 0 0 0 
_1.ptx 1185 : 4096 12288 0 0 0 0 0 0 0 
_1.ptx 1186 : 4096 45056 0 0 0 0 0 0 0 
_1.ptx 1187 : 4096 24576 0 0 0 0 0 0 0 
_1.ptx 1188 : 4096 28736 0 0 0 0 0 0 0 
_1.ptx 1189 : 4096 28832 0 0 0 0 0 0 0 
_1.ptx 1190 : 4096 24608 0 0 0 0 0 0 0 
_1.ptx 1191 : 4096 28736 0 0 0 0 0 0 0 
_1.ptx 1195 : 163840 35791840 332160 0 0 0 0 0 0 
_1.ptx 1196 : 163840 1803104 0 0 0 0 0 0 0 
_1.ptx 1197 : 163840 1148640 0 0 0 0 0 0 0 
_1.ptx 1198 : 163840 992256 0 0 0 0 0 0 0 
_1.ptx 1199 : 163840 2458208 0 0 0 0 0 0 0 
_1.ptx 1200 : 163840 119530880 0 0 0 0 0 0 0 
_1.ptx 1201 : 163840 1147744 0 0 0 0 0 0 0 
_1.ptx 1202 : 163840 820352 0 0 0 0 0 0 0 
_1.ptx 1203 : 163840 1639072 0 0 0 0 0 0 0 
_1.ptx 1204 : 163840 1639264 0 0 0 0 0 0 0 
_1.ptx 1205 : 163840 1311168 0 0 0 0 0 0 0 
_1.ptx 1206 : 163840 958720 0 0 0 0 0 0 0 
_1.ptx 1209 : 4096 28672 0 0 0 0 0 0 0 
_1.ptx 1210 : 4096 0 0 0 0 0 0 0 0 
_1.ptx 1211 : 4096 28800 0 0 0 0 0 0 0 
_1.ptx 1212 : 4096 28704 0 0 0 0 0 0 0 
_1.ptx 1213 : 4096 544448 0 0 0 0 0 0 0 
_1.ptx 1214 : 4096 45216 0 0 0 0 0 0 0 
_1.ptx 1215 : 4096 28960 0 0 0 0 0 0 0 
_1.ptx 1219 : 163840 46831488 651904 0 0 0 0 0 0 
_1.ptx 1220 : 163840 1805632 0 0 0 0 0 0 0 
_1.ptx 1221 : 163840 823616 0 0 0 0 0 0 0 
_1.ptx 1222 : 163840 1641472 0 0 0 0 0 0 0 
_1.ptx 1223 : 163840 1642656 0 0 0 0 0 0 0 
_1.ptx 1224 : 163840 1314496 0 0 0 0 0 0 0 
_1.ptx 1225 : 163840 961216 0 0 0 0 0 0 0 
_1.ptx 1228 : 4096 20608 16384 0 0 128 128 0 0 
_1.ptx 1230 : 4096 28992 0 0 0 0 0 0 0 
_1.ptx 1231 : 4096 0 0 0 0 0 0 0 0 
_1.ptx 1232 : 4096 29280 0 0 0 0 0 0 0 
_1.ptx 1233 : 4096 41440 0 0 0 0 0 0 0 
_1.ptx 1234 : 4096 28832 0 0 0 0 0 0 0 
_1.ptx 1237 : 163840 1320320 0 0 0 0 0 0 0 
_1.ptx 1238 : 163840 0 0 0 0 0 0 0 0 
_1.ptx 1239 : 163840 1810880 0 0 0 0 0 0 0 
_1.ptx 1240 : 163840 1648768 0 0 0 0 0 0 0 
_1.ptx 1241 : 163840 1812960 0 0 0 0 0 0 0 
_1.ptx 1242 : 163840 1895872 0 0 0 0 0 0 0 
_1.ptx 1243 : 163840 1172256 0 0 0 0 0 0 0 
_1.ptx 1244 : 163840 1755008 0 0 0 0 0 0 0 
_1.ptx 1245 : 163840 1815744 0 0 0 0 0 0 0 
_1.ptx 1246 : 163840 1175552 0 0 0 0 0 0 0 
_1.ptx 1247 : 163840 1700960 0 0 0 0 0 0 0 
_1.ptx 1248 : 163840 1810272 0 0 0 0 0 0 0 
_1.ptx 1249 : 163840 1810752 0 0 0 0 0 0 0 
_1.ptx 1250 : 163840 1160992 0 0 0 0 0 0 0 
_1.ptx 1251 : 163840 1732928 0 0 0 0 0 0 0 
_1.ptx 1252 : 163840 1809824 0 0 0 0 0 0 0 
_1.ptx 1253 : 163840 1810080 0 0 0 0 0 0 0 
_1.ptx 1254 : 163840 1809280 0 0 0 0 0 0 0 
_1.ptx 1255 : 163840 1160704 0 0 0 0 0 0 0 
_1.ptx 1256 : 163840 1705696 0 0 0 0 0 0 0 
_1.ptx 1257 : 163840 1808896 0 0 0 0 0 0 0 
_1.ptx 1258 : 163840 496672 0 0 0 0 0 0 0 
_1.ptx 1259 : 163840 994208 0 0 0 0 0 0 0 
_1.ptx 1260 : 163840 1175072 0 0 0 0 0 0 0 
_1.ptx 1264 : 9748480 2846544736 38711424 0 0 0 0 0 0 
_1.ptx 1265 : 9748480 39694560 0 0 0 0 0 0 0 
_1.ptx 1266 : 9748480 2960191904 38993920 0 0 0 0 0 0 
_1.ptx 1267 : 9748480 107565696 0 0 0 0 0 0 0 
_1.ptx 1268 : 9748480 88016128 0 0 0 0 0 0 0 
_1.ptx 1270 : 9748480 2842690240 38993920 0 0 0 0 0 0 
_1.ptx 1271 : 9748480 68968704 0 0 0 0 0 0 0 
_1.ptx 1272 : 9748480 107627104 0 0 0 0 0 0 0 
_1.ptx 1273 : 9748480 69129120 0 0 0 0 0 0 0 
_1.ptx 1274 : 9748480 60992160 0 0 0 0 0 0 0 
_1.ptx 1275 : 9748480 146612608 0 0 0 0 0 0 0 
_1.ptx 1276 : 9748480 69031520 0 0 0 0 0 0 0 
_1.ptx 1277 : 9748480 449873472 0 0 0 0 0 0 0 
_1.ptx 1279 : 9748480 107645504 0 0 0 0 0 0 0 
_1.ptx 1280 : 9748480 107593440 0 0 0 0 0 0 0 
_1.ptx 1281 : 9748480 107673280 0 0 0 0 0 0 0 
_1.ptx 1282 : 9748480 449609568 0 0 0 0 0 0 0 
_1.ptx 1283 : 9748480 88244224 0 0 0 0 0 0 0 
_1.ptx 1284 : 9748480 49272704 128 0 0 0 0 0 0 
_1.ptx 1285 : 9748480 98040192 0 0 0 0 0 0 0 
_1.ptx 1286 : 9748480 98378432 0 0 0 0 0 0 0 
_1.ptx 1287 : 9748480 98598080 0 0 0 0 0 0 0 
_1.ptx 1288 : 9748480 98717344 0 0 0 0 0 0 0 
_1.ptx 1289 : 9748480 98790112 0 0 0 0 0 0 0 
_1.ptx 1290 : 9748480 60488448 0 0 0 0 0 0 0 
_1.ptx 1291 : 9748480 78614080 0 0 0 0 0 0 0 
_1.ptx 1292 : 9748480 58150848 0 0 0 0 0 0 0 
_1.ptx 1294 : 163840 1649600 0 0 0 0 0 0 0 
_1.ptx 1295 : 163840 999072 0 0 0 0 0 0 0 
_1.ptx 1296 : 163840 1318688 0 0 0 0 0 0 0 
_1.ptx 1297 : 163840 969952 0 0 0 0 0 0 0 
_1.ptx 1300 : 4096 1181920 16384 0 0 0 0 0 0 
_1.ptx 1301 : 4096 20544 16384 0 0 128 128 0 0 
_1.ptx 1302 : 4096 45088 0 0 0 0 0 0 0 
_1.ptx 1303 : 4096 45504 0 0 0 0 0 0 0 
_1.ptx 1304 : 4096 45792 0 0 0 0 0 0 0 
_1.ptx 1305 : 4096 25056 0 0 0 0 0 0 0 
_1.ptx 1306 : 4096 32896 0 0 0 0 0 0 0 
_1.ptx 1307 : 4096 0 0 0 0 0 0 0 0 
_1.ptx 1310 : 4096 24576 0 0 0 0 0 0 0 
_1.ptx 1329 : 4096 24576 0 0 0 0 0 0 0 
_1.ptx 1330 : 4096 24576 0 0 0 0 0 0 0 
_1.ptx 1331 : 4096 60672 0 0 0 0 0 0 0 
_1.ptx 1332 : 4096 24576 0 0 0 0 0 0 0 
_1.ptx 1333 : 4096 45504 0 0 0 0 0 0 0 
_1.ptx 1334 : 4096 28800 0 0 0 0 0 0 0 
_1.ptx 1335 : 4096 24576 0 0 0 0 0 0 0 
_1.ptx 1336 : 4096 33216 0 0 0 0 0 0 0 
_1.ptx 1337 : 4096 0 0 0 0 0 0 0 0 
_1.ptx 1338 : 4096 1040640 128 0 0 0 0 0 0 
_1.ptx 1339 : 4096 24576 0 0 0 0 0 0 0 
_1.ptx 1340 : 4096 32832 0 0 0 0 0 0 0 
_1.ptx 1341 : 4096 12288 0 0 0 0 0 0 0 
_1.ptx 1342 : 4096 25184 0 0 0 0 0 0 0 
_1.ptx 1343 : 4096 33312 0 0 0 0 0 0 0 
_1.ptx 1344 : 4096 34272 0 0 0 0 0 0 0 
_1.ptx 1345 : 4096 1076352 128 0 0 0 0 0 0 
_1.ptx 1346 : 4096 24576 0 0 0 0 0 0 0 
_1.ptx 1347 : 4096 34368 0 0 0 0 0 0 0 
_1.ptx 1348 : 4096 24576 0 0 0 0 0 0 0 
_1.ptx 1349 : 4096 64352 0 0 0 0 0 0 0 
_1.ptx 1350 : 4096 28672 0 0 0 0 0 0 0 
_1.ptx 1351 : 4096 1048384 128 0 0 0 0 0 0 
_1.ptx 1352 : 4096 28672 0 0 0 0 0 0 0 
_1.ptx 1353 : 4096 56576 0 0 0 0 0 0 0 
_1.ptx 1354 : 4096 47136 0 0 0 0 0 0 0 
_1.ptx 1355 : 4096 42720 0 0 0 0 0 0 0 
_1.ptx 1356 : 4096 33056 0 0 0 0 0 0 0 
_1.ptx 1357 : 4096 33664 0 0 0 0 0 0 0 
_1.ptx 1358 : 4096 35264 0 0 0 0 0 0 0 
_1.ptx 1359 : 4096 31360 0 0 0 0 0 0 0 
_1.ptx 1360 : 4096 33248 0 0 0 0 0 0 0 
_1.ptx 1361 : 4096 32192 0 0 0 0 0 0 0 
_1.ptx 1362 : 4096 35616 0 0 0 0 0 0 0 
_1.ptx 1365 : 4096 0 0 0 0 0 0 0 0 
_1.ptx 1366 : 4096 33728 0 0 0 0 0 0 0 
_1.ptx 1367 : 4096 30176 0 0 0 0 0 0 0 
_1.ptx 1368 : 4096 31584 0 0 0 0 0 0 0 
_1.ptx 1369 : 4096 26144 0 0 0 0 0 0 0 
_1.ptx 1370 : 4096 30304 0 0 0 0 0 0 0 
_1.ptx 1374 : 327680 1989728 0 0 0 0 0 0 0 
_1.ptx 1375 : 327680 30669824 1310720 0 0 0 0 0 0 
_1.ptx 1377 : 327680 1987648 0 0 0 0 0 0 0 
_1.ptx 1378 : 327680 31114272 1310720 0 0 0 0 0 0 
_1.ptx 1379 : 327680 3295136 0 0 0 0 0 0 0 
_1.ptx 1380 : 327680 3310176 0 0 0 0 0 0 0 
_1.ptx 1381 : 327680 3314560 0 0 0 0 0 0 0 
_1.ptx 1382 : 327680 2646944 0 0 0 0 0 0 0 
_1.ptx 1383 : 327680 1972640 0 0 0 0 0 0 0 
_1.ptx 1386 : 4096 0 0 0 0 0 0 0 0 
_1.ptx 1387 : 4096 29408 0 0 0 0 0 0 0 
_1.ptx 1388 : 4096 25856 0 0 0 0 0 0 0 
_1.ptx 1389 : 4096 29728 0 0 0 0 0 0 0 
_1.ptx 1393 : 163840 1710848 0 0 0 0 0 0 0 
_1.ptx 1394 : 163840 1233344 0 0 0 0 0 0 0 
_1.ptx 1395 : 163840 1378624 0 0 0 0 0 0 0 
_1.ptx 1396 : 163840 0 0 0 0 0 0 0 0 
_1.ptx 1397 : 163840 1864096 0 0 0 0 0 0 0 
_1.ptx 1398 : 163840 1731104 0 0 0 0 0 0 0 
_1.ptx 1399 : 163840 703808 0 0 0 0 0 0 0 
_1.ptx 1400 : 163840 2540448 0 0 0 0 0 0 0 
_1.ptx 1401 : 163840 1240224 0 0 0 0 0 0 0 
_1.ptx 1402 : 163840 2730400 0 0 0 0 0 0 0 
_1.ptx 1403 : 163840 1868288 0 0 0 0 0 0 0 
_1.ptx 1404 : 163840 1287168 0 0 0 0 0 0 0 
_1.ptx 1405 : 163840 1868608 0 0 0 0 0 0 0 
_1.ptx 1406 : 163840 1863776 0 0 0 0 0 0 0 
_1.ptx 1407 : 163840 49670784 655360 0 0 0 0 0 0 
_1.ptx 1408 : 163840 1867488 0 0 0 0 0 0 0 
_1.ptx 1409 : 163840 1260960 0 0 0 0 0 0 0 
_1.ptx 1410 : 163840 1172736 0 0 0 0 0 0 0 
_1.ptx 1411 : 163840 1273376 0 0 0 0 0 0 0 
_1.ptx 1415 : 9748480 110882880 0 0 0 0 0 0 0 
_1.ptx 1416 : 9748480 72811328 0 0 0 0 0 0 0 
_1.ptx 1417 : 9748480 116500896 0 0 0 0 0 0 0 
_1.ptx 1418 : 9748480 110138176 0 0 0 0 0 0 0 
_1.ptx 1419 : 9748480 41958880 512 0 0 0 0 0 0 
_1.ptx 1421 : 9748480 109920128 0 0 0 0 0 0 0 
_1.ptx 1422 : 9748480 2434151648 28940032 0 0 0 0 0 0 
_1.ptx 1423 : 9748480 110764576 0 0 0 0 0 0 0 
_1.ptx 1424 : 9748480 111068448 0 0 0 0 0 0 0 
_1.ptx 1425 : 9748480 73631264 0 0 0 0 0 0 0 
_1.ptx 1426 : 9748480 65582144 0 0 0 0 0 0 0 
_1.ptx 1427 : 9748480 149925792 0 0 0 0 0 0 0 
_1.ptx 1428 : 9748480 73033312 0 0 0 0 0 0 0 
_1.ptx 1429 : 9748480 468172640 0 0 0 0 0 0 0 
_1.ptx 1430 : 9748480 110895616 0 0 0 0 0 0 0 
_1.ptx 1432 : 9748480 111464576 0 0 0 0 0 0 0 
_1.ptx 1433 : 9748480 74318688 0 0 0 0 0 0 0 
_1.ptx 1434 : 9748480 75618240 0 0 0 0 0 0 0 
_1.ptx 1435 : 9748480 76167040 0 0 0 0 0 0 0 
_1.ptx 1436 : 9748480 69888800 0 0 0 0 0 0 0 
_1.ptx 1437 : 9748480 150440032 0 0 0 0 0 0 0 
_1.ptx 1438 : 9748480 148969184 0 0 0 0 0 0 0 
_1.ptx 1439 : 9748480 157954656 0 0 0 0 0 0 0 
_1.ptx 1440 : 9748480 73302144 0 0 0 0 0 0 0 
_1.ptx 1441 : 9748480 65079584 0 0 0 0 0 0 0 
_1.ptx 1442 : 9748480 112987584 0 0 0 0 0 0 0 
_1.ptx 1443 : 9748480 153772320 0 0 0 0 0 0 0 
_1.ptx 1444 : 9748480 111478080 0 0 0 0 0 0 0 
_1.ptx 1445 : 9748480 50381920 0 0 0 0 0 0 0 
_1.ptx 1446 : 9748480 101991104 0 0 0 0 0 0 0 
_1.ptx 1447 : 9748480 102915776 0 0 0 0 0 0 0 
_1.ptx 1448 : 9748480 82428672 0 0 0 0 0 0 0 
_1.ptx 1449 : 9748480 62214048 0 0 0 0 0 0 0 
_1.ptx 1451 : 163840 1241152 0 0 0 0 0 0 0 
_1.ptx 1452 : 163840 1387456 0 0 0 0 0 0 0 
_1.ptx 1453 : 163840 1037024 0 0 0 0 0 0 0 
_1.ptx 1456 : 4096 0 0 0 0 0 0 0 0 
_1.ptx 1457 : 4096 45792 0 0 0 0 0 0 0 
_1.ptx 1458 : 4096 29696 0 0 0 0 0 0 0 
_1.ptx 1459 : 4096 26784 0 0 0 0 0 0 0 
_1.ptx 1460 : 4096 29984 0 0 0 0 0 0 0 
_1.ptx 1461 : 4096 372704 0 0 0 0 0 0 0 
_1.ptx 1462 : 4096 46048 0 0 0 0 0 0 0 
_1.ptx 1463 : 4096 30592 0 0 0 0 0 0 0 
_1.ptx 1464 : 4096 30528 0 0 0 0 0 0 0 
_1.ptx 1465 : 4096 12288 0 0 0 0 0 0 0 
_1.ptx 1466 : 4096 26752 0 0 0 0 0 0 0 
_1.ptx 1467 : 4096 26976 0 0 0 0 0 0 0 
_1.ptx 1468 : 4096 30720 0 0 0 0 0 0 0 
_1.ptx 1472 : 163840 1180320 0 0 0 0 0 0 0 
_1.ptx 1473 : 163840 33930592 283904 0 0 0 0 0 0 
_1.ptx 1474 : 163840 1822464 0 0 0 0 0 0 0 
_1.ptx 1475 : 163840 1178048 0 0 0 0 0 0 0 
_1.ptx 1476 : 163840 1020800 0 0 0 0 0 0 0 
_1.ptx 1477 : 163840 2474080 0 0 0 0 0 0 0 
_1.ptx 1478 : 163840 73095392 0 0 0 0 0 0 0 
_1.ptx 1479 : 163840 1164192 0 0 0 0 0 0 0 
_1.ptx 1481 : 163840 1488672 0 0 0 0 0 0 0 
_1.ptx 1483 : 163840 834944 655360 0 0 0 0 0 0 
_1.ptx 1485 : 163840 822304 655360 0 0 0 0 0 0 
_1.ptx 1486 : 163840 1659648 0 0 0 0 0 0 0 
_1.ptx 1487 : 163840 1665440 0 0 0 0 0 0 0 
_1.ptx 1488 : 163840 1671008 0 0 0 0 0 0 0 
_1.ptx 1489 : 163840 1675040 0 0 0 0 0 0 0 
_1.ptx 1490 : 163840 1455488 0 0 0 0 0 0 0 
_1.ptx 1491 : 163840 984832 0 0 0 0 0 0 0 
_1.ptx 1493 : 4096 0 0 0 0 0 0 0 0 
_1.ptx 1494 : 4096 28832 0 0 0 0 0 0 0 
_1.ptx 1495 : 4096 28928 0 0 0 0 0 0 0 
_1.ptx 1496 : 4096 29376 0 0 0 0 0 0 0 
_1.ptx 1497 : 4096 25824 0 0 0 0 0 0 0 
_1.ptx 1498 : 4096 25216 0 0 0 0 0 0 0 
_1.ptx 1499 : 4096 29216 0 0 0 0 0 0 0 
_1.ptx 1503 : 61440 321952 128 0 0 0 0 0 0 
_1.ptx 1504 : 61440 432352 0 0 0 0 0 0 0 
_1.ptx 1505 : 61440 8852352 0 0 0 0 0 0 0 
_1.ptx 1506 : 61440 677344 0 0 0 0 0 0 0 
_1.ptx 1507 : 61440 4256032 29184 0 0 0 0 0 0 
_1.ptx 1508 : 61440 323008 128 0 0 0 0 0 0 
_1.ptx 1509 : 61440 677632 0 0 0 0 0 0 0 
_1.ptx 1510 : 61440 4442688 33792 0 0 0 0 0 0 
_1.ptx 1511 : 61440 554528 0 0 0 0 0 0 0 
_1.ptx 1512 : 61440 433504 0 0 0 0 0 0 0 
_1.ptx 1513 : 61440 373920 0 0 0 0 0 0 0 
_1.ptx 1514 : 61440 925600 0 0 0 0 0 0 0 
_1.ptx 1515 : 61440 436544 0 0 0 0 0 0 0 
_1.ptx 1517 : 61440 439840 0 0 0 0 0 0 0 
_1.ptx 1518 : 61440 444448 0 0 0 0 0 0 0 
_1.ptx 1519 : 61440 394400 0 0 0 0 0 0 0 
_1.ptx 1520 : 61440 990080 0 0 0 0 0 0 0 
_1.ptx 1521 : 61440 440192 0 0 0 0 0 0 0 
_1.ptx 1522 : 61440 378656 0 0 0 0 0 0 0 
_1.ptx 1523 : 61440 497152 0 0 0 0 0 0 0 
_1.ptx 1524 : 61440 557344 0 0 0 0 0 0 0 
_1.ptx 1525 : 61440 619616 0 0 0 0 0 0 0 
_1.ptx 1526 : 61440 623392 0 0 0 0 0 0 0 
_1.ptx 1527 : 61440 624384 0 0 0 0 0 0 0 
_1.ptx 1528 : 61440 494240 0 0 0 0 0 0 0 
_1.ptx 1529 : 61440 347776 0 0 0 0 0 0 0 
_1.ptx 1530 : 4096 24768 0 0 0 0 0 0 0 
_1.ptx 1534 : 4096 0 0 0 0 0 0 0 0 
_1.ptx 1535 : 4096 28800 0 0 0 0 0 0 0 
_1.ptx 1536 : 4096 24768 0 0 0 0 0 0 0 
_1.ptx 1537 : 4096 12288 0 0 0 0 0 0 0 
_1.ptx 1538 : 4096 24704 0 0 0 0 0 0 0 
_1.ptx 1539 : 4096 24896 0 0 0 0 0 0 0 
_1.ptx 1540 : 4096 29056 0 0 0 0 0 0 0 
_1.ptx 1544 : 163840 1157568 0 0 0 0 0 0 0 
_1.ptx 1545 : 163840 46351520 655360 0 0 0 0 0 0 
_1.ptx 1546 : 163840 1806144 0 0 0 0 0 0 0 
_1.ptx 1547 : 163840 1152384 0 0 0 0 0 0 0 
_1.ptx 1548 : 163840 989728 0 0 0 0 0 0 0 
_1.ptx 1549 : 163840 2461600 0 0 0 0 0 0 0 
_1.ptx 1550 : 163840 69885056 0 0 0 0 0 0 0 
_1.ptx 1551 : 163840 1151424 0 0 0 0 0 0 0 
_1.ptx 1552 : 163840 1644480 0 0 0 0 0 0 0 
_1.ptx 1553 : 163840 1644224 0 0 0 0 0 0 0 
_1.ptx 1554 : 163840 1316800 0 0 0 0 0 0 0 
_1.ptx 1555 : 163840 966784 0 0 0 0 0 0 0 
_1.ptx 1556 : 4096 24864 0 0 0 0 0 0 0 
_1.ptx 1561 : 4096 45248 0 0 0 0 0 0 0 
_1.ptx 1563 : 4096 20480 16384 0 0 128 128 0 0 
_1.ptx 1564 : 4096 45152 0 0 0 0 0 0 0 
_1.ptx 1565 : 4096 45120 0 0 0 0 0 0 0 
_1.ptx 1566 : 4096 24768 0 0 0 0 0 0 0 
_1.ptx 1567 : 4096 32768 0 0 0 0 0 0 0 
_1.ptx 1568 : 4096 0 0 0 0 0 0 0 0 
_1.ptx 1571 : 4096 24608 0 0 0 0 0 0 0 
