kernel line : count latency dram_traffic smem_bk_conflicts smem_warp gmem_access_generated gmem_warp exposed_latency warp_divergence
_1.ptx 409 : 4194304 46551840 0 0 0 0 0 0 0 
_1.ptx 410 : 4194304 121563296 10976000 0 0 262144 131072 0 0 
_1.ptx 412 : 4194304 71914272 0 0 0 0 0 0 0 
_1.ptx 413 : 4194304 46405536 0 0 0 0 0 0 0 
_1.ptx 414 : 4194304 131651296 10918528 0 0 262144 131072 0 0 
_1.ptx 416 : 4194304 77726656 0 0 0 0 0 0 0 
_1.ptx 417 : 4194304 46337024 0 0 0 0 0 0 0 
_1.ptx 418 : 4194304 146131104 11073472 0 0 262144 131072 0 0 
_1.ptx 420 : 4194304 83732352 0 0 0 0 0 0 0 
_1.ptx 421 : 4194304 46257344 0 0 0 0 0 0 0 
_1.ptx 422 : 4194304 164765376 11440576 0 0 262144 131072 0 0 
_1.ptx 424 : 4194304 25428960 0 0 0 0 0 0 0 
_1.ptx 453 : 4194304 27314560 0 0 0 0 0 0 0 
_1.ptx 454 : 4194304 50642048 0 0 0 0 0 0 0 
_1.ptx 455 : 4194304 57601920 0 0 0 0 0 0 0 
_1.ptx 456 : 4194304 28631328 0 0 0 0 0 0 0 
_1.ptx 457 : 4194304 64015328 0 0 0 0 0 0 0 
_1.ptx 458 : 4194304 29830592 0 0 0 0 0 0 0 
_1.ptx 459 : 4194304 30425728 0 0 0 0 0 0 0 
_1.ptx 460 : 4194304 49438496 0 0 0 0 0 0 0 
_1.ptx 461 : 4194304 53683808 0 0 0 0 0 0 0 
_1.ptx 462 : 4194304 49640992 0 0 0 0 0 0 0 
_1.ptx 463 : 4194304 36258560 0 0 0 0 0 0 0 
_1.ptx 464 : 4194304 36244480 0 0 0 0 0 0 0 
_1.ptx 465 : 4194304 52736064 0 0 0 0 0 0 0 
_1.ptx 466 : 4194304 49279168 0 0 0 0 0 0 0 
_1.ptx 467 : 4194304 51757632 0 0 0 0 0 0 0 
_1.ptx 468 : 4194304 30474720 0 0 0 0 0 0 0 
_1.ptx 469 : 4194304 49313760 0 0 0 0 0 0 0 
_1.ptx 470 : 4194304 49597760 0 0 0 0 0 0 0 
_1.ptx 471 : 4194304 34035552 0 0 0 0 0 0 0 
_1.ptx 472 : 4194304 49042976 0 0 0 0 0 0 0 
_1.ptx 473 : 4194304 66317248 0 0 0 0 0 0 0 
_1.ptx 474 : 4194304 47976736 0 0 0 0 0 0 0 
_1.ptx 475 : 4194304 1899082112 16777216 0 0 262144 131072 0 0 
_1.ptx 476 : 4194304 85719264 0 131072 131072 0 0 0 0 
_1.ptx 478 : 4194304 27387104 0 0 0 0 0 0 0 
_1.ptx 480 : 4194304 28904288 0 0 0 0 0 0 0 
_1.ptx 481 : 4194304 48823680 0 0 0 0 0 0 0 
_1.ptx 482 : 4194304 46380256 0 0 0 0 0 0 0 
_1.ptx 483 : 4194304 48168320 0 0 0 0 0 0 0 
_1.ptx 484 : 4194304 51928416 0 0 0 0 0 0 0 
_1.ptx 485 : 4194304 48706272 0 0 0 0 0 0 0 
_1.ptx 76 : 4194304 28289408 0 0 0 0 0 0 0 
_1.ptx 486 : 4194304 34123296 0 0 0 0 0 0 0 
_1.ptx 77 : 4194304 20713216 128 0 0 0 0 0 0 
_1.ptx 487 : 4194304 50639904 0 0 0 0 0 0 0 
_1.ptx 78 : 4194304 77627712 0 0 0 0 0 0 0 
_1.ptx 488 : 4194304 48496864 0 0 0 0 0 0 0 
_1.ptx 79 : 4194304 28580544 0 0 0 0 0 0 0 
_1.ptx 489 : 4194304 1370280480 1048576 0 0 131072 131072 0 0 
_1.ptx 80 : 4194304 32602816 0 0 0 0 0 0 0 
_1.ptx 490 : 4194304 55407200 0 131072 131072 0 0 0 0 
_1.ptx 81 : 4194304 33311936 0 0 0 0 0 0 0 
_1.ptx 491 : 4194304 28010944 0 0 0 0 0 0 0 
_1.ptx 82 : 4194304 49020512 0 0 0 0 0 0 0 
_1.ptx 492 : 4194304 44768576 0 0 0 0 0 0 0 
_1.ptx 83 : 4194304 77510496 0 0 0 0 0 0 0 
_1.ptx 493 : 4194304 36314848 0 0 0 0 0 0 0 
_1.ptx 84 : 4194304 35301248 0 0 0 0 0 0 0 
_1.ptx 494 : 4194304 28957760 0 0 0 0 0 0 0 
_1.ptx 85 : 4194304 35531680 0 0 0 0 0 0 0 
_1.ptx 86 : 4194304 89733088 0 0 0 0 0 0 0 
_1.ptx 496 : 32768 457120 0 0 0 0 0 0 0 
_1.ptx 87 : 4194304 48263968 0 0 0 0 0 0 0 
_1.ptx 497 : 32768 514336 0 0 0 0 0 0 0 
_1.ptx 88 : 4194304 86198112 0 0 0 0 0 0 0 
_1.ptx 498 : 32768 377376 0 0 0 0 0 0 0 
_1.ptx 89 : 4194304 30283424 0 0 0 0 0 0 0 
_1.ptx 499 : 32768 467744 0 0 0 0 0 0 0 
_1.ptx 90 : 4194304 48207680 0 0 0 0 0 0 0 
_1.ptx 500 : 32768 380192 0 0 0 0 0 0 0 
_1.ptx 91 : 4194304 20025632 0 0 0 0 0 0 0 
_1.ptx 501 : 32768 382752 0 0 0 0 0 0 0 
_1.ptx 92 : 4194304 48920096 0 0 0 0 0 0 0 
_1.ptx 502 : 32768 269120 0 0 0 0 0 0 0 
_1.ptx 93 : 4194304 50118144 0 0 0 0 0 0 0 
_1.ptx 503 : 32768 407744 0 0 0 0 0 0 0 
_1.ptx 94 : 4194304 38849088 0 0 0 0 0 0 0 
_1.ptx 504 : 32768 375936 0 0 0 0 0 0 0 
_1.ptx 95 : 4194304 74728928 0 0 0 0 0 0 0 
_1.ptx 505 : 32768 9680608 7552 0 0 1024 1024 0 0 
_1.ptx 96 : 4194304 48701824 0 0 0 0 0 0 0 
_1.ptx 506 : 32768 360096 0 1024 1024 0 0 0 0 
_1.ptx 97 : 4194304 567196640 11776 0 0 131072 131072 0 0 
_1.ptx 98 : 4194304 41036832 0 131072 131072 0 0 0 0 
_1.ptx 509 : 4194304 28789600 0 0 0 0 0 0 0 
_1.ptx 100 : 4194304 31315392 0 0 0 0 0 0 0 
_1.ptx 101 : 4194304 49126368 0 0 0 0 0 0 0 
_1.ptx 511 : 4194304 30006592 0 0 0 0 0 0 0 
_1.ptx 102 : 4194304 49361536 0 0 0 0 0 0 0 
_1.ptx 512 : 4194304 50385920 0 0 0 0 0 0 0 
_1.ptx 103 : 4194304 63816736 0 0 0 0 0 0 0 
_1.ptx 513 : 4194304 41279008 0 0 0 0 0 0 0 
_1.ptx 104 : 4194304 49253984 0 0 0 0 0 0 0 
_1.ptx 514 : 4194304 56465760 0 0 0 0 0 0 0 
_1.ptx 105 : 4194304 36057504 0 0 0 0 0 0 0 
_1.ptx 515 : 4194304 48397088 0 0 0 0 0 0 0 
_1.ptx 106 : 4194304 68660672 0 0 0 0 0 0 0 
_1.ptx 516 : 4194304 1897367648 16941184 0 0 262144 131072 0 0 
_1.ptx 107 : 4194304 48295360 0 0 0 0 0 0 0 
_1.ptx 517 : 4194304 86283008 0 131072 131072 0 0 0 0 
_1.ptx 108 : 4194304 1050249056 1048576 0 0 131072 131072 0 0 
_1.ptx 518 : 4194304 27527744 0 0 0 0 0 0 0 
_1.ptx 109 : 4194304 41364928 0 131072 131072 0 0 0 0 
_1.ptx 519 : 4194304 44135808 0 0 0 0 0 0 0 
_1.ptx 110 : 4194304 28814048 0 0 0 0 0 0 0 
_1.ptx 520 : 4194304 35529152 0 0 0 0 0 0 0 
_1.ptx 111 : 4194304 36144608 0 0 0 0 0 0 0 
_1.ptx 521 : 4194304 27517248 0 0 0 0 0 0 0 
_1.ptx 112 : 4194304 28779584 0 0 0 0 0 0 0 
_1.ptx 523 : 32768 379680 0 0 0 0 0 0 0 
_1.ptx 114 : 32768 495648 0 0 0 0 0 0 0 
_1.ptx 524 : 32768 358144 0 0 0 0 0 0 0 
_1.ptx 115 : 32768 383200 0 0 0 0 0 0 0 
_1.ptx 525 : 32768 373536 0 0 0 0 0 0 0 
_1.ptx 116 : 32768 273568 0 0 0 0 0 0 0 
_1.ptx 526 : 32768 249088 0 0 0 0 0 0 0 
_1.ptx 117 : 32768 532704 0 0 0 0 0 0 0 
_1.ptx 527 : 32768 352640 0 0 0 0 0 0 0 
_1.ptx 118 : 32768 375744 0 0 0 0 0 0 0 
_1.ptx 528 : 32768 371744 0 0 0 0 0 0 0 
_1.ptx 119 : 32768 7516896 7936 0 0 1024 1024 0 0 
_1.ptx 529 : 32768 10961792 768 0 0 2048 1024 0 0 
_1.ptx 120 : 32768 201280 0 1024 1024 0 0 0 0 
_1.ptx 530 : 32768 674752 0 1024 1024 0 0 0 0 
_1.ptx 121 : 32768 203328 0 0 0 0 0 0 0 
_1.ptx 123 : 4161536 28421408 0 0 0 0 0 0 0 
_1.ptx 533 : 4194304 27808512 0 0 0 0 0 0 0 
_1.ptx 124 : 4161536 44051680 0 0 0 0 0 0 0 
_1.ptx 125 : 4161536 35278880 0 0 0 0 0 0 0 
_1.ptx 535 : 4194304 28893920 0 0 0 0 0 0 0 
_1.ptx 126 : 4161536 27908032 0 0 0 0 0 0 0 
_1.ptx 536 : 4194304 48616448 0 0 0 0 0 0 0 
_1.ptx 537 : 4194304 49898912 0 0 0 0 0 0 0 
_1.ptx 128 : 32768 590880 0 0 0 0 0 0 0 
_1.ptx 538 : 4194304 934790400 60800 0 0 262144 131072 0 0 
_1.ptx 129 : 32768 651328 0 0 0 0 0 0 0 
_1.ptx 539 : 4194304 69026976 0 131072 131072 0 0 0 0 
_1.ptx 130 : 32768 377824 0 0 0 0 0 0 0 
_1.ptx 131 : 32768 653152 0 0 0 0 0 0 0 
_1.ptx 541 : 4194304 27347168 0 0 0 0 0 0 0 
_1.ptx 132 : 32768 375840 0 0 0 0 0 0 0 
_1.ptx 133 : 32768 376704 0 0 0 0 0 0 0 
_1.ptx 543 : 4194304 61790048 0 131072 131072 0 0 0 0 
_1.ptx 134 : 32768 263552 0 0 0 0 0 0 0 
_1.ptx 544 : 4194304 28258528 0 0 0 0 0 0 0 
_1.ptx 135 : 32768 612032 0 0 0 0 0 0 0 
_1.ptx 545 : 4194304 36610848 0 0 0 0 0 0 0 
_1.ptx 136 : 32768 373184 0 0 0 0 0 0 0 
_1.ptx 546 : 4194304 30083040 0 0 0 0 0 0 0 
_1.ptx 137 : 32768 6586208 8064 0 0 1024 1024 0 0 
_1.ptx 547 : 4194304 36922944 0 0 0 0 0 0 0 
_1.ptx 138 : 32768 362368 0 1024 1024 0 0 0 0 
_1.ptx 548 : 4194304 34158976 0 0 0 0 0 0 0 
_1.ptx 549 : 4194304 33706272 0 0 0 0 0 0 0 
_1.ptx 550 : 4194304 36731904 0 0 0 0 0 0 0 
_1.ptx 551 : 4194304 30132576 0 0 0 0 0 0 0 
_1.ptx 142 : 4194304 28808224 0 0 0 0 0 0 0 
_1.ptx 552 : 4194304 36036640 0 0 0 0 0 0 0 
_1.ptx 553 : 4194304 28299059 0 0 0 0 0 0 16384 
_1.ptx 144 : 4194304 67812544 0 0 0 0 0 0 0 
_1.ptx 145 : 4194304 50617056 0 0 0 0 0 0 0 
_1.ptx 555 : 16384 489054 0 16384 16384 0 0 0 0 
_1.ptx 146 : 4194304 33203008 0 0 0 0 0 0 0 
_1.ptx 147 : 4194304 50518112 0 0 0 0 0 0 0 
_1.ptx 557 : 16384 422661 0 16384 16384 0 0 0 0 
_1.ptx 148 : 4194304 37725024 0 0 0 0 0 0 0 
_1.ptx 558 : 16384 113194 0 0 0 0 0 0 0 
_1.ptx 149 : 4194304 73966656 0 0 0 0 0 0 0 
_1.ptx 150 : 4194304 48133408 0 0 0 0 0 0 0 
_1.ptx 560 : 4177920 25836420 0 0 0 0 0 0 131072 
_1.ptx 151 : 4194304 1527234176 14713472 0 0 262144 131072 0 0 
_1.ptx 152 : 4194304 85992192 0 131072 131072 0 0 0 0 
_1.ptx 562 : 245760 4304257 0 131072 131072 0 0 0 0 
_1.ptx 154 : 4194304 26184928 0 0 0 0 0 0 0 
_1.ptx 564 : 245760 4056416 0 131072 131072 0 0 0 0 
_1.ptx 155 : 4194304 46764576 0 0 0 0 0 0 0 
_1.ptx 565 : 245760 1619559 0 0 0 0 0 0 0 
_1.ptx 156 : 4194304 990498880 2450560 0 0 262144 131072 0 0 
_1.ptx 157 : 4194304 66177024 0 131072 131072 0 0 0 0 
_1.ptx 567 : 3932160 23905785 0 0 0 0 0 0 16384 
_1.ptx 158 : 4194304 26640512 0 0 0 0 0 0 0 
_1.ptx 159 : 4194304 34585088 0 0 0 0 0 0 0 
_1.ptx 569 : 245760 3513030 0 16384 16384 0 0 0 0 
_1.ptx 160 : 4194304 26300896 0 0 0 0 0 0 0 
_1.ptx 570 : 245760 1623240 0 0 0 0 0 0 0 
_1.ptx 162 : 32768 341440 0 0 0 0 0 0 0 
_1.ptx 163 : 32768 367680 0 0 0 0 0 0 0 
_1.ptx 573 : 3686400 59573775 0 131072 131072 0 0 0 0 
_1.ptx 164 : 32768 242048 0 0 0 0 0 0 0 
_1.ptx 165 : 32768 343840 0 0 0 0 0 0 0 
_1.ptx 575 : 3932160 58501230 0 131072 131072 0 0 0 0 
_1.ptx 166 : 32768 367808 0 0 0 0 0 0 0 
_1.ptx 167 : 32768 3422592 0 0 0 2048 1024 0 0 
_1.ptx 168 : 32768 370880 0 1024 1024 0 0 0 0 
_1.ptx 169 : 32768 210944 0 0 0 0 0 0 0 
_1.ptx 579 : 4194304 69125472 0 0 0 0 0 0 0 
_1.ptx 580 : 4194304 47819712 0 0 0 0 0 0 0 
_1.ptx 171 : 4161536 26461728 0 0 0 0 0 0 0 
_1.ptx 581 : 4194304 1811179392 16777728 0 0 262144 131072 0 0 
_1.ptx 172 : 4161536 43060352 0 0 0 0 0 0 0 
_1.ptx 582 : 4194304 47292256 0 0 0 0 0 0 0 
_1.ptx 173 : 4161536 34545120 0 0 0 0 0 0 0 
_1.ptx 583 : 4194304 94474368 0 0 0 0 0 0 0 
_1.ptx 174 : 4161536 26534368 0 0 0 0 0 0 0 
_1.ptx 584 : 4194304 47656192 0 0 0 0 0 0 0 
_1.ptx 585 : 4194304 1855083200 16777216 0 0 262144 131072 0 0 
_1.ptx 176 : 32768 370304 0 0 0 0 0 0 0 
_1.ptx 586 : 4194304 38966496 0 0 0 0 0 0 0 
_1.ptx 177 : 32768 348736 0 0 0 0 0 0 0 
_1.ptx 587 : 4194304 93409152 0 0 0 0 0 0 0 
_1.ptx 178 : 32768 369760 0 0 0 0 0 0 0 
_1.ptx 588 : 4194304 47778496 0 0 0 0 0 0 0 
_1.ptx 179 : 32768 246624 0 0 0 0 0 0 0 
_1.ptx 589 : 4194304 1859903776 16777216 0 0 262144 131072 0 0 
_1.ptx 180 : 32768 348128 0 0 0 0 0 0 0 
_1.ptx 590 : 4194304 39171936 0 0 0 0 0 0 0 
_1.ptx 181 : 32768 369312 0 0 0 0 0 0 0 
_1.ptx 591 : 4194304 88843584 0 0 0 0 0 0 0 
_1.ptx 182 : 32768 3629088 0 0 0 2048 1024 0 0 
_1.ptx 592 : 4194304 48030304 0 0 0 0 0 0 0 
_1.ptx 183 : 32768 377216 0 1024 1024 0 0 0 0 
_1.ptx 593 : 4194304 1854267520 16777216 0 0 262144 131072 0 0 
_1.ptx 594 : 4194304 39512960 0 0 0 0 0 0 0 
_1.ptx 596 : 4194304 28206912 0 0 0 0 0 0 0 
_1.ptx 187 : 4194304 26851936 0 0 0 0 0 0 0 
_1.ptx 597 : 4194304 48120064 0 0 0 0 0 0 0 
_1.ptx 598 : 4194304 99843136 0 131072 131072 0 0 0 0 
_1.ptx 189 : 4194304 29225728 0 0 0 0 0 0 0 
_1.ptx 599 : 4194304 32281184 0 0 0 0 0 0 0 
_1.ptx 190 : 4194304 49096608 0 0 0 0 0 0 0 
_1.ptx 600 : 4194304 33478944 0 0 0 0 0 0 0 
_1.ptx 191 : 4194304 50221856 0 0 0 0 0 0 0 
_1.ptx 601 : 4194304 75796768 0 0 0 0 0 0 0 
_1.ptx 192 : 4194304 35447232 0 0 0 0 0 0 0 
_1.ptx 602 : 4194304 33060224 0 0 0 0 0 0 0 
_1.ptx 193 : 4194304 52301248 0 0 0 0 0 0 0 
_1.ptx 603 : 4194304 30044608 0 0 0 0 0 0 0 
_1.ptx 194 : 4194304 48471648 0 0 0 0 0 0 0 
_1.ptx 604 : 4194304 67745344 0 0 0 0 0 0 0 
_1.ptx 195 : 4194304 730302368 0 0 0 262144 131072 0 0 
_1.ptx 605 : 4194304 71125280 0 0 0 0 0 0 0 
_1.ptx 196 : 4194304 40038816 0 131072 131072 0 0 0 0 
_1.ptx 606 : 4194304 34772256 0 0 0 0 0 0 0 
_1.ptx 607 : 4194304 81423072 0 131072 131072 0 0 0 0 
_1.ptx 198 : 4194304 27580800 0 0 0 0 0 0 0 
_1.ptx 609 : 4194304 28917536 0 0 0 0 0 0 0 
_1.ptx 200 : 4194304 40898752 0 131072 131072 0 0 0 0 
_1.ptx 201 : 4194304 27737920 0 0 0 0 0 0 0 
_1.ptx 611 : 4194304 62875776 0 131072 131072 0 0 0 0 
_1.ptx 202 : 4194304 36573792 0 0 0 0 0 0 0 
_1.ptx 612 : 4194304 80104192 1431808 0 0 262144 131072 0 0 
_1.ptx 203 : 4194304 29313568 0 0 0 0 0 0 0 
_1.ptx 204 : 4194304 36413248 0 0 0 0 0 0 0 
_1.ptx 614 : 4194304 27710208 0 0 0 0 0 0 0 
_1.ptx 205 : 4194304 33880960 0 0 0 0 0 0 0 
_1.ptx 206 : 4194304 32900480 0 0 0 0 0 0 0 
_1.ptx 207 : 4194304 35792384 0 0 0 0 0 0 0 
_1.ptx 208 : 4194304 28777472 0 0 0 0 0 0 0 
_1.ptx 209 : 4194304 35600032 0 0 0 0 0 0 0 
_1.ptx 210 : 4194304 28377154 0 0 0 0 0 0 16384 
_1.ptx 212 : 16384 137799 0 16384 16384 0 0 0 0 
_1.ptx 213 : 16384 255509 0 0 0 0 0 0 0 
_1.ptx 215 : 16384 139568 0 16384 16384 0 0 0 0 
_1.ptx 216 : 16384 260169 0 0 0 0 0 0 0 
_1.ptx 218 : 16384 138793 0 16384 16384 0 0 0 0 
_1.ptx 219 : 16384 261733 0 0 0 0 0 0 0 
_1.ptx 221 : 16384 138539 0 16384 16384 0 0 0 0 
_1.ptx 222 : 16384 263627 0 0 0 0 0 0 0 
_1.ptx 223 : 16384 204314 0 0 0 0 0 0 0 
_1.ptx 225 : 4177920 28106304 0 0 0 0 0 0 0 
_1.ptx 226 : 4177920 35372581 0 0 0 0 0 0 0 
_1.ptx 227 : 4177920 32256469 0 0 0 0 0 0 0 
_1.ptx 228 : 4177920 35417029 0 0 0 0 0 0 0 
_1.ptx 229 : 4177920 28638824 0 0 0 0 0 0 0 
_1.ptx 230 : 4177920 35466236 0 0 0 0 0 0 0 
_1.ptx 231 : 4177920 28200308 0 0 0 0 0 0 16384 
_1.ptx 233 : 16384 139250 0 16384 16384 0 0 0 0 
_1.ptx 234 : 16384 210027 0 0 0 0 0 0 0 
_1.ptx 236 : 16384 141128 0 16384 16384 0 0 0 0 
_1.ptx 237 : 16384 220553 0 0 0 0 0 0 0 
_1.ptx 239 : 16384 141669 0 16384 16384 0 0 0 0 
_1.ptx 240 : 16384 232361 0 0 0 0 0 0 0 
_1.ptx 242 : 16384 141762 0 16384 16384 0 0 0 0 
_1.ptx 243 : 16384 248077 0 0 0 0 0 0 0 
_1.ptx 244 : 16384 189929 0 0 0 0 0 0 0 
_1.ptx 246 : 4161536 27898566 0 0 0 0 0 0 0 
_1.ptx 247 : 4161536 35091798 0 0 0 0 0 0 0 
_1.ptx 248 : 4161536 32467168 0 0 0 0 0 0 0 
_1.ptx 249 : 4161536 35181690 0 0 0 0 0 0 0 
_1.ptx 250 : 4161536 28757220 0 0 0 0 0 0 0 
_1.ptx 251 : 4161536 35553308 0 0 0 0 0 0 0 
_1.ptx 252 : 4161536 28094773 0 0 0 0 0 0 16384 
_1.ptx 254 : 16384 138918 0 16384 16384 0 0 0 0 
_1.ptx 255 : 16384 255709 0 0 0 0 0 0 0 
_1.ptx 257 : 16384 140040 0 16384 16384 0 0 0 0 
_1.ptx 258 : 16384 257117 0 0 0 0 0 0 0 
_1.ptx 260 : 16384 140562 0 16384 16384 0 0 0 0 
_1.ptx 261 : 16384 259824 0 0 0 0 0 0 0 
_1.ptx 263 : 16384 140535 0 16384 16384 0 0 0 0 
_1.ptx 264 : 16384 261474 0 0 0 0 0 0 0 
_1.ptx 265 : 16384 193415 0 0 0 0 0 0 0 
_1.ptx 267 : 4145152 35816801 0 0 0 0 0 0 0 
_1.ptx 268 : 4145152 28656087 0 0 0 0 0 0 0 
_1.ptx 269 : 4145152 34880393 0 0 0 0 0 0 0 
_1.ptx 270 : 4145152 28216886 0 0 0 0 0 0 16384 
_1.ptx 272 : 16384 137525 0 16384 16384 0 0 0 0 
_1.ptx 273 : 16384 208915 0 0 0 0 0 0 0 
_1.ptx 275 : 16384 143556 0 16384 16384 0 0 0 0 
_1.ptx 276 : 16384 217733 0 0 0 0 0 0 0 
_1.ptx 278 : 16384 138974 0 16384 16384 0 0 0 0 
_1.ptx 279 : 16384 229530 0 0 0 0 0 0 0 
_1.ptx 281 : 16384 140649 0 16384 16384 0 0 0 0 
_1.ptx 282 : 16384 238998 0 0 0 0 0 0 0 
_1.ptx 283 : 16384 176031 0 0 0 0 0 0 0 
_1.ptx 285 : 4128768 25123912 0 0 0 0 0 0 16384 
_1.ptx 287 : 229376 1951880 0 16384 16384 0 0 0 0 
_1.ptx 288 : 229376 2751490 0 0 0 0 0 0 0 
_1.ptx 290 : 229376 1935416 0 16384 16384 0 0 0 0 
_1.ptx 291 : 229376 2770726 0 0 0 0 0 0 0 
_1.ptx 293 : 229376 1928780 0 16384 16384 0 0 0 0 
_1.ptx 294 : 229376 2819110 0 0 0 0 0 0 0 
_1.ptx 296 : 229376 1917650 0 16384 16384 0 0 0 0 
_1.ptx 297 : 229376 2881228 0 0 0 0 0 0 0 
_1.ptx 298 : 229376 1830976 0 0 0 0 0 0 0 
_1.ptx 300 : 3899392 23784458 0 0 0 0 0 0 131072 
_1.ptx 302 : 229376 1984095 0 131072 131072 0 0 0 0 
_1.ptx 303 : 229376 2653792 0 0 0 0 0 0 0 
_1.ptx 305 : 229376 2012717 0 131072 131072 0 0 0 0 
_1.ptx 306 : 229376 2672033 0 0 0 0 0 0 0 
_1.ptx 308 : 229376 1994729 0 131072 131072 0 0 0 0 
_1.ptx 309 : 229376 2687162 0 0 0 0 0 0 0 
_1.ptx 310 : 229376 1712603 0 0 0 0 0 0 0 
_1.ptx 312 : 3670016 22324545 0 0 0 0 0 0 16384 
_1.ptx 314 : 229376 1922844 0 16384 16384 0 0 0 0 
_1.ptx 315 : 229376 2640246 0 0 0 0 0 0 0 
_1.ptx 317 : 229376 2015300 0 16384 16384 0 0 0 0 
_1.ptx 318 : 229376 2671172 0 0 0 0 0 0 0 
_1.ptx 319 : 229376 1564486 0 0 0 0 0 0 0 
_1.ptx 321 : 3440640 20963670 0 0 0 0 0 0 131072 
_1.ptx 323 : 229376 1904615 0 131072 131072 0 0 0 0 
_1.ptx 324 : 229376 2624125 0 0 0 0 0 0 0 
_1.ptx 325 : 229376 1569560 0 0 0 0 0 0 0 
_1.ptx 328 : 3211264 27471290 0 131072 131072 0 0 0 0 
_1.ptx 329 : 3211264 36859410 0 0 0 0 0 0 0 
_1.ptx 331 : 3440640 29637000 0 131072 131072 0 0 0 0 
_1.ptx 332 : 3440640 39439185 0 0 0 0 0 0 0 
_1.ptx 334 : 3670016 32023340 0 131072 131072 0 0 0 0 
_1.ptx 335 : 3670016 42280111 0 0 0 0 0 0 0 
_1.ptx 337 : 3899392 33470852 0 131072 131072 0 0 0 0 
_1.ptx 338 : 3899392 46375898 0 0 0 0 0 0 0 
_1.ptx 345 : 4194304 54477248 0 0 0 0 0 0 0 
_1.ptx 346 : 4194304 54478272 0 0 0 0 0 0 0 
_1.ptx 347 : 4194304 54731712 0 0 0 0 0 0 0 
_1.ptx 348 : 4194304 291297568 0 0 0 0 0 0 0 
_1.ptx 349 : 4194304 41536608 0 0 0 0 0 0 0 
_1.ptx 350 : 4194304 52886432 0 0 0 0 0 0 0 
_1.ptx 351 : 4194304 51166592 0 0 0 0 0 0 0 
_1.ptx 352 : 4194304 88512800 0 0 0 0 0 0 0 
_1.ptx 353 : 4194304 53080224 0 0 0 0 0 0 0 
_1.ptx 354 : 4194304 13533120 0 0 0 0 0 0 0 
_1.ptx 355 : 4194304 92263872 0 0 0 0 0 0 0 
_1.ptx 356 : 4194304 53519680 0 0 0 0 0 0 0 
_1.ptx 357 : 4194304 51800256 0 0 0 0 0 0 0 
_1.ptx 358 : 4194304 113912544 0 0 0 0 0 0 0 
_1.ptx 359 : 4194304 114035456 0 0 0 0 0 0 0 
_1.ptx 360 : 4194304 55379456 0 0 0 0 0 0 0 
_1.ptx 361 : 4194304 56280608 0 0 0 0 0 0 0 
_1.ptx 362 : 4194304 56149216 0 0 0 0 0 0 0 
_1.ptx 363 : 4194304 98936288 0 0 0 0 0 0 0 
_1.ptx 364 : 4194304 298441984 0 0 0 0 0 0 0 
_1.ptx 365 : 4194304 55840256 0 0 0 0 0 0 0 
_1.ptx 366 : 4194304 53360640 0 0 0 0 0 0 0 
_1.ptx 367 : 4194304 121577856 0 0 0 0 0 0 0 
_1.ptx 368 : 4194304 85039488 0 0 0 0 0 0 0 
_1.ptx 369 : 4194304 53143104 0 0 0 0 0 0 0 
_1.ptx 370 : 4194304 105712672 0 0 0 0 0 0 0 
_1.ptx 371 : 4194304 300152160 0 0 0 0 0 0 0 
_1.ptx 372 : 4194304 63497728 0 0 0 0 0 0 0 
_1.ptx 373 : 4194304 47653312 0 0 0 0 0 0 0 
_1.ptx 374 : 4194304 62662272 0 0 0 0 0 0 0 
_1.ptx 375 : 4194304 83457536 0 0 0 0 0 0 0 
_1.ptx 376 : 4194304 295112096 0 0 0 0 0 0 0 
_1.ptx 378 : 4194304 50343712 0 0 0 0 0 0 0 
_1.ptx 379 : 4194304 47699584 0 0 0 0 0 0 0 
_1.ptx 380 : 4194304 79982016 0 0 0 0 0 0 0 
_1.ptx 381 : 4194304 166563520 0 0 0 0 0 0 0 
_1.ptx 382 : 4194304 46237952 0 0 0 0 0 0 0 
_1.ptx 383 : 4194304 43403616 0 0 0 0 0 0 0 
_1.ptx 384 : 4194304 59453600 0 0 0 0 0 0 0 
_1.ptx 385 : 4194304 42226432 0 0 0 0 0 0 0 
_1.ptx 386 : 4194304 45723520 0 0 0 0 0 0 0 
_1.ptx 387 : 4194304 39870560 0 0 0 0 0 0 0 
_1.ptx 394 : 4194304 39736064 0 0 0 0 0 0 0 
_1.ptx 395 : 4194304 39599808 0 0 0 0 0 0 0 
_1.ptx 396 : 4194304 44520288 0 0 0 0 0 0 0 
_1.ptx 397 : 4194304 46854528 0 0 0 0 0 0 0 
_1.ptx 398 : 4194304 25425664 0 131072 131072 0 0 0 0 
_1.ptx 401 : 4194304 38451616 0 0 0 0 0 0 0 
_1.ptx 403 : 4194304 58817120 0 131072 131072 0 0 0 0 
_1.ptx 404 : 4194304 47413984 0 0 0 0 0 0 0 
_1.ptx 405 : 4194304 46788704 0 0 0 0 0 0 0 
_1.ptx 406 : 4194304 112814976 10700416 0 0 262144 131072 0 0 
_1.ptx 408 : 4194304 60320544 0 0 0 0 0 0 0 
