kernel line : count latency dram_traffic smem_bk_conflicts smem_warp gmem_access_generated gmem_warp exposed_latency warp_divergence
_1.ptx 77 : 65792 407648 0 0 0 0 0 0 0 
_1.ptx 78 : 65792 412128 0 0 0 0 0 0 0 
_1.ptx 79 : 65792 409312 0 0 0 0 0 0 0 
_1.ptx 80 : 65792 413056 0 0 0 0 0 0 0 
_1.ptx 81 : 65792 406496 0 0 0 0 0 0 0 
_1.ptx 83 : 65792 412000 0 0 0 0 0 0 0 
_1.ptx 84 : 65792 751936 0 0 0 0 0 0 0 
_1.ptx 85 : 65792 403936 0 0 0 0 0 0 0 
_1.ptx 86 : 65792 477920 0 0 0 0 0 0 0 
_1.ptx 87 : 65792 804992 0 0 0 0 0 0 0 
_1.ptx 88 : 65792 731456 0 0 0 0 0 0 0 
_1.ptx 89 : 65792 738560 0 0 0 0 0 0 0 
_1.ptx 90 : 65792 478080 0 0 0 0 0 0 0 
_1.ptx 91 : 65792 716000 0 0 0 0 0 0 0 
_1.ptx 92 : 65792 2381248 128 0 0 0 0 0 0 
_1.ptx 93 : 65792 733248 0 0 0 0 0 0 0 
_1.ptx 94 : 65792 19646336 263168 0 0 2056 2056 0 0 
_1.ptx 95 : 65792 1242752 0 2056 2056 0 0 0 0 
_1.ptx 97 : 65792 409344 0 0 0 0 0 0 0 
_1.ptx 98 : 65792 734752 0 0 0 0 0 0 0 
_1.ptx 99 : 65792 3049056 1024 0 0 0 0 0 0 
_1.ptx 100 : 65792 732032 0 0 0 0 0 0 0 
_1.ptx 101 : 65792 1964480 0 2056 2056 0 0 0 0 
_1.ptx 103 : 65792 409312 0 0 0 0 0 0 0 
_1.ptx 104 : 65792 736960 0 0 0 0 0 0 0 
_1.ptx 105 : 65792 2791328 1024 0 0 0 0 0 0 
_1.ptx 106 : 65792 735520 0 0 0 0 0 0 0 
_1.ptx 107 : 65792 1547360 0 2056 2056 0 0 0 0 
_1.ptx 109 : 65792 408384 0 0 0 0 0 0 0 
_1.ptx 110 : 65792 734368 0 0 0 0 0 0 0 
_1.ptx 111 : 65792 2361632 1024 0 0 0 0 0 0 
_1.ptx 112 : 65792 735808 0 0 0 0 0 0 0 
_1.ptx 113 : 65792 1123904 0 2056 2056 0 0 0 0 
_1.ptx 115 : 65792 408288 0 0 0 0 0 0 0 
_1.ptx 116 : 65792 736672 0 0 0 0 0 0 0 
_1.ptx 117 : 65792 2133952 1024 0 0 0 0 0 0 
_1.ptx 118 : 65792 734688 0 0 0 0 0 0 0 
_1.ptx 119 : 65792 755904 0 2056 2056 0 0 0 0 
_1.ptx 121 : 65792 406304 0 0 0 0 0 0 0 
_1.ptx 122 : 65792 427232 0 0 0 0 0 0 0 
_1.ptx 124 : 65792 484000 0 0 0 0 0 0 0 
_1.ptx 125 : 65792 487648 0 0 0 0 0 0 0 
_1.ptx 126 : 65792 431072 0 0 0 0 0 0 0 
_1.ptx 127 : 65792 489472 0 0 0 0 0 0 0 
_1.ptx 128 : 65792 426816 0 0 0 0 0 0 0 
_1.ptx 129 : 65792 495520 0 0 0 0 0 0 0 
_1.ptx 130 : 65792 420448 0 0 0 0 0 0 0 
_1.ptx 131 : 65792 490976 0 0 0 0 0 0 0 
_1.ptx 132 : 65792 1767008 128 0 0 0 0 0 0 
_1.ptx 133 : 65792 501760 0 0 0 0 0 0 0 
_1.ptx 135 : 65792 756608 0 0 0 0 0 0 0 
_1.ptx 136 : 65792 632800 0 2056 2056 0 0 0 0 
_1.ptx 137 : 65792 562880 0 0 0 0 0 0 0 
_1.ptx 138 : 65792 383680 0 2056 2056 0 0 0 0 
_1.ptx 140 : 65792 414720 0 0 0 0 0 0 0 
_1.ptx 142 : 65792 507232 0 0 0 0 0 0 0 
_1.ptx 143 : 65792 1024640 0 0 0 0 0 0 0 
_1.ptx 144 : 65792 1262048 0 0 0 0 0 0 0 
_1.ptx 145 : 65792 494944 0 0 0 0 0 0 0 
_1.ptx 146 : 65792 440064 0 0 0 0 0 0 0 
_1.ptx 147 : 65792 744000 0 0 0 0 0 0 0 
_1.ptx 148 : 65792 2066048 128 0 0 0 0 0 0 
_1.ptx 149 : 65792 736000 0 0 0 0 0 0 0 
_1.ptx 150 : 65792 484128 0 0 0 0 0 0 0 
_1.ptx 151 : 65792 1004160 0 0 0 0 0 0 0 
_1.ptx 152 : 65792 736800 0 0 0 0 0 0 0 
_1.ptx 153 : 65792 558496 0 2056 2056 0 0 0 0 
_1.ptx 154 : 65792 494720 0 0 0 0 0 0 0 
_1.ptx 155 : 65792 719904 0 0 0 0 0 0 0 
_1.ptx 156 : 65792 748224 0 0 0 0 0 0 0 
_1.ptx 157 : 65792 583232 0 2443 2056 0 0 0 0 
_1.ptx 159 : 65792 311264 0 0 0 0 0 0 0 
_1.ptx 160 : 65792 737632 0 0 0 0 0 0 0 
_1.ptx 161 : 65792 500928 0 0 0 0 0 0 0 
_1.ptx 162 : 65792 727968 0 0 0 0 0 0 0 
_1.ptx 163 : 65792 740480 0 0 0 0 0 0 0 
_1.ptx 164 : 65792 565888 0 2056 2056 0 0 0 0 
_1.ptx 165 : 65792 487232 0 0 0 0 0 0 0 
_1.ptx 166 : 65792 726656 0 0 0 0 0 0 0 
_1.ptx 167 : 65792 734848 0 0 0 0 0 0 0 
_1.ptx 168 : 65792 590624 0 2659 2056 0 0 0 0 
_1.ptx 170 : 65792 311264 0 0 0 0 0 0 0 
_1.ptx 171 : 65792 732320 0 0 0 0 0 0 0 
_1.ptx 172 : 65792 489184 0 0 0 0 0 0 0 
_1.ptx 173 : 65792 763616 0 0 0 0 0 0 0 
_1.ptx 174 : 65792 739136 0 0 0 0 0 0 0 
_1.ptx 175 : 65792 565312 0 2056 2056 0 0 0 0 
_1.ptx 176 : 65792 493696 0 0 0 0 0 0 0 
_1.ptx 177 : 65792 755136 0 0 0 0 0 0 0 
_1.ptx 178 : 65792 739232 0 0 0 0 0 0 0 
_1.ptx 179 : 65792 587936 0 2618 2056 0 0 0 0 
_1.ptx 181 : 65792 315552 0 0 0 0 0 0 0 
_1.ptx 182 : 65792 736096 0 0 0 0 0 0 0 
_1.ptx 183 : 65792 492736 0 0 0 0 0 0 0 
_1.ptx 184 : 65792 721504 0 0 0 0 0 0 0 
_1.ptx 185 : 65792 735296 0 0 0 0 0 0 0 
_1.ptx 186 : 65792 542368 0 2056 2056 0 0 0 0 
_1.ptx 187 : 65792 468032 0 0 0 0 0 0 0 
_1.ptx 188 : 65792 1063936 0 0 0 0 0 0 0 
_1.ptx 189 : 65792 740160 0 0 0 0 0 0 0 
_1.ptx 190 : 65792 604576 0 2658 2056 0 0 0 0 
_1.ptx 192 : 65792 726976 0 0 0 0 0 0 0 
_1.ptx 193 : 65792 572768 0 0 0 0 0 0 0 
_1.ptx 194 : 65792 492384 0 0 0 0 0 0 0 
_1.ptx 195 : 65792 576896 0 0 0 0 0 0 0 
_1.ptx 196 : 65792 468256 0 0 0 0 0 0 0 
_1.ptx 197 : 65792 579264 0 0 0 0 0 0 0 
_1.ptx 198 : 65792 462848 0 0 0 0 0 0 0 
_1.ptx 199 : 65792 554432 0 0 0 0 0 0 0 
_1.ptx 200 : 65792 925568 0 0 0 0 0 0 0 
_1.ptx 201 : 65792 523424 0 0 0 0 0 0 0 
_1.ptx 203 : 65792 556768 0 0 0 0 0 0 0 
_1.ptx 204 : 65792 561568 0 0 0 0 0 0 0 
_1.ptx 205 : 65792 557824 0 0 0 0 0 0 0 
_1.ptx 206 : 65792 541696 0 0 0 0 0 0 0 
_1.ptx 207 : 65792 360864 0 2056 2056 0 0 0 0 
_1.ptx 209 : 65792 419840 0 0 0 0 0 0 0 
_1.ptx 211 : 65792 740224 0 0 0 0 0 0 0 
_1.ptx 212 : 65792 588192 0 2056 2056 0 0 0 0 
_1.ptx 213 : 65792 486368 0 0 0 0 0 0 0 
_1.ptx 214 : 65792 763008 0 0 0 0 0 0 0 
_1.ptx 215 : 65792 739136 0 0 0 0 0 0 0 
_1.ptx 216 : 65792 666688 0 3946 2056 0 0 0 0 
_1.ptx 218 : 65792 733184 0 0 0 0 0 0 0 
_1.ptx 219 : 65792 609056 0 2056 2056 0 0 0 0 
_1.ptx 220 : 65792 485408 0 0 0 0 0 0 0 
_1.ptx 221 : 65792 707776 0 0 0 0 0 0 0 
_1.ptx 222 : 65792 736032 0 0 0 0 0 0 0 
_1.ptx 223 : 65792 717280 0 3947 2056 0 0 0 0 
_1.ptx 225 : 65792 727712 0 0 0 0 0 0 0 
_1.ptx 226 : 65792 620992 0 2056 2056 0 0 0 0 
_1.ptx 227 : 65792 490784 0 0 0 0 0 0 0 
_1.ptx 228 : 65792 772160 0 0 0 0 0 0 0 
_1.ptx 229 : 65792 738080 0 0 0 0 0 0 0 
_1.ptx 230 : 65792 716384 0 4093 2056 0 0 0 0 
_1.ptx 232 : 65792 742496 0 0 0 0 0 0 0 
_1.ptx 233 : 65792 640896 0 2056 2056 0 0 0 0 
_1.ptx 234 : 65792 496576 0 0 0 0 0 0 0 
_1.ptx 235 : 65792 699072 0 0 0 0 0 0 0 
_1.ptx 236 : 65792 740864 0 0 0 0 0 0 0 
_1.ptx 237 : 65792 668320 0 3974 2056 0 0 0 0 
_1.ptx 239 : 65792 676800 0 0 0 0 0 0 0 
_1.ptx 240 : 65792 494688 0 0 0 0 0 0 0 
_1.ptx 241 : 65792 442400 0 0 0 0 0 0 0 
_1.ptx 242 : 65792 486592 0 0 0 0 0 0 0 
_1.ptx 243 : 65792 420320 0 0 0 0 0 0 0 
_1.ptx 244 : 65792 477216 0 0 0 0 0 0 0 
_1.ptx 245 : 65792 438528 0 0 0 0 0 0 0 
_1.ptx 246 : 65792 470496 0 0 0 0 0 0 0 
_1.ptx 247 : 65792 869856 0 0 0 0 0 0 0 
_1.ptx 248 : 65792 545920 0 0 0 0 0 0 0 
_1.ptx 250 : 65792 561856 0 0 0 0 0 0 0 
_1.ptx 251 : 65792 604800 0 0 0 0 0 0 0 
_1.ptx 252 : 65792 614656 0 0 0 0 0 0 0 
_1.ptx 253 : 65792 624224 0 0 0 0 0 0 0 
_1.ptx 254 : 65792 386016 0 2056 2056 0 0 0 0 
_1.ptx 256 : 65792 420928 0 0 0 0 0 0 0 
_1.ptx 258 : 65792 551680 0 2056 2056 0 0 0 0 
_1.ptx 259 : 65792 479328 0 0 0 0 0 0 0 
_1.ptx 260 : 65792 784256 0 0 0 0 0 0 0 
_1.ptx 261 : 65792 724512 0 0 0 0 0 0 0 
_1.ptx 262 : 65792 749376 0 4607 2056 0 0 0 0 
_1.ptx 264 : 65792 705152 0 2056 2056 0 0 0 0 
_1.ptx 265 : 65792 477792 0 0 0 0 0 0 0 
_1.ptx 266 : 65792 698112 0 0 0 0 0 0 0 
_1.ptx 267 : 65792 730112 0 0 0 0 0 0 0 
_1.ptx 268 : 65792 706432 0 3999 2056 0 0 0 0 
_1.ptx 270 : 65792 674240 0 2056 2056 0 0 0 0 
_1.ptx 271 : 65792 475616 0 0 0 0 0 0 0 
_1.ptx 272 : 65792 700288 0 0 0 0 0 0 0 
_1.ptx 273 : 65792 729440 0 0 0 0 0 0 0 
_1.ptx 274 : 65792 678400 0 3985 2056 0 0 0 0 
_1.ptx 276 : 65792 639264 0 2056 2056 0 0 0 0 
_1.ptx 277 : 65792 473504 0 0 0 0 0 0 0 
_1.ptx 278 : 65792 686144 0 0 0 0 0 0 0 
_1.ptx 279 : 65792 729248 0 0 0 0 0 0 0 
_1.ptx 280 : 65792 742688 0 4060 2056 0 0 0 0 
_1.ptx 282 : 65792 683744 0 0 0 0 0 0 0 
_1.ptx 283 : 65792 536800 0 0 0 0 0 0 0 
_1.ptx 284 : 65792 469760 0 0 0 0 0 0 0 
_1.ptx 285 : 65792 551424 0 0 0 0 0 0 0 
_1.ptx 286 : 65792 468768 0 0 0 0 0 0 0 
_1.ptx 287 : 65792 545920 0 0 0 0 0 0 0 
_1.ptx 288 : 65792 472288 0 0 0 0 0 0 0 
_1.ptx 289 : 65792 530176 0 0 0 0 0 0 0 
_1.ptx 290 : 65792 885344 0 0 0 0 0 0 0 
_1.ptx 291 : 65792 547840 0 0 0 0 0 0 0 
_1.ptx 293 : 65792 609312 0 0 0 0 0 0 0 
_1.ptx 294 : 65792 615136 0 0 0 0 0 0 0 
_1.ptx 295 : 65792 595040 0 0 0 0 0 0 0 
_1.ptx 296 : 65792 614528 0 0 0 0 0 0 0 
_1.ptx 297 : 65792 414112 0 2056 2056 0 0 0 0 
_1.ptx 299 : 65792 397696 0 0 0 0 0 0 0 
_1.ptx 301 : 65792 557248 0 2056 2056 0 0 0 0 
_1.ptx 302 : 65792 471776 0 0 0 0 0 0 0 
_1.ptx 303 : 65792 875776 0 0 0 0 0 0 0 
_1.ptx 304 : 65792 731200 0 0 0 0 0 0 0 
_1.ptx 305 : 65792 702112 0 3916 2056 0 0 0 0 
_1.ptx 307 : 65792 675680 0 2056 2056 0 0 0 0 
_1.ptx 308 : 65792 472864 0 0 0 0 0 0 0 
_1.ptx 309 : 65792 691904 0 0 0 0 0 0 0 
_1.ptx 310 : 65792 733664 0 0 0 0 0 0 0 
_1.ptx 311 : 65792 700160 0 3959 2056 0 0 0 0 
_1.ptx 313 : 65792 675072 0 2056 2056 0 0 0 0 
_1.ptx 314 : 65792 471712 0 0 0 0 0 0 0 
_1.ptx 315 : 65792 688032 0 0 0 0 0 0 0 
_1.ptx 316 : 65792 729504 0 0 0 0 0 0 0 
_1.ptx 317 : 65792 684064 0 3927 2056 0 0 0 0 
_1.ptx 319 : 65792 546560 0 2056 2056 0 0 0 0 
_1.ptx 320 : 65792 467776 0 0 0 0 0 0 0 
_1.ptx 321 : 65792 1120608 0 0 0 0 0 0 0 
_1.ptx 322 : 65792 742496 0 0 0 0 0 0 0 
_1.ptx 323 : 65792 679776 0 3946 2056 0 0 0 0 
_1.ptx 325 : 65792 735840 0 0 0 0 0 0 0 
_1.ptx 326 : 65792 590240 0 0 0 0 0 0 0 
_1.ptx 327 : 65792 506336 0 0 0 0 0 0 0 
_1.ptx 328 : 65792 581408 0 0 0 0 0 0 0 
_1.ptx 329 : 65792 472352 0 0 0 0 0 0 0 
_1.ptx 330 : 65792 588800 0 0 0 0 0 0 0 
_1.ptx 331 : 65792 455584 0 0 0 0 0 0 0 
_1.ptx 332 : 65792 561376 0 0 0 0 0 0 0 
_1.ptx 333 : 65792 961984 0 0 0 0 0 0 0 
_1.ptx 334 : 65792 528320 0 0 0 0 0 0 0 
_1.ptx 336 : 65792 592896 0 0 0 0 0 0 0 
_1.ptx 337 : 65792 554656 0 0 0 0 0 0 0 
_1.ptx 338 : 65792 563424 0 0 0 0 0 0 0 
_1.ptx 339 : 65792 542336 0 0 0 0 0 0 0 
_1.ptx 340 : 65792 352128 0 2056 2056 0 0 0 0 
_1.ptx 342 : 65792 405792 0 0 0 0 0 0 0 
_1.ptx 344 : 65792 588384 0 2056 2056 0 0 0 0 
_1.ptx 345 : 65792 482336 0 0 0 0 0 0 0 
_1.ptx 346 : 65792 727712 0 0 0 0 0 0 0 
_1.ptx 347 : 65792 740736 0 0 0 0 0 0 0 
_1.ptx 348 : 65792 704320 0 4061 2056 0 0 0 0 
_1.ptx 350 : 65792 672864 0 2056 2056 0 0 0 0 
_1.ptx 351 : 65792 477312 0 0 0 0 0 0 0 
_1.ptx 352 : 65792 699680 0 0 0 0 0 0 0 
_1.ptx 353 : 65792 733920 0 0 0 0 0 0 0 
_1.ptx 354 : 65792 698720 0 4503 2056 0 0 0 0 
_1.ptx 356 : 65792 669120 0 2056 2056 0 0 0 0 
_1.ptx 357 : 65792 476832 0 0 0 0 0 0 0 
_1.ptx 358 : 65792 1047040 0 0 0 0 0 0 0 
_1.ptx 359 : 65792 729024 0 0 0 0 0 0 0 
_1.ptx 360 : 65792 699488 0 3919 2056 0 0 0 0 
_1.ptx 362 : 65792 677344 0 2056 2056 0 0 0 0 
_1.ptx 363 : 65792 487520 0 0 0 0 0 0 0 
_1.ptx 364 : 65792 689600 0 0 0 0 0 0 0 
_1.ptx 365 : 65792 740064 0 0 0 0 0 0 0 
_1.ptx 366 : 65792 682848 0 3967 2056 0 0 0 0 
_1.ptx 368 : 65792 681280 0 0 0 0 0 0 0 
_1.ptx 369 : 65792 509984 0 0 0 0 0 0 0 
_1.ptx 370 : 65792 451200 0 0 0 0 0 0 0 
_1.ptx 371 : 65792 509824 0 0 0 0 0 0 0 
_1.ptx 372 : 65792 447296 0 0 0 0 0 0 0 
_1.ptx 373 : 65792 501696 0 0 0 0 0 0 0 
_1.ptx 374 : 65792 444160 0 0 0 0 0 0 0 
_1.ptx 375 : 65792 468096 0 0 0 0 0 0 0 
_1.ptx 376 : 65792 849376 0 0 0 0 0 0 0 
_1.ptx 377 : 65792 536832 0 0 0 0 0 0 0 
_1.ptx 379 : 65792 553024 0 0 0 0 0 0 0 
_1.ptx 380 : 65792 574528 0 0 0 0 0 0 0 
_1.ptx 381 : 65792 603904 0 0 0 0 0 0 0 
_1.ptx 382 : 65792 598336 0 0 0 0 0 0 0 
_1.ptx 383 : 65792 397888 0 2056 2056 0 0 0 0 
_1.ptx 385 : 65792 425472 0 0 0 0 0 0 0 
_1.ptx 387 : 65792 577568 0 2056 2056 0 0 0 0 
_1.ptx 388 : 65792 470560 0 0 0 0 0 0 0 
_1.ptx 389 : 65792 727392 0 0 0 0 0 0 0 
_1.ptx 390 : 65792 735872 0 0 0 0 0 0 0 
_1.ptx 391 : 65792 673440 0 3936 2056 0 0 0 0 
_1.ptx 393 : 65792 646848 0 2056 2056 0 0 0 0 
_1.ptx 394 : 65792 466848 0 0 0 0 0 0 0 
_1.ptx 395 : 65792 1120928 0 0 0 0 0 0 0 
_1.ptx 396 : 65792 731264 0 0 0 0 0 0 0 
_1.ptx 397 : 65792 712160 0 4017 2056 0 0 0 0 
_1.ptx 399 : 65792 685248 0 2056 2056 0 0 0 0 
_1.ptx 400 : 65792 483264 0 0 0 0 0 0 0 
_1.ptx 401 : 65792 697504 0 0 0 0 0 0 0 
_1.ptx 402 : 65792 736928 0 0 0 0 0 0 0 
_1.ptx 403 : 65792 703840 0 3938 2056 0 0 0 0 
_1.ptx 405 : 65792 675136 0 2056 2056 0 0 0 0 
_1.ptx 406 : 65792 483520 0 0 0 0 0 0 0 
_1.ptx 407 : 65792 689760 0 0 0 0 0 0 0 
_1.ptx 408 : 65792 736032 0 0 0 0 0 0 0 
_1.ptx 409 : 65792 678688 0 4040 2056 0 0 0 0 
_1.ptx 411 : 65792 672672 0 0 0 0 0 0 0 
_1.ptx 412 : 65792 483328 0 0 0 0 0 0 0 
_1.ptx 413 : 65792 428352 0 0 0 0 0 0 0 
_1.ptx 414 : 65792 484768 0 0 0 0 0 0 0 
_1.ptx 415 : 65792 415712 0 0 0 0 0 0 0 
_1.ptx 416 : 65792 477792 0 0 0 0 0 0 0 
_1.ptx 417 : 65792 431488 0 0 0 0 0 0 0 
_1.ptx 418 : 65792 467840 0 0 0 0 0 0 0 
_1.ptx 419 : 65792 855936 0 0 0 0 0 0 0 
_1.ptx 420 : 65792 564096 0 0 0 0 0 0 0 
_1.ptx 422 : 65792 606976 0 0 0 0 0 0 0 
_1.ptx 423 : 65792 607392 0 0 0 0 0 0 0 
_1.ptx 424 : 65792 604000 0 0 0 0 0 0 0 
_1.ptx 425 : 65792 614496 0 0 0 0 0 0 0 
_1.ptx 426 : 65792 402240 0 2056 2056 0 0 0 0 
_1.ptx 428 : 65792 421376 0 0 0 0 0 0 0 
_1.ptx 430 : 65792 556640 0 2056 2056 0 0 0 0 
_1.ptx 431 : 65792 468800 0 0 0 0 0 0 0 
_1.ptx 432 : 65792 754048 0 0 0 0 0 0 0 
_1.ptx 433 : 65792 724576 0 0 0 0 0 0 0 
_1.ptx 434 : 65792 716000 0 4119 2056 0 0 0 0 
_1.ptx 436 : 65792 687040 0 2056 2056 0 0 0 0 
_1.ptx 437 : 65792 474368 0 0 0 0 0 0 0 
_1.ptx 438 : 65792 714720 0 0 0 0 0 0 0 
_1.ptx 439 : 65792 730240 0 0 0 0 0 0 0 
_1.ptx 440 : 65792 703296 0 4033 2056 0 0 0 0 
_1.ptx 442 : 65792 676768 0 2056 2056 0 0 0 0 
_1.ptx 443 : 65792 478848 0 0 0 0 0 0 0 
_1.ptx 444 : 65792 706976 0 0 0 0 0 0 0 
_1.ptx 445 : 65792 732000 0 0 0 0 0 0 0 
_1.ptx 446 : 65792 674464 0 4025 2056 0 0 0 0 
_1.ptx 448 : 65792 640672 0 2056 2056 0 0 0 0 
_1.ptx 449 : 65792 477632 0 0 0 0 0 0 0 
_1.ptx 450 : 65792 689504 0 0 0 0 0 0 0 
_1.ptx 451 : 65792 731040 0 0 0 0 0 0 0 
_1.ptx 452 : 65792 728224 0 3930 2056 0 0 0 0 
_1.ptx 454 : 65792 693312 0 0 0 0 0 0 0 
_1.ptx 455 : 65792 538912 0 0 0 0 0 0 0 
_1.ptx 456 : 65792 468960 0 0 0 0 0 0 0 
_1.ptx 457 : 65792 550080 0 0 0 0 0 0 0 
_1.ptx 458 : 65792 467776 0 0 0 0 0 0 0 
_1.ptx 459 : 65792 548704 0 0 0 0 0 0 0 
_1.ptx 460 : 65792 471296 0 0 0 0 0 0 0 
_1.ptx 461 : 65792 528000 0 0 0 0 0 0 0 
_1.ptx 462 : 65792 880064 0 0 0 0 0 0 0 
_1.ptx 463 : 65792 554176 0 0 0 0 0 0 0 
_1.ptx 465 : 65792 599392 0 0 0 0 0 0 0 
_1.ptx 466 : 65792 650880 0 0 0 0 0 0 0 
_1.ptx 467 : 65792 610688 0 0 0 0 0 0 0 
_1.ptx 468 : 65792 611456 0 0 0 0 0 0 0 
_1.ptx 469 : 65792 393504 0 2056 2056 0 0 0 0 
_1.ptx 471 : 65792 397472 0 0 0 0 0 0 0 
_1.ptx 473 : 65792 557152 0 2056 2056 0 0 0 0 
_1.ptx 474 : 65792 476416 0 0 0 0 0 0 0 
_1.ptx 475 : 65792 879104 0 0 0 0 0 0 0 
_1.ptx 476 : 65792 738592 0 0 0 0 0 0 0 
_1.ptx 477 : 65792 704928 0 4014 2056 0 0 0 0 
_1.ptx 479 : 65792 681344 0 2056 2056 0 0 0 0 
_1.ptx 480 : 65792 477216 0 0 0 0 0 0 0 
_1.ptx 481 : 65792 693952 0 0 0 0 0 0 0 
_1.ptx 482 : 65792 732768 0 0 0 0 0 0 0 
_1.ptx 483 : 65792 707808 0 4017 2056 0 0 0 0 
_1.ptx 485 : 65792 682720 0 2056 2056 0 0 0 0 
_1.ptx 486 : 65792 471808 0 0 0 0 0 0 0 
_1.ptx 487 : 65792 695808 0 0 0 0 0 0 0 
_1.ptx 488 : 65792 729184 0 0 0 0 0 0 0 
_1.ptx 489 : 65792 684832 0 3881 2056 0 0 0 0 
_1.ptx 491 : 65792 534112 0 2056 2056 0 0 0 0 
_1.ptx 492 : 65792 462432 0 0 0 0 0 0 0 
_1.ptx 493 : 65792 1133248 0 0 0 0 0 0 0 
_1.ptx 494 : 65792 753088 0 0 0 0 0 0 0 
_1.ptx 495 : 65792 684800 0 4006 2056 0 0 0 0 
_1.ptx 497 : 65792 715776 0 0 0 0 0 0 0 
_1.ptx 498 : 65792 577504 0 0 0 0 0 0 0 
_1.ptx 499 : 65792 476448 0 0 0 0 0 0 0 
_1.ptx 500 : 65792 567936 0 0 0 0 0 0 0 
_1.ptx 501 : 65792 466560 0 0 0 0 0 0 0 
_1.ptx 502 : 65792 565056 0 0 0 0 0 0 0 
_1.ptx 503 : 65792 454112 0 0 0 0 0 0 0 
_1.ptx 504 : 65792 553344 0 0 0 0 0 0 0 
_1.ptx 505 : 65792 1936864 128 0 0 0 0 0 0 
_1.ptx 506 : 65792 526304 0 0 0 0 0 0 0 
_1.ptx 508 : 65792 553088 0 0 0 0 0 0 0 
_1.ptx 509 : 65792 552704 0 0 0 0 0 0 0 
_1.ptx 510 : 65792 563424 0 0 0 0 0 0 0 
_1.ptx 511 : 65792 540320 0 0 0 0 0 0 0 
_1.ptx 512 : 65792 357600 0 2056 2056 0 0 0 0 
_1.ptx 514 : 65792 403104 0 0 0 0 0 0 0 
_1.ptx 516 : 65792 571744 0 2056 2056 0 0 0 0 
_1.ptx 517 : 65792 469696 0 0 0 0 0 0 0 
_1.ptx 518 : 65792 724864 0 0 0 0 0 0 0 
_1.ptx 519 : 65792 735328 0 0 0 0 0 0 0 
_1.ptx 520 : 65792 698816 0 3963 2056 0 0 0 0 
_1.ptx 522 : 65792 661056 0 2056 2056 0 0 0 0 
_1.ptx 523 : 65792 483648 0 0 0 0 0 0 0 
_1.ptx 524 : 65792 706688 0 0 0 0 0 0 0 
_1.ptx 525 : 65792 731328 0 0 0 0 0 0 0 
_1.ptx 526 : 65792 674112 0 3935 2056 0 0 0 0 
_1.ptx 528 : 65792 649056 0 2056 2056 0 0 0 0 
_1.ptx 529 : 65792 466688 0 0 0 0 0 0 0 
_1.ptx 530 : 65792 1042880 0 0 0 0 0 0 0 
_1.ptx 531 : 65792 727872 0 0 0 0 0 0 0 
_1.ptx 532 : 65792 707744 0 4087 2056 0 0 0 0 
_1.ptx 534 : 65792 688512 0 2056 2056 0 0 0 0 
_1.ptx 535 : 65792 490336 0 0 0 0 0 0 0 
_1.ptx 536 : 65792 690592 0 0 0 0 0 0 0 
_1.ptx 537 : 65792 740736 0 0 0 0 0 0 0 
_1.ptx 538 : 65792 709440 0 4603 2056 0 0 0 0 
_1.ptx 540 : 65792 679424 0 0 0 0 0 0 0 
_1.ptx 541 : 65792 508992 0 0 0 0 0 0 0 
_1.ptx 542 : 65792 450944 0 0 0 0 0 0 0 
_1.ptx 543 : 65792 508800 0 0 0 0 0 0 0 
_1.ptx 544 : 65792 445184 0 0 0 0 0 0 0 
_1.ptx 545 : 65792 503712 0 0 0 0 0 0 0 
_1.ptx 546 : 65792 444480 0 0 0 0 0 0 0 
_1.ptx 547 : 65792 469632 0 0 0 0 0 0 0 
_1.ptx 548 : 65792 845920 0 0 0 0 0 0 0 
_1.ptx 549 : 65792 535040 0 0 0 0 0 0 0 
_1.ptx 551 : 65792 597120 0 0 0 0 0 0 0 
_1.ptx 552 : 65792 589504 0 0 0 0 0 0 0 
_1.ptx 553 : 65792 587712 0 0 0 0 0 0 0 
_1.ptx 554 : 65792 621600 0 0 0 0 0 0 0 
_1.ptx 555 : 65792 417312 0 2056 2056 0 0 0 0 
_1.ptx 557 : 65792 432480 0 0 0 0 0 0 0 
_1.ptx 559 : 65792 687424 0 0 0 0 0 0 0 
_1.ptx 560 : 65792 509728 0 0 0 0 0 0 0 
_1.ptx 561 : 65792 451488 0 0 0 0 0 0 0 
_1.ptx 562 : 65792 499168 0 0 0 0 0 0 0 
_1.ptx 563 : 65792 441120 0 0 0 0 0 0 0 
_1.ptx 564 : 65792 489408 0 0 0 0 0 0 0 
_1.ptx 565 : 65792 437696 0 0 0 0 0 0 0 
_1.ptx 566 : 65792 468576 0 0 0 0 0 0 0 
_1.ptx 567 : 65792 756192 0 0 0 0 0 0 0 
_1.ptx 568 : 65792 499680 0 0 0 0 0 0 0 
_1.ptx 570 : 65792 751648 0 0 0 0 0 0 0 
_1.ptx 571 : 65792 624576 0 2056 2056 0 0 0 0 
_1.ptx 572 : 65792 504160 0 0 0 0 0 0 0 
_1.ptx 573 : 65792 718176 0 0 0 0 0 0 0 
_1.ptx 574 : 65792 749536 0 0 0 0 0 0 0 
_1.ptx 575 : 65792 676096 0 4035 2056 0 0 0 0 
_1.ptx 576 : 65792 497312 0 0 0 0 0 0 0 
_1.ptx 577 : 65792 554784 0 0 0 0 0 0 0 
_1.ptx 578 : 65792 379136 0 2056 2056 0 0 0 0 
_1.ptx 580 : 65792 595424 0 2056 2056 0 0 0 0 
_1.ptx 581 : 65792 480928 0 0 0 0 0 0 0 
_1.ptx 582 : 65792 687712 0 0 0 0 0 0 0 
_1.ptx 583 : 65792 732096 0 0 0 0 0 0 0 
_1.ptx 584 : 65792 773664 0 4126 2056 0 0 0 0 
_1.ptx 585 : 65792 476032 0 0 0 0 0 0 0 
_1.ptx 586 : 65792 536768 0 0 0 0 0 0 0 
_1.ptx 587 : 65792 383168 0 2056 2056 0 0 0 0 
_1.ptx 589 : 65792 603040 0 2056 2056 0 0 0 0 
_1.ptx 590 : 65792 477920 0 0 0 0 0 0 0 
_1.ptx 591 : 65792 687616 0 0 0 0 0 0 0 
_1.ptx 592 : 65792 733824 0 0 0 0 0 0 0 
_1.ptx 593 : 65792 681632 0 4091 2056 0 0 0 0 
_1.ptx 594 : 65792 477280 0 0 0 0 0 0 0 
_1.ptx 595 : 65792 544576 0 0 0 0 0 0 0 
_1.ptx 596 : 65792 383360 0 2056 2056 0 0 0 0 
_1.ptx 598 : 65792 595136 0 2056 2056 0 0 0 0 
_1.ptx 599 : 65792 477056 0 0 0 0 0 0 0 
_1.ptx 600 : 65792 683328 0 0 0 0 0 0 0 
_1.ptx 601 : 65792 732640 0 0 0 0 0 0 0 
_1.ptx 602 : 65792 741120 0 3905 2056 0 0 0 0 
_1.ptx 603 : 65792 534208 0 0 0 0 0 0 0 
_1.ptx 604 : 65792 395392 0 2056 2056 0 0 0 0 
_1.ptx 606 : 65792 398912 0 0 0 0 0 0 0 
_1.ptx 608 : 65792 555520 0 2056 2056 0 0 0 0 
_1.ptx 609 : 65792 264928 0 0 0 0 0 0 0 
_1.ptx 610 : 65792 730784 0 0 0 0 0 0 0 
_1.ptx 611 : 65792 348512 263168 0 0 2056 2056 0 0 
_1.ptx 613 : 65792 399520 0 0 0 0 0 0 0 
