kernel line : count latency dram_traffic smem_bk_conflicts smem_warp gmem_access_generated gmem_warp exposed_latency warp_divergence
_1.ptx 62 : 580608 3518976 0 0 0 0 0 0 0 
_1.ptx 63 : 580608 3532640 0 0 0 0 0 0 0 
_1.ptx 64 : 580608 6604544 0 0 0 0 0 0 0 
_1.ptx 65 : 580608 3511008 0 0 0 0 0 0 0 
_1.ptx 66 : 580608 6415264 0 0 0 0 0 0 0 
_1.ptx 67 : 580608 24716960 128 0 0 0 0 0 0 
_1.ptx 68 : 580608 19119680 128 0 0 0 0 0 0 
_1.ptx 69 : 580608 4132480 0 0 0 0 0 0 0 
_1.ptx 70 : 580608 6107584 0 0 0 0 0 0 0 
_1.ptx 71 : 580608 6413856 0 0 0 0 0 0 0 
_1.ptx 72 : 580608 36419808 2322432 0 0 18144 18144 0 0 
_1.ptx 73 : 580608 24207136 0 0 0 0 0 0 0 
_1.ptx 74 : 580608 24550432 0 0 0 0 0 0 0 
_1.ptx 75 : 580608 6429536 0 0 0 0 0 0 0 
_1.ptx 76 : 580608 4151392 0 0 0 0 0 0 0 
_1.ptx 77 : 580608 6094048 0 0 0 0 0 0 0 
_1.ptx 78 : 580608 6413280 0 0 0 0 0 0 0 
_1.ptx 79 : 580608 39714816 2322432 0 0 18144 18144 0 0 
_1.ptx 80 : 580608 29663104 0 0 0 0 0 0 0 
_1.ptx 81 : 580608 6024832 0 0 0 0 0 0 0 
_1.ptx 82 : 580608 6416320 0 0 0 0 0 0 0 
_1.ptx 83 : 580608 4168736 0 0 0 0 0 0 0 
_1.ptx 84 : 580608 6015296 0 0 0 0 0 0 0 
_1.ptx 85 : 580608 6411264 0 0 0 0 0 0 0 
_1.ptx 86 : 580608 42385792 2322432 0 0 18144 18144 0 0 
_1.ptx 87 : 580608 31390464 0 0 0 0 0 0 0 
_1.ptx 88 : 580608 6010976 0 0 0 0 0 0 0 
_1.ptx 89 : 580608 6412576 0 0 0 0 0 0 0 
_1.ptx 90 : 580608 4150912 0 0 0 0 0 0 0 
_1.ptx 91 : 580608 6034848 0 0 0 0 0 0 0 
_1.ptx 92 : 580608 6404672 0 0 0 0 0 0 0 
_1.ptx 93 : 580608 40397472 2322432 0 0 18144 18144 0 0 
_1.ptx 94 : 580608 31061792 0 0 0 0 0 0 0 
_1.ptx 95 : 580608 5992384 0 0 0 0 0 0 0 
_1.ptx 96 : 580608 6406208 0 0 0 0 0 0 0 
_1.ptx 97 : 580608 4139936 0 0 0 0 0 0 0 
_1.ptx 98 : 580608 5985408 0 0 0 0 0 0 0 
_1.ptx 99 : 580608 6408128 0 0 0 0 0 0 0 
_1.ptx 100 : 580608 39503520 2322432 0 0 18144 18144 0 0 
_1.ptx 102 : 580608 3509280 0 0 0 0 0 0 0 
_1.ptx 118 : 193536 1167584 0 0 0 0 0 0 0 
_1.ptx 119 : 193536 1168864 0 0 0 0 0 0 0 
_1.ptx 120 : 193536 1168896 0 0 0 0 0 0 0 
_1.ptx 121 : 193536 2364256 0 0 0 0 0 0 0 
_1.ptx 122 : 193536 2140416 0 0 0 0 0 0 0 
_1.ptx 123 : 193536 1379136 0 0 0 0 0 0 0 
_1.ptx 124 : 193536 2151776 0 0 0 0 0 0 0 
_1.ptx 125 : 193536 581952 0 0 0 0 0 0 0 
_1.ptx 126 : 193536 2139904 0 0 0 0 0 0 0 
_1.ptx 127 : 193536 58298112 774144 0 0 6048 6048 0 0 
_1.ptx 129 : 193536 600960 0 0 0 0 0 0 0 
_1.ptx 130 : 193536 2144608 0 0 0 0 0 0 0 
_1.ptx 131 : 193536 1379648 0 0 0 0 0 0 0 
_1.ptx 132 : 193536 2159232 0 0 0 0 0 0 0 
_1.ptx 133 : 193536 2139904 0 0 0 0 0 0 0 
_1.ptx 134 : 193536 61921664 774144 0 0 6048 6048 0 0 
_1.ptx 136 : 193536 2106816 0 0 0 0 0 0 0 
_1.ptx 137 : 193536 2139808 0 0 0 0 0 0 0 
_1.ptx 138 : 193536 1383232 0 0 0 0 0 0 0 
_1.ptx 139 : 193536 2130080 0 0 0 0 0 0 0 
_1.ptx 140 : 193536 2139136 0 0 0 0 0 0 0 
_1.ptx 141 : 193536 63429344 774144 0 0 6048 6048 0 0 
_1.ptx 143 : 193536 2109152 0 0 0 0 0 0 0 
_1.ptx 144 : 193536 2138016 0 0 0 0 0 0 0 
_1.ptx 145 : 193536 1390208 0 0 0 0 0 0 0 
_1.ptx 146 : 193536 2151296 0 0 0 0 0 0 0 
_1.ptx 147 : 193536 2138560 0 0 0 0 0 0 0 
_1.ptx 148 : 193536 62254368 774144 0 0 6048 6048 0 0 
_1.ptx 150 : 193536 9162048 0 0 0 0 0 0 0 
_1.ptx 151 : 193536 9235008 0 0 0 0 0 0 0 
_1.ptx 152 : 193536 9241312 0 0 0 0 0 0 0 
_1.ptx 153 : 193536 2159680 0 0 0 0 0 0 0 
_1.ptx 154 : 193536 1753568 0 0 0 0 0 0 0 
_1.ptx 155 : 193536 1758368 0 0 0 0 0 0 0 
_1.ptx 156 : 193536 1167488 0 0 0 0 0 0 0 
_1.ptx 157 : 193536 3360928 0 0 0 0 0 0 0 
_1.ptx 158 : 193536 3555808 0 0 0 0 0 0 0 
_1.ptx 159 : 193536 2135008 0 0 0 0 0 0 0 
_1.ptx 160 : 193536 1374624 0 0 0 0 0 0 0 
_1.ptx 161 : 193536 2466912 0 0 0 0 0 0 0 
_1.ptx 162 : 193536 2135520 0 0 0 0 0 0 0 
_1.ptx 163 : 193536 53918240 774144 0 0 6048 6048 0 0 
_1.ptx 164 : 193536 1164896 0 0 0 0 0 0 0 
_1.ptx 165 : 193536 2136672 0 0 0 0 0 0 0 
_1.ptx 166 : 193536 2136896 0 0 0 0 0 0 0 
_1.ptx 167 : 193536 2140768 0 0 0 0 0 0 0 
_1.ptx 168 : 193536 1167744 0 0 0 0 0 0 0 
_1.ptx 169 : 193536 2149248 0 0 0 0 0 0 0 
_1.ptx 170 : 193536 1167712 0 0 0 0 0 0 0 
_1.ptx 171 : 193536 2139072 0 0 0 0 0 0 0 
_1.ptx 172 : 193536 9082976 0 0 0 0 0 0 0 
_1.ptx 173 : 193536 3041600 0 0 0 0 0 0 0 
_1.ptx 174 : 193536 2143488 0 0 0 0 0 0 0 
_1.ptx 175 : 193536 581280 0 0 0 0 0 0 0 
_1.ptx 176 : 193536 2143776 0 0 0 0 0 0 0 
_1.ptx 177 : 193536 56374560 774144 0 0 6048 6048 0 0 
_1.ptx 178 : 193536 3124512 0 0 0 0 0 0 0 
_1.ptx 179 : 193536 2140512 0 0 0 0 0 0 0 
_1.ptx 180 : 193536 9309408 0 0 0 0 0 0 0 
_1.ptx 182 : 193536 580704 0 0 0 0 0 0 0 
_1.ptx 183 : 193536 2135648 0 0 0 0 0 0 0 
_1.ptx 184 : 193536 984256 774144 0 0 6048 6048 0 0 
_1.ptx 186 : 193536 1165408 0 0 0 0 0 0 0 
_1.ptx 208 : 193536 1170560 0 0 0 0 0 0 0 
_1.ptx 209 : 193536 1172832 0 0 0 0 0 0 0 
_1.ptx 210 : 193536 1168096 0 0 0 0 0 0 0 
_1.ptx 211 : 193536 2395392 0 0 0 0 0 0 0 
_1.ptx 212 : 193536 2138336 0 0 0 0 0 0 0 
_1.ptx 213 : 193536 1375648 0 0 0 0 0 0 0 
_1.ptx 214 : 193536 2070816 0 0 0 0 0 0 0 
_1.ptx 215 : 193536 8898592 0 0 0 0 0 0 0 
_1.ptx 216 : 193536 2140160 0 0 0 0 0 0 0 
_1.ptx 217 : 193536 61480288 80512 0 0 6048 6048 0 0 
_1.ptx 219 : 193536 6523104 0 0 0 0 0 0 0 
_1.ptx 220 : 193536 2137888 0 0 0 0 0 0 0 
_1.ptx 221 : 193536 1373536 0 0 0 0 0 0 0 
_1.ptx 222 : 193536 2161184 0 0 0 0 0 0 0 
_1.ptx 223 : 193536 2139072 0 0 0 0 0 0 0 
_1.ptx 224 : 193536 56802784 81920 0 0 6048 6048 0 0 
_1.ptx 226 : 193536 2081696 0 0 0 0 0 0 0 
_1.ptx 227 : 193536 2141472 0 0 0 0 0 0 0 
_1.ptx 228 : 193536 1377984 0 0 0 0 0 0 0 
_1.ptx 229 : 193536 2054496 0 0 0 0 0 0 0 
_1.ptx 230 : 193536 2138112 0 0 0 0 0 0 0 
_1.ptx 231 : 193536 57183808 84608 0 0 6048 6048 0 0 
_1.ptx 233 : 193536 2066208 0 0 0 0 0 0 0 
_1.ptx 234 : 193536 2139072 0 0 0 0 0 0 0 
_1.ptx 235 : 193536 1376736 0 0 0 0 0 0 0 
_1.ptx 236 : 193536 2071008 0 0 0 0 0 0 0 
_1.ptx 237 : 193536 2136224 0 0 0 0 0 0 0 
_1.ptx 238 : 193536 58168448 88448 0 0 6048 6048 0 0 
_1.ptx 240 : 193536 2185280 0 0 0 0 0 0 0 
_1.ptx 241 : 193536 2137152 0 0 0 0 0 0 0 
_1.ptx 242 : 193536 1381312 0 0 0 0 0 0 0 
_1.ptx 243 : 193536 2072928 0 0 0 0 0 0 0 
_1.ptx 244 : 193536 2138144 0 0 0 0 0 0 0 
_1.ptx 245 : 193536 58681184 94976 0 0 6048 6048 0 0 
_1.ptx 247 : 193536 4516576 0 0 0 0 0 0 0 
_1.ptx 248 : 193536 2139104 0 0 0 0 0 0 0 
_1.ptx 249 : 193536 90781344 774144 0 0 6048 6048 0 0 
_1.ptx 251 : 193536 4415808 0 0 0 0 0 0 0 
_1.ptx 252 : 193536 2142112 0 0 0 0 0 0 0 
_1.ptx 253 : 193536 92249536 774144 0 0 6048 6048 0 0 
_1.ptx 255 : 193536 2140288 0 0 0 0 0 0 0 
_1.ptx 256 : 193536 94229536 774144 0 0 6048 6048 0 0 
_1.ptx 258 : 193536 2255296 0 0 0 0 0 0 0 
_1.ptx 259 : 193536 2137888 0 0 0 0 0 0 0 
_1.ptx 260 : 193536 1379488 0 0 0 0 0 0 0 
_1.ptx 261 : 193536 2060000 0 0 0 0 0 0 0 
_1.ptx 262 : 193536 2140224 0 0 0 0 0 0 0 
_1.ptx 263 : 193536 93882176 774144 0 0 6048 6048 0 0 
_1.ptx 264 : 193536 1166752 0 0 0 0 0 0 0 
_1.ptx 265 : 193536 1558560 0 0 0 0 0 0 0 
_1.ptx 266 : 193536 92727 0 0 0 0 0 0 3151 
_1.ptx 268 : 178150 1260134 0 0 0 0 0 0 0 
_1.ptx 269 : 178150 1874752 0 0 0 0 0 0 0 
_1.ptx 270 : 178150 1965876 0 0 0 0 0 0 0 
_1.ptx 271 : 178150 149803118 393984 0 0 114727 6046 0 0 
_1.ptx 273 : 178150 1965947 0 0 0 0 0 0 0 
_1.ptx 274 : 178150 1256541 0 0 0 0 0 0 0 
_1.ptx 275 : 178150 1909596 0 0 0 0 0 0 0 
_1.ptx 276 : 178150 1964025 0 0 0 0 0 0 0 
_1.ptx 277 : 178150 178438219 416896 0 0 114727 6046 0 0 
_1.ptx 279 : 178150 1965688 0 0 0 0 0 0 0 
_1.ptx 280 : 178150 1257872 0 0 0 0 0 0 0 
_1.ptx 281 : 178150 1897535 0 0 0 0 0 0 0 
_1.ptx 282 : 178150 1965531 0 0 0 0 0 0 0 
_1.ptx 283 : 178150 198884475 370688 0 0 114727 6046 0 0 
_1.ptx 285 : 178150 1966119 0 0 0 0 0 0 0 
_1.ptx 286 : 178150 1257642 0 0 0 0 0 0 0 
_1.ptx 287 : 178150 1887242 0 0 0 0 0 0 0 
_1.ptx 288 : 178150 1969831 0 0 0 0 0 0 0 
_1.ptx 289 : 178150 206902060 335616 0 0 114727 6046 0 0 
_1.ptx 291 : 178150 1964744 0 0 0 0 0 0 0 
_1.ptx 292 : 178150 1256796 0 0 0 0 0 0 0 
_1.ptx 293 : 178150 1883794 0 0 0 0 0 0 0 
_1.ptx 294 : 178150 1965536 0 0 0 0 0 0 0 
_1.ptx 295 : 178150 201244999 347776 0 0 114727 6046 0 0 
_1.ptx 297 : 178150 8333026 0 0 0 0 0 0 0 
_1.ptx 298 : 178150 8793779 0 0 0 0 0 0 0 
_1.ptx 299 : 178150 9202019 0 0 0 0 0 0 0 
_1.ptx 300 : 178150 1071915 0 0 0 0 0 0 0 
_1.ptx 301 : 178150 1971171 0 0 0 0 0 0 0 
_1.ptx 302 : 178150 8519551 0 0 0 0 0 0 0 
_1.ptx 303 : 178150 8512681 0 0 0 0 0 0 0 
_1.ptx 304 : 178150 8413642 0 0 0 0 0 0 0 
_1.ptx 305 : 178150 1073132 0 0 0 0 0 0 0 
_1.ptx 306 : 178150 1965791 0 0 0 0 0 0 0 
_1.ptx 307 : 178150 1970746 0 0 0 0 0 0 0 
_1.ptx 308 : 178150 1973002 0 0 0 0 0 0 0 
_1.ptx 309 : 178150 1611199 0 0 0 0 0 0 0 
_1.ptx 310 : 178150 1610795 0 0 0 0 0 0 0 
_1.ptx 311 : 178150 1611179 0 0 0 0 0 0 0 
_1.ptx 312 : 178150 1613388 0 0 0 0 0 0 0 
_1.ptx 313 : 178150 1972288 0 0 0 0 0 0 0 
_1.ptx 314 : 178150 1965875 0 0 0 0 0 0 0 
_1.ptx 315 : 178150 1967742 0 0 0 0 0 0 0 
_1.ptx 316 : 178150 1967620 0 0 0 0 0 0 0 
_1.ptx 317 : 178150 1075604 0 0 0 0 0 0 0 
_1.ptx 318 : 178150 1967911 0 0 0 0 0 0 0 
_1.ptx 319 : 178150 1075095 0 0 0 0 0 0 0 
_1.ptx 320 : 178150 1965284 0 0 0 0 0 0 0 
_1.ptx 321 : 178150 2634351 0 0 0 0 0 0 0 
_1.ptx 322 : 178150 3746648 0 0 0 0 0 0 0 
_1.ptx 323 : 178150 1967007 0 0 0 0 0 0 0 
_1.ptx 324 : 178150 1074512 0 0 0 0 0 0 0 
_1.ptx 325 : 178150 1966700 0 0 0 0 0 0 0 
_1.ptx 326 : 178150 8292477 0 0 0 0 0 0 0 
_1.ptx 327 : 178150 2636467 0 0 0 0 0 0 0 
_1.ptx 328 : 178150 1968939 0 0 0 0 0 0 0 
_1.ptx 329 : 178150 1075590 0 0 0 0 0 0 0 
_1.ptx 330 : 178150 1967777 0 0 0 0 0 0 0 
_1.ptx 331 : 178150 8309693 0 0 0 0 0 0 0 
_1.ptx 332 : 178150 2642565 0 0 0 0 0 0 0 
_1.ptx 333 : 178150 1967942 0 0 0 0 0 0 0 
_1.ptx 334 : 178150 1972082 0 0 0 0 0 0 0 
_1.ptx 335 : 178150 1613191 0 0 0 0 0 0 0 
_1.ptx 336 : 178150 1614446 0 0 0 0 0 0 0 
_1.ptx 337 : 178150 2597211 0 0 0 0 0 0 0 
_1.ptx 338 : 178150 1258752 0 0 0 0 0 0 0 
_1.ptx 339 : 178150 1084517 0 0 0 0 0 0 0 
_1.ptx 340 : 178150 1970190 0 0 0 0 0 0 0 
_1.ptx 341 : 178150 1075920 0 0 0 0 0 0 0 
_1.ptx 342 : 178150 1968665 0 0 0 0 0 0 0 
_1.ptx 343 : 178150 1967961 0 0 0 0 0 0 0 
_1.ptx 345 : 178150 1075045 0 0 0 0 0 0 0 
_1.ptx 346 : 178150 1970332 0 0 0 0 0 0 0 
_1.ptx 347 : 178150 1079848 0 0 0 0 0 0 0 
_1.ptx 348 : 178150 1971967 0 0 0 0 0 0 0 
_1.ptx 349 : 178150 1077343 0 0 0 0 0 0 0 
_1.ptx 350 : 178150 1972740 0 0 0 0 0 0 0 
_1.ptx 351 : 178150 1079601 0 0 0 0 0 0 0 
_1.ptx 352 : 178150 1974339 0 0 0 0 0 0 0 
_1.ptx 353 : 178150 1613613 0 0 0 0 0 0 0 
_1.ptx 354 : 178150 1977740 0 0 0 0 0 0 0 
_1.ptx 355 : 178150 1612649 0 0 0 0 0 0 0 
_1.ptx 356 : 178150 1980749 0 0 0 0 0 0 0 
_1.ptx 357 : 178150 1612183 0 0 0 0 0 0 0 
_1.ptx 358 : 178150 1977318 0 0 0 0 0 0 0 
_1.ptx 359 : 178150 1612175 0 0 0 0 0 0 0 
_1.ptx 361 : 178150 1976701 0 0 0 0 0 0 0 
_1.ptx 362 : 178150 1973447 0 0 0 0 0 0 0 
_1.ptx 363 : 178150 1097880 0 0 0 0 0 0 0 
_1.ptx 364 : 178150 1977854 0 0 0 0 0 0 0 
_1.ptx 365 : 178150 1616954 0 0 0 0 0 0 0 
_1.ptx 366 : 178150 1982077 0 0 0 0 0 0 0 
_1.ptx 367 : 178150 1611267 0 0 0 0 0 0 0 
_1.ptx 368 : 178150 1613688 0 0 0 0 0 0 0 
_1.ptx 369 : 178150 1979614 0 0 0 0 0 0 0 
_1.ptx 370 : 178150 1609244 0 0 0 0 0 0 0 
_1.ptx 371 : 178150 1613059 0 0 0 0 0 0 0 
_1.ptx 372 : 178150 1993742 0 0 0 0 0 0 0 
_1.ptx 373 : 178150 1610509 0 0 0 0 0 0 0 
_1.ptx 374 : 178150 1617133 0 0 0 0 0 0 0 
_1.ptx 376 : 178150 1994341 0 0 0 0 0 0 0 
_1.ptx 377 : 178150 1976816 0 0 0 0 0 0 0 
_1.ptx 378 : 178150 1972455 0 0 0 0 0 0 0 
_1.ptx 379 : 178150 1973281 0 0 0 0 0 0 0 
_1.ptx 380 : 178150 1974737 0 0 0 0 0 0 0 
_1.ptx 381 : 178150 1982359 0 0 0 0 0 0 0 
_1.ptx 382 : 178150 1102984 0 0 0 0 0 0 0 
_1.ptx 383 : 178150 1983517 0 0 0 0 0 0 0 
_1.ptx 384 : 178150 1620247 0 0 0 0 0 0 0 
_1.ptx 385 : 178150 1621003 0 0 0 0 0 0 0 
_1.ptx 386 : 178150 1628527 0 0 0 0 0 0 0 
_1.ptx 387 : 178150 1970723 0 0 0 0 0 0 0 
_1.ptx 388 : 178150 1611555 0 0 0 0 0 0 0 
_1.ptx 389 : 178150 1610919 0 0 0 0 0 0 0 
_1.ptx 390 : 178150 1620194 0 0 0 0 0 0 0 
_1.ptx 392 : 178150 2037759 0 0 0 0 0 0 0 
_1.ptx 393 : 178150 1985160 0 0 0 0 0 0 0 
_1.ptx 394 : 178150 1972098 0 0 0 0 0 0 0 
_1.ptx 395 : 178150 1080917 0 0 0 0 0 0 0 
_1.ptx 396 : 178150 1966945 0 0 0 0 0 0 0 
_1.ptx 397 : 178150 1616643 0 0 0 0 0 0 0 
_1.ptx 398 : 178150 1639134 0 0 0 0 0 0 0 
_1.ptx 399 : 178150 1622119 0 0 0 0 0 0 0 
_1.ptx 400 : 178150 1634331 0 0 0 0 0 0 0 
_1.ptx 401 : 178150 1972046 0 0 0 0 0 0 0 
_1.ptx 402 : 178150 1616012 0 0 0 0 0 0 0 
_1.ptx 403 : 178150 1618251 0 0 0 0 0 0 0 
_1.ptx 405 : 178150 1088234 0 0 0 0 0 0 0 
_1.ptx 406 : 178150 1974130 0 0 0 0 0 0 0 
_1.ptx 407 : 178150 1615217 0 0 0 0 0 0 0 
_1.ptx 408 : 178150 1611773 0 0 0 0 0 0 0 
_1.ptx 409 : 178150 1615857 0 0 0 0 0 0 0 
_1.ptx 410 : 178150 1626083 0 0 0 0 0 0 0 
_1.ptx 411 : 178150 1616718 0 0 0 0 0 0 0 
_1.ptx 412 : 178150 1971444 0 0 0 0 0 0 0 
_1.ptx 413 : 178150 1613700 0 0 0 0 0 0 0 
_1.ptx 414 : 178150 1083084 0 0 0 0 0 0 0 
_1.ptx 416 : 15386 92702 0 0 0 0 0 0 0 
_1.ptx 417 : 15386 123751 0 0 0 0 0 0 0 
_1.ptx 418 : 15386 5256 0 0 0 0 0 0 55 
_1.ptx 420 : 14510 741778 0 0 0 0 0 0 0 
_1.ptx 421 : 14510 836217 0 0 0 0 0 0 0 
_1.ptx 422 : 14510 847370 0 0 0 0 0 0 0 
_1.ptx 423 : 14510 87313 0 0 0 0 0 0 0 
_1.ptx 424 : 14510 160267 0 0 0 0 0 0 0 
_1.ptx 425 : 14510 160350 0 0 0 0 0 0 0 
_1.ptx 426 : 14510 131850 0 0 0 0 0 0 0 
_1.ptx 427 : 14510 131610 0 0 0 0 0 0 0 
_1.ptx 428 : 14510 160833 0 0 0 0 0 0 0 
_1.ptx 429 : 14510 160454 0 0 0 0 0 0 0 
_1.ptx 430 : 14510 87623 0 0 0 0 0 0 0 
_1.ptx 431 : 14510 160730 0 0 0 0 0 0 0 
_1.ptx 432 : 14510 87976 0 0 0 0 0 0 0 
_1.ptx 433 : 14510 132437 0 0 0 0 0 0 0 
_1.ptx 435 : 14510 87970 0 0 0 0 0 0 0 
_1.ptx 436 : 14510 132251 0 0 0 0 0 0 0 
_1.ptx 438 : 14510 88385 0 0 0 0 0 0 0 
_1.ptx 439 : 14510 133257 0 0 0 0 0 0 0 
_1.ptx 440 : 14510 88753 0 0 0 0 0 0 0 
_1.ptx 441 : 14510 91726 0 0 0 0 0 0 0 
_1.ptx 442 : 14510 92027 0 0 0 0 0 0 0 
_1.ptx 444 : 876 5270 0 0 0 0 0 0 0 
_1.ptx 445 : 876 7043 0 0 0 0 0 0 0 
_1.ptx 446 : 876 0 0 0 0 0 0 0 0 
_1.ptx 448 : 876 5335 0 0 0 0 0 0 0 
_1.ptx 449 : 876 9794 0 0 0 0 0 0 0 
_1.ptx 450 : 876 5395 0 0 0 0 0 0 0 
_1.ptx 451 : 876 9730 0 0 0 0 0 0 0 
_1.ptx 452 : 876 5293 0 0 0 0 0 0 0 
_1.ptx 453 : 876 9814 0 0 0 0 0 0 0 
_1.ptx 454 : 876 5381 0 0 0 0 0 0 0 
_1.ptx 455 : 876 156413 0 0 0 0 0 0 0 
_1.ptx 456 : 876 9661 0 0 0 0 0 0 0 
_1.ptx 457 : 876 7928 0 0 0 0 0 0 0 
_1.ptx 458 : 876 124949 0 0 0 0 0 0 0 
_1.ptx 459 : 876 9672 0 0 0 0 0 0 0 
_1.ptx 460 : 876 7922 0 0 0 0 0 0 0 
_1.ptx 461 : 876 86069 0 0 0 0 0 0 0 
_1.ptx 462 : 876 9728 0 0 0 0 0 0 0 
_1.ptx 463 : 876 7896 0 0 0 0 0 0 0 
_1.ptx 465 : 876 48083 0 0 0 0 0 0 0 
_1.ptx 466 : 876 52764 0 0 0 0 0 0 0 
_1.ptx 467 : 876 53448 0 0 0 0 0 0 0 
_1.ptx 468 : 876 5279 0 0 0 0 0 0 0 
_1.ptx 469 : 876 9750 0 0 0 0 0 0 0 
_1.ptx 470 : 876 9718 0 0 0 0 0 0 0 
_1.ptx 471 : 876 7913 0 0 0 0 0 0 0 
_1.ptx 472 : 876 7970 0 0 0 0 0 0 0 
_1.ptx 473 : 876 9641 0 0 0 0 0 0 0 
_1.ptx 474 : 876 9787 0 0 0 0 0 0 0 
_1.ptx 475 : 876 5336 0 0 0 0 0 0 0 
_1.ptx 476 : 876 9676 0 0 0 0 0 0 0 
_1.ptx 477 : 876 9715 0 0 0 0 0 0 0 
_1.ptx 478 : 876 5345 0 0 0 0 0 0 0 
_1.ptx 479 : 876 131564 256 0 0 0 0 0 0 
_1.ptx 480 : 876 7958 0 0 0 0 0 0 0 
_1.ptx 481 : 876 7961 0 0 0 0 0 0 0 
_1.ptx 482 : 876 26193 0 0 0 0 0 0 0 
_1.ptx 483 : 876 7963 0 0 0 0 0 0 0 
_1.ptx 484 : 876 7924 0 0 0 0 0 0 0 
_1.ptx 485 : 876 28111 0 0 0 0 0 0 0 
_1.ptx 486 : 876 8180 0 0 0 0 0 0 0 
_1.ptx 487 : 876 8061 0 0 0 0 0 0 0 
_1.ptx 489 : 876 10081 0 0 0 0 0 0 0 
_1.ptx 490 : 876 10284 0 0 0 0 0 0 0 
_1.ptx 491 : 876 6457 0 0 0 0 0 0 0 
_1.ptx 492 : 876 125304 256 0 0 0 0 0 0 
_1.ptx 493 : 876 8215 0 0 0 0 0 0 0 
_1.ptx 494 : 876 9665 0 0 0 0 0 0 0 
_1.ptx 495 : 876 7960 0 0 0 0 0 0 0 
_1.ptx 496 : 876 14102 0 0 0 0 0 0 0 
_1.ptx 497 : 876 9807 0 0 0 0 0 0 0 
_1.ptx 498 : 876 7981 0 0 0 0 0 0 0 
_1.ptx 499 : 876 6586 0 0 0 0 0 0 0 
_1.ptx 500 : 876 9733 0 0 0 0 0 0 0 
_1.ptx 501 : 876 8312 0 0 0 0 0 0 0 
_1.ptx 503 : 876 10078 0 0 0 0 0 0 0 
_1.ptx 504 : 876 5968 0 0 0 0 0 0 0 
_1.ptx 505 : 876 97435 256 0 0 0 0 0 0 
_1.ptx 506 : 876 9825 0 0 0 0 0 0 0 
_1.ptx 507 : 876 8011 0 0 0 0 0 0 0 
_1.ptx 508 : 876 2871 0 0 0 0 0 0 0 
_1.ptx 509 : 876 7927 0 0 0 0 0 0 0 
_1.ptx 510 : 876 9726 0 0 0 0 0 0 0 
_1.ptx 511 : 876 7971 0 0 0 0 0 0 0 
_1.ptx 512 : 876 4140 0 0 0 0 0 0 0 
_1.ptx 513 : 876 9931 0 0 0 0 0 0 0 
_1.ptx 514 : 876 8028 0 0 0 0 0 0 0 
_1.ptx 516 : 876 5431 0 0 0 0 0 0 0 
_1.ptx 517 : 876 94501 256 0 0 0 0 0 0 
_1.ptx 518 : 876 9937 0 0 0 0 0 0 0 
_1.ptx 519 : 876 7922 0 0 0 0 0 0 0 
_1.ptx 520 : 876 4441 0 0 0 0 0 0 0 
_1.ptx 521 : 876 9792 0 0 0 0 0 0 0 
_1.ptx 522 : 876 8016 0 0 0 0 0 0 0 
_1.ptx 523 : 876 3124 0 0 0 0 0 0 0 
_1.ptx 524 : 876 7905 0 0 0 0 0 0 0 
_1.ptx 525 : 876 9675 0 0 0 0 0 0 0 
_1.ptx 526 : 876 8069 0 0 0 0 0 0 0 
_1.ptx 527 : 876 5411 0 0 0 0 0 0 0 
_1.ptx 538 : 193536 2135744 0 0 0 0 0 0 0 
_1.ptx 539 : 193536 121015744 774144 0 0 6048 6048 0 0 
_1.ptx 541 : 193536 2135424 0 0 0 0 0 0 0 
_1.ptx 542 : 193536 110612160 774144 0 0 6048 6048 0 0 
_1.ptx 544 : 193536 2156416 0 0 0 0 0 0 0 
_1.ptx 545 : 193536 2137152 0 0 0 0 0 0 0 
_1.ptx 546 : 193536 1372160 0 0 0 0 0 0 0 
_1.ptx 547 : 193536 2095712 0 0 0 0 0 0 0 
_1.ptx 548 : 193536 2137280 0 0 0 0 0 0 0 
_1.ptx 549 : 193536 107379200 774144 0 0 6048 6048 0 0 
_1.ptx 551 : 193536 2082592 0 0 0 0 0 0 0 
_1.ptx 552 : 193536 2137248 0 0 0 0 0 0 0 
_1.ptx 553 : 193536 1375744 0 0 0 0 0 0 0 
_1.ptx 554 : 193536 2090624 0 0 0 0 0 0 0 
_1.ptx 555 : 193536 2138560 0 0 0 0 0 0 0 
_1.ptx 556 : 193536 105628000 774144 0 0 6048 6048 0 0 
_1.ptx 557 : 193536 1166784 0 0 0 0 0 0 0 
_1.ptx 558 : 193536 1558496 0 0 0 0 0 0 0 
_1.ptx 559 : 193536 0 0 0 0 0 0 0 0 
_1.ptx 561 : 193536 1377024 0 0 0 0 0 0 0 
_1.ptx 562 : 193536 2189952 0 0 0 0 0 0 0 
_1.ptx 563 : 193536 2140128 0 0 0 0 0 0 0 
_1.ptx 564 : 193536 122052960 29952 0 0 46866 6048 0 0 
_1.ptx 566 : 193536 2136832 0 0 0 0 0 0 0 
_1.ptx 567 : 193536 1373920 0 0 0 0 0 0 0 
_1.ptx 568 : 193536 2114272 0 0 0 0 0 0 0 
_1.ptx 569 : 193536 2138144 0 0 0 0 0 0 0 
_1.ptx 570 : 193536 135809408 34944 0 0 46866 6048 0 0 
_1.ptx 572 : 193536 2137312 0 0 0 0 0 0 0 
_1.ptx 573 : 193536 1367968 0 0 0 0 0 0 0 
_1.ptx 574 : 193536 2112000 0 0 0 0 0 0 0 
_1.ptx 575 : 193536 2137376 0 0 0 0 0 0 0 
_1.ptx 576 : 193536 140746944 32768 0 0 46866 6048 0 0 
_1.ptx 578 : 193536 2136000 0 0 0 0 0 0 0 
_1.ptx 579 : 193536 1368768 0 0 0 0 0 0 0 
_1.ptx 580 : 193536 2117792 0 0 0 0 0 0 0 
_1.ptx 581 : 193536 2137664 0 0 0 0 0 0 0 
_1.ptx 582 : 193536 137514016 27904 0 0 46866 6048 0 0 
_1.ptx 584 : 193536 2138240 0 0 0 0 0 0 0 
_1.ptx 585 : 193536 1368448 0 0 0 0 0 0 0 
_1.ptx 586 : 193536 2104864 0 0 0 0 0 0 0 
_1.ptx 587 : 193536 2136800 0 0 0 0 0 0 0 
_1.ptx 588 : 193536 140818048 27776 0 0 46866 6048 0 0 
_1.ptx 590 : 193536 9171488 0 0 0 0 0 0 0 
_1.ptx 591 : 193536 9635168 0 0 0 0 0 0 0 
_1.ptx 592 : 193536 10144192 0 0 0 0 0 0 0 
_1.ptx 593 : 193536 1165152 0 0 0 0 0 0 0 
_1.ptx 594 : 193536 2135136 0 0 0 0 0 0 0 
_1.ptx 595 : 193536 9344320 0 0 0 0 0 0 0 
_1.ptx 596 : 193536 9294944 0 0 0 0 0 0 0 
_1.ptx 597 : 193536 9169312 0 0 0 0 0 0 0 
_1.ptx 598 : 193536 1168320 0 0 0 0 0 0 0 
_1.ptx 599 : 193536 2140000 0 0 0 0 0 0 0 
_1.ptx 600 : 193536 2211968 0 0 0 0 0 0 0 
_1.ptx 601 : 193536 2154816 0 0 0 0 0 0 0 
_1.ptx 602 : 193536 1756288 0 0 0 0 0 0 0 
_1.ptx 603 : 193536 1753248 0 0 0 0 0 0 0 
_1.ptx 604 : 193536 1754048 0 0 0 0 0 0 0 
_1.ptx 605 : 193536 1761984 0 0 0 0 0 0 0 
_1.ptx 606 : 193536 2157728 0 0 0 0 0 0 0 
_1.ptx 607 : 193536 2139040 0 0 0 0 0 0 0 
_1.ptx 608 : 193536 2139488 0 0 0 0 0 0 0 
_1.ptx 609 : 193536 2141152 0 0 0 0 0 0 0 
_1.ptx 610 : 193536 1168416 0 0 0 0 0 0 0 
_1.ptx 611 : 193536 2145024 0 0 0 0 0 0 0 
_1.ptx 612 : 193536 1170048 0 0 0 0 0 0 0 
_1.ptx 613 : 193536 2138656 0 0 0 0 0 0 0 
_1.ptx 614 : 193536 3846432 0 0 0 0 0 0 0 
_1.ptx 615 : 193536 5487040 0 0 0 0 0 0 0 
_1.ptx 616 : 193536 2148704 0 0 0 0 0 0 0 
_1.ptx 617 : 193536 1175808 0 0 0 0 0 0 0 
_1.ptx 618 : 193536 2142816 0 0 0 0 0 0 0 
_1.ptx 619 : 193536 9323968 0 0 0 0 0 0 0 
_1.ptx 620 : 193536 2998336 0 0 0 0 0 0 0 
_1.ptx 621 : 193536 2140064 0 0 0 0 0 0 0 
_1.ptx 622 : 193536 1168480 0 0 0 0 0 0 0 
_1.ptx 623 : 193536 2139840 0 0 0 0 0 0 0 
_1.ptx 624 : 193536 9207360 0 0 0 0 0 0 0 
_1.ptx 625 : 193536 2992000 0 0 0 0 0 0 0 
_1.ptx 626 : 193536 2141248 0 0 0 0 0 0 0 
_1.ptx 627 : 193536 2145792 0 0 0 0 0 0 0 
_1.ptx 628 : 193536 1754944 0 0 0 0 0 0 0 
_1.ptx 629 : 193536 1756704 0 0 0 0 0 0 0 
_1.ptx 630 : 193536 3851520 0 0 0 0 0 0 0 
_1.ptx 631 : 193536 1385472 0 0 0 0 0 0 0 
_1.ptx 632 : 193536 1216416 0 0 0 0 0 0 0 
_1.ptx 633 : 193536 2147904 0 0 0 0 0 0 0 
_1.ptx 634 : 193536 1177888 0 0 0 0 0 0 0 
_1.ptx 635 : 193536 2149824 0 0 0 0 0 0 0 
_1.ptx 636 : 193536 2151328 0 0 0 0 0 0 0 
_1.ptx 638 : 193536 2147904 0 0 0 0 0 0 0 
_1.ptx 639 : 193536 1765472 0 0 0 0 0 0 0 
_1.ptx 641 : 193536 2155488 0 0 0 0 0 0 0 
_1.ptx 642 : 193536 1760352 0 0 0 0 0 0 0 
_1.ptx 644 : 193536 2155520 0 0 0 0 0 0 0 
_1.ptx 645 : 193536 1757728 0 0 0 0 0 0 0 
_1.ptx 647 : 193536 2153088 0 0 0 0 0 0 0 
_1.ptx 648 : 193536 1754496 0 0 0 0 0 0 0 
_1.ptx 650 : 193536 2140864 0 0 0 0 0 0 0 
_1.ptx 651 : 193536 1758080 0 0 0 0 0 0 0 
_1.ptx 653 : 193536 1189184 0 0 0 0 0 0 0 
_1.ptx 654 : 193536 2149184 0 0 0 0 0 0 0 
_1.ptx 655 : 193536 2147648 0 0 0 0 0 0 0 
_1.ptx 656 : 193536 1786400 0 0 0 0 0 0 0 
_1.ptx 658 : 193536 2192704 0 0 0 0 0 0 0 
_1.ptx 659 : 193536 2188768 0 0 0 0 0 0 0 
_1.ptx 660 : 193536 2145760 0 0 0 0 0 0 0 
_1.ptx 661 : 193536 1754784 0 0 0 0 0 0 0 
_1.ptx 662 : 193536 1766752 0 0 0 0 0 0 0 
_1.ptx 664 : 193536 1770688 0 0 0 0 0 0 0 
_1.ptx 665 : 193536 1770080 0 0 0 0 0 0 0 
_1.ptx 666 : 193536 2153120 0 0 0 0 0 0 0 
_1.ptx 667 : 193536 1762208 0 0 0 0 0 0 0 
_1.ptx 669 : 193536 2216288 0 0 0 0 0 0 0 
_1.ptx 670 : 193536 2136032 0 0 0 0 0 0 0 
_1.ptx 671 : 193536 2139552 0 0 0 0 0 0 0 
_1.ptx 672 : 193536 1791840 0 0 0 0 0 0 0 
_1.ptx 674 : 193536 2357152 0 0 0 0 0 0 0 
_1.ptx 675 : 193536 2231744 0 0 0 0 0 0 0 
_1.ptx 676 : 193536 2144608 0 0 0 0 0 0 0 
_1.ptx 677 : 193536 1770688 0 0 0 0 0 0 0 
_1.ptx 679 : 193536 1194592 0 0 0 0 0 0 0 
_1.ptx 680 : 193536 2170624 0 0 0 0 0 0 0 
_1.ptx 681 : 193536 2164544 0 0 0 0 0 0 0 
_1.ptx 682 : 193536 1782304 0 0 0 0 0 0 0 
_1.ptx 684 : 193536 2195616 0 0 0 0 0 0 0 
_1.ptx 685 : 193536 1755712 0 0 0 0 0 0 0 
_1.ptx 686 : 193536 1765120 0 0 0 0 0 0 0 
_1.ptx 688 : 193536 1764704 0 0 0 0 0 0 0 
_1.ptx 690 : 193536 1772160 0 0 0 0 0 0 0 
_1.ptx 691 : 193536 1754016 0 0 0 0 0 0 0 
_1.ptx 692 : 193536 2138880 0 0 0 0 0 0 0 
_1.ptx 693 : 193536 1803264 0 0 0 0 0 0 0 
_1.ptx 695 : 193536 2234848 0 0 0 0 0 0 0 
_1.ptx 696 : 193536 2221184 0 0 0 0 0 0 0 
_1.ptx 697 : 193536 2146368 0 0 0 0 0 0 0 
_1.ptx 698 : 193536 1779392 0 0 0 0 0 0 0 
_1.ptx 700 : 193536 1202464 0 0 0 0 0 0 0 
_1.ptx 701 : 193536 2175520 0 0 0 0 0 0 0 
_1.ptx 702 : 193536 2177024 0 0 0 0 0 0 0 
_1.ptx 703 : 193536 1782944 0 0 0 0 0 0 0 
_1.ptx 705 : 193536 2197920 0 0 0 0 0 0 0 
_1.ptx 706 : 193536 1760672 0 0 0 0 0 0 0 
_1.ptx 707 : 193536 1771936 0 0 0 0 0 0 0 
_1.ptx 709 : 193536 1776064 0 0 0 0 0 0 0 
_1.ptx 711 : 193536 1800128 0 0 0 0 0 0 0 
_1.ptx 713 : 193536 1796896 0 0 0 0 0 0 0 
_1.ptx 714 : 193536 1780256 0 0 0 0 0 0 0 
_1.ptx 715 : 193536 2145728 0 0 0 0 0 0 0 
_1.ptx 716 : 193536 1753920 0 0 0 0 0 0 0 
_1.ptx 717 : 193536 1181504 0 0 0 0 0 0 0 
_1.ptx 834 : 193536 2132576 0 0 0 0 0 0 0 
_1.ptx 835 : 193536 108624544 774144 0 0 6048 6048 0 0 
_1.ptx 837 : 193536 2135808 0 0 0 0 0 0 0 
_1.ptx 838 : 193536 104081280 774144 0 0 6048 6048 0 0 
_1.ptx 840 : 193536 2181632 0 0 0 0 0 0 0 
_1.ptx 841 : 193536 2136256 0 0 0 0 0 0 0 
_1.ptx 842 : 193536 1376096 0 0 0 0 0 0 0 
_1.ptx 843 : 193536 2078112 0 0 0 0 0 0 0 
_1.ptx 844 : 193536 2138720 0 0 0 0 0 0 0 
_1.ptx 845 : 193536 101694048 774144 0 0 6048 6048 0 0 
_1.ptx 847 : 193536 2044448 0 0 0 0 0 0 0 
_1.ptx 848 : 193536 2145600 0 0 0 0 0 0 0 
_1.ptx 849 : 193536 1376128 0 0 0 0 0 0 0 
_1.ptx 850 : 193536 2064928 0 0 0 0 0 0 0 
_1.ptx 851 : 193536 2134080 0 0 0 0 0 0 0 
_1.ptx 852 : 193536 103341920 774144 0 0 6048 6048 0 0 
_1.ptx 853 : 193536 1163072 0 0 0 0 0 0 0 
_1.ptx 854 : 193536 1558944 0 0 0 0 0 0 0 
_1.ptx 855 : 193536 0 0 0 0 0 0 0 0 
_1.ptx 857 : 193536 1367328 0 0 0 0 0 0 0 
_1.ptx 858 : 193536 2093760 0 0 0 0 0 0 0 
_1.ptx 859 : 193536 2137440 0 0 0 0 0 0 0 
_1.ptx 860 : 193536 77484576 2304 0 0 13843 6048 0 0 
_1.ptx 862 : 193536 2138304 0 0 0 0 0 0 0 
_1.ptx 863 : 193536 1376800 0 0 0 0 0 0 0 
_1.ptx 864 : 193536 2082112 0 0 0 0 0 0 0 
_1.ptx 865 : 193536 2137440 0 0 0 0 0 0 0 
_1.ptx 866 : 193536 78501504 2688 0 0 13843 6048 0 0 
_1.ptx 868 : 193536 2138784 0 0 0 0 0 0 0 
_1.ptx 869 : 193536 1369376 0 0 0 0 0 0 0 
_1.ptx 870 : 193536 2303840 0 0 0 0 0 0 0 
_1.ptx 871 : 193536 2135744 0 0 0 0 0 0 0 
_1.ptx 872 : 193536 79331648 2560 0 0 13843 6048 0 0 
_1.ptx 874 : 193536 2139104 0 0 0 0 0 0 0 
_1.ptx 875 : 193536 1375136 0 0 0 0 0 0 0 
_1.ptx 876 : 193536 2078176 0 0 0 0 0 0 0 
_1.ptx 877 : 193536 2138112 0 0 0 0 0 0 0 
_1.ptx 878 : 193536 78607200 2176 0 0 13843 6048 0 0 
_1.ptx 880 : 193536 2137568 0 0 0 0 0 0 0 
_1.ptx 881 : 193536 1369856 0 0 0 0 0 0 0 
_1.ptx 882 : 193536 2141568 0 0 0 0 0 0 0 
_1.ptx 883 : 193536 2137472 0 0 0 0 0 0 0 
_1.ptx 884 : 193536 79834880 1792 0 0 13843 6048 0 0 
_1.ptx 886 : 193536 10156224 0 0 0 0 0 0 0 
_1.ptx 887 : 193536 10931808 0 0 0 0 0 0 0 
_1.ptx 888 : 193536 11380576 0 0 0 0 0 0 0 
_1.ptx 889 : 193536 1164000 0 0 0 0 0 0 0 
_1.ptx 890 : 193536 2140224 0 0 0 0 0 0 0 
_1.ptx 891 : 193536 10511648 0 0 0 0 0 0 0 
_1.ptx 892 : 193536 10649792 0 0 0 0 0 0 0 
_1.ptx 893 : 193536 10863712 0 0 0 0 0 0 0 
_1.ptx 894 : 193536 1172352 0 0 0 0 0 0 0 
_1.ptx 895 : 193536 2142688 0 0 0 0 0 0 0 
_1.ptx 896 : 193536 2149088 0 0 0 0 0 0 0 
_1.ptx 897 : 193536 2164448 0 0 0 0 0 0 0 
_1.ptx 898 : 193536 1762464 0 0 0 0 0 0 0 
_1.ptx 899 : 193536 1763072 0 0 0 0 0 0 0 
_1.ptx 900 : 193536 1767488 0 0 0 0 0 0 0 
_1.ptx 901 : 193536 1771584 0 0 0 0 0 0 0 
_1.ptx 902 : 193536 2174816 0 0 0 0 0 0 0 
_1.ptx 903 : 193536 2147872 0 0 0 0 0 0 0 
_1.ptx 904 : 193536 2148096 0 0 0 0 0 0 0 
_1.ptx 905 : 193536 2151616 0 0 0 0 0 0 0 
_1.ptx 906 : 193536 1182144 0 0 0 0 0 0 0 
_1.ptx 907 : 193536 2177696 0 0 0 0 0 0 0 
_1.ptx 908 : 193536 1209216 0 0 0 0 0 0 0 
_1.ptx 909 : 193536 2176448 0 0 0 0 0 0 0 
_1.ptx 910 : 193536 5529152 0 0 0 0 0 0 0 
_1.ptx 911 : 193536 7915392 0 0 0 0 0 0 0 
_1.ptx 912 : 193536 2149696 0 0 0 0 0 0 0 
_1.ptx 913 : 193536 1173024 0 0 0 0 0 0 0 
_1.ptx 914 : 193536 2145280 0 0 0 0 0 0 0 
_1.ptx 915 : 193536 10300736 0 0 0 0 0 0 0 
_1.ptx 916 : 193536 3578432 0 0 0 0 0 0 0 
_1.ptx 917 : 193536 2141216 0 0 0 0 0 0 0 
_1.ptx 918 : 193536 1167040 0 0 0 0 0 0 0 
_1.ptx 919 : 193536 2139296 0 0 0 0 0 0 0 
_1.ptx 920 : 193536 9676192 0 0 0 0 0 0 0 
_1.ptx 921 : 193536 4776768 0 0 0 0 0 0 0 
_1.ptx 922 : 193536 2144064 0 0 0 0 0 0 0 
_1.ptx 923 : 193536 2140000 0 0 0 0 0 0 0 
_1.ptx 924 : 193536 1756512 0 0 0 0 0 0 0 
_1.ptx 925 : 193536 1768320 0 0 0 0 0 0 0 
_1.ptx 926 : 193536 3549984 0 0 0 0 0 0 0 
_1.ptx 927 : 193536 1402464 0 0 0 0 0 0 0 
_1.ptx 928 : 193536 1229536 0 0 0 0 0 0 0 
_1.ptx 929 : 193536 2158112 0 0 0 0 0 0 0 
_1.ptx 930 : 193536 1192640 0 0 0 0 0 0 0 
_1.ptx 931 : 193536 2158528 0 0 0 0 0 0 0 
_1.ptx 932 : 193536 2159520 0 0 0 0 0 0 0 
_1.ptx 934 : 193536 2156064 0 0 0 0 0 0 0 
_1.ptx 935 : 193536 1762240 0 0 0 0 0 0 0 
_1.ptx 937 : 193536 2155456 0 0 0 0 0 0 0 
_1.ptx 938 : 193536 1756672 0 0 0 0 0 0 0 
_1.ptx 940 : 193536 2134624 0 0 0 0 0 0 0 
_1.ptx 941 : 193536 1787584 0 0 0 0 0 0 0 
_1.ptx 943 : 193536 2217632 0 0 0 0 0 0 0 
_1.ptx 944 : 193536 1769824 0 0 0 0 0 0 0 
_1.ptx 946 : 193536 2200096 0 0 0 0 0 0 0 
_1.ptx 947 : 193536 1772320 0 0 0 0 0 0 0 
_1.ptx 949 : 193536 1210848 0 0 0 0 0 0 0 
_1.ptx 950 : 193536 2166048 0 0 0 0 0 0 0 
_1.ptx 951 : 193536 2165664 0 0 0 0 0 0 0 
_1.ptx 952 : 193536 1820544 0 0 0 0 0 0 0 
_1.ptx 954 : 193536 2258944 0 0 0 0 0 0 0 
_1.ptx 955 : 193536 2222464 0 0 0 0 0 0 0 
_1.ptx 956 : 193536 2159328 0 0 0 0 0 0 0 
_1.ptx 957 : 193536 1760544 0 0 0 0 0 0 0 
_1.ptx 958 : 193536 1762016 0 0 0 0 0 0 0 
_1.ptx 960 : 193536 1780544 0 0 0 0 0 0 0 
_1.ptx 961 : 193536 1746752 0 0 0 0 0 0 0 
_1.ptx 962 : 193536 2137216 0 0 0 0 0 0 0 
_1.ptx 963 : 193536 1821984 0 0 0 0 0 0 0 
_1.ptx 965 : 193536 2315360 0 0 0 0 0 0 0 
_1.ptx 966 : 193536 2259424 0 0 0 0 0 0 0 
_1.ptx 967 : 193536 2148960 0 0 0 0 0 0 0 
_1.ptx 968 : 193536 1823296 0 0 0 0 0 0 0 
_1.ptx 970 : 193536 2362848 0 0 0 0 0 0 0 
_1.ptx 971 : 193536 2249344 0 0 0 0 0 0 0 
_1.ptx 972 : 193536 2152224 0 0 0 0 0 0 0 
_1.ptx 973 : 193536 1781792 0 0 0 0 0 0 0 
_1.ptx 975 : 193536 1217152 0 0 0 0 0 0 0 
_1.ptx 976 : 193536 2181984 0 0 0 0 0 0 0 
_1.ptx 977 : 193536 2175904 0 0 0 0 0 0 0 
_1.ptx 978 : 193536 1794848 0 0 0 0 0 0 0 
_1.ptx 980 : 193536 2211328 0 0 0 0 0 0 0 
_1.ptx 981 : 193536 1747872 0 0 0 0 0 0 0 
_1.ptx 982 : 193536 1784544 0 0 0 0 0 0 0 
_1.ptx 984 : 193536 1794720 0 0 0 0 0 0 0 
_1.ptx 986 : 193536 1820096 0 0 0 0 0 0 0 
_1.ptx 987 : 193536 1814240 0 0 0 0 0 0 0 
_1.ptx 988 : 193536 2188576 0 0 0 0 0 0 0 
_1.ptx 989 : 193536 1801088 0 0 0 0 0 0 0 
_1.ptx 991 : 193536 2242368 0 0 0 0 0 0 0 
_1.ptx 992 : 193536 2207584 0 0 0 0 0 0 0 
_1.ptx 993 : 193536 2162464 0 0 0 0 0 0 0 
_1.ptx 994 : 193536 1785632 0 0 0 0 0 0 0 
_1.ptx 996 : 193536 1218784 0 0 0 0 0 0 0 
_1.ptx 997 : 193536 2185568 0 0 0 0 0 0 0 
_1.ptx 998 : 193536 2191040 0 0 0 0 0 0 0 
_1.ptx 999 : 193536 1789856 0 0 0 0 0 0 0 
_1.ptx 1001 : 193536 2324544 0 0 0 0 0 0 0 
_1.ptx 1002 : 193536 1749024 0 0 0 0 0 0 0 
_1.ptx 1003 : 193536 1791136 0 0 0 0 0 0 0 
_1.ptx 1005 : 193536 1817024 0 0 0 0 0 0 0 
_1.ptx 1007 : 193536 1829696 0 0 0 0 0 0 0 
_1.ptx 1009 : 193536 1828416 0 0 0 0 0 0 0 
_1.ptx 1010 : 193536 1821632 0 0 0 0 0 0 0 
_1.ptx 1011 : 193536 2193184 0 0 0 0 0 0 0 
_1.ptx 1012 : 193536 1759552 0 0 0 0 0 0 0 
_1.ptx 1013 : 193536 1188256 0 0 0 0 0 0 0 
_1.ptx 1130 : 193536 2133664 0 0 0 0 0 0 0 
_1.ptx 1131 : 193536 95637184 774144 0 0 6048 6048 0 0 
_1.ptx 1133 : 193536 2136288 0 0 0 0 0 0 0 
_1.ptx 1134 : 193536 94403776 774144 0 0 6048 6048 0 0 
_1.ptx 1136 : 193536 2209984 0 0 0 0 0 0 0 
_1.ptx 1137 : 193536 2134336 0 0 0 0 0 0 0 
_1.ptx 1138 : 193536 1372160 0 0 0 0 0 0 0 
_1.ptx 1139 : 193536 2052928 0 0 0 0 0 0 0 
_1.ptx 1140 : 193536 2136064 0 0 0 0 0 0 0 
_1.ptx 1141 : 193536 94452544 774144 0 0 6048 6048 0 0 
_1.ptx 1143 : 193536 2056032 0 0 0 0 0 0 0 
_1.ptx 1144 : 193536 2135264 0 0 0 0 0 0 0 
_1.ptx 1145 : 193536 1364896 0 0 0 0 0 0 0 
_1.ptx 1146 : 193536 2212576 0 0 0 0 0 0 0 
_1.ptx 1147 : 193536 2135584 0 0 0 0 0 0 0 
_1.ptx 1148 : 193536 100774240 774144 0 0 6048 6048 0 0 
_1.ptx 1149 : 193536 1164192 0 0 0 0 0 0 0 
_1.ptx 1150 : 193536 1557728 0 0 0 0 0 0 0 
_1.ptx 1151 : 193536 0 0 0 0 0 0 0 0 
_1.ptx 1153 : 193536 1370592 0 0 0 0 0 0 0 
_1.ptx 1154 : 193536 2055584 0 0 0 0 0 0 0 
_1.ptx 1155 : 193536 2137728 0 0 0 0 0 0 0 
_1.ptx 1156 : 193536 188931648 912896 0 0 128577 6048 0 0 
_1.ptx 1158 : 193536 2136768 0 0 0 0 0 0 0 
_1.ptx 1159 : 193536 1371072 0 0 0 0 0 0 0 
_1.ptx 1160 : 193536 2038944 0 0 0 0 0 0 0 
_1.ptx 1161 : 193536 2136864 0 0 0 0 0 0 0 
_1.ptx 1162 : 193536 232403136 924288 0 0 128577 6048 0 0 
_1.ptx 1164 : 193536 2134656 0 0 0 0 0 0 0 
_1.ptx 1165 : 193536 1364640 0 0 0 0 0 0 0 
_1.ptx 1166 : 193536 2073344 0 0 0 0 0 0 0 
_1.ptx 1167 : 193536 2135232 0 0 0 0 0 0 0 
_1.ptx 1168 : 193536 237534976 914944 0 0 128577 6048 0 0 
_1.ptx 1170 : 193536 2135968 0 0 0 0 0 0 0 
_1.ptx 1171 : 193536 1367232 0 0 0 0 0 0 0 
_1.ptx 1172 : 193536 2023744 0 0 0 0 0 0 0 
_1.ptx 1173 : 193536 2135648 0 0 0 0 0 0 0 
_1.ptx 1174 : 193536 242277376 906368 0 0 128577 6048 0 0 
_1.ptx 1176 : 193536 2135616 0 0 0 0 0 0 0 
_1.ptx 1177 : 193536 1363776 0 0 0 0 0 0 0 
_1.ptx 1178 : 193536 2022368 0 0 0 0 0 0 0 
_1.ptx 1179 : 193536 2135840 0 0 0 0 0 0 0 
_1.ptx 1180 : 193536 244149312 914304 0 0 128577 6048 0 0 
_1.ptx 1182 : 193536 8972384 0 0 0 0 0 0 0 
_1.ptx 1183 : 193536 9303584 0 0 0 0 0 0 0 
_1.ptx 1184 : 193536 9860672 0 0 0 0 0 0 0 
_1.ptx 1185 : 193536 1163872 0 0 0 0 0 0 0 
_1.ptx 1186 : 193536 2139744 0 0 0 0 0 0 0 
_1.ptx 1187 : 193536 9152608 0 0 0 0 0 0 0 
_1.ptx 1188 : 193536 9130400 0 0 0 0 0 0 0 
_1.ptx 1189 : 193536 9009888 0 0 0 0 0 0 0 
_1.ptx 1190 : 193536 1163712 0 0 0 0 0 0 0 
_1.ptx 1191 : 193536 2134400 0 0 0 0 0 0 0 
_1.ptx 1192 : 193536 2134720 0 0 0 0 0 0 0 
_1.ptx 1193 : 193536 2142240 0 0 0 0 0 0 0 
_1.ptx 1194 : 193536 1747040 0 0 0 0 0 0 0 
_1.ptx 1195 : 193536 1747520 0 0 0 0 0 0 0 
_1.ptx 1196 : 193536 1746144 0 0 0 0 0 0 0 
_1.ptx 1197 : 193536 1751424 0 0 0 0 0 0 0 
_1.ptx 1198 : 193536 2145504 0 0 0 0 0 0 0 
_1.ptx 1199 : 193536 2134816 0 0 0 0 0 0 0 
_1.ptx 1200 : 193536 2141248 0 0 0 0 0 0 0 
_1.ptx 1201 : 193536 2134496 0 0 0 0 0 0 0 
_1.ptx 1202 : 193536 1163776 0 0 0 0 0 0 0 
_1.ptx 1203 : 193536 2138720 0 0 0 0 0 0 0 
_1.ptx 1204 : 193536 1164000 0 0 0 0 0 0 0 
_1.ptx 1205 : 193536 2133664 0 0 0 0 0 0 0 
_1.ptx 1206 : 193536 2820864 0 0 0 0 0 0 0 
_1.ptx 1207 : 193536 3999008 0 0 0 0 0 0 0 
_1.ptx 1208 : 193536 2136160 0 0 0 0 0 0 0 
_1.ptx 1209 : 193536 1165472 0 0 0 0 0 0 0 
_1.ptx 1210 : 193536 2291840 0 0 0 0 0 0 0 
_1.ptx 1211 : 193536 8970112 0 0 0 0 0 0 0 
_1.ptx 1212 : 193536 2769696 0 0 0 0 0 0 0 
_1.ptx 1213 : 193536 2134592 0 0 0 0 0 0 0 
_1.ptx 1214 : 193536 1163360 0 0 0 0 0 0 0 
_1.ptx 1215 : 193536 2133120 0 0 0 0 0 0 0 
_1.ptx 1216 : 193536 9042816 0 0 0 0 0 0 0 
_1.ptx 1217 : 193536 2874016 0 0 0 0 0 0 0 
_1.ptx 1218 : 193536 2135200 0 0 0 0 0 0 0 
_1.ptx 1219 : 193536 2137984 0 0 0 0 0 0 0 
_1.ptx 1220 : 193536 1749664 0 0 0 0 0 0 0 
_1.ptx 1221 : 193536 1753312 0 0 0 0 0 0 0 
_1.ptx 1222 : 193536 2810016 0 0 0 0 0 0 0 
_1.ptx 1223 : 193536 1367584 0 0 0 0 0 0 0 
_1.ptx 1224 : 193536 1181664 0 0 0 0 0 0 0 
_1.ptx 1225 : 193536 2136160 0 0 0 0 0 0 0 
_1.ptx 1226 : 193536 1164416 0 0 0 0 0 0 0 
_1.ptx 1227 : 193536 2135584 0 0 0 0 0 0 0 
_1.ptx 1228 : 193536 2133568 0 0 0 0 0 0 0 
_1.ptx 1230 : 193536 2135232 0 0 0 0 0 0 0 
_1.ptx 1231 : 193536 1747136 0 0 0 0 0 0 0 
_1.ptx 1233 : 193536 2134464 0 0 0 0 0 0 0 
_1.ptx 1234 : 193536 1751200 0 0 0 0 0 0 0 
_1.ptx 1236 : 193536 2138272 0 0 0 0 0 0 0 
_1.ptx 1237 : 193536 1747136 0 0 0 0 0 0 0 
_1.ptx 1239 : 193536 2142144 0 0 0 0 0 0 0 
_1.ptx 1240 : 193536 1747072 0 0 0 0 0 0 0 
_1.ptx 1242 : 193536 2148032 0 0 0 0 0 0 0 
_1.ptx 1243 : 193536 1749152 0 0 0 0 0 0 0 
_1.ptx 1245 : 193536 1170208 0 0 0 0 0 0 0 
_1.ptx 1246 : 193536 2135296 0 0 0 0 0 0 0 
_1.ptx 1247 : 193536 2135712 0 0 0 0 0 0 0 
_1.ptx 1248 : 193536 1749248 0 0 0 0 0 0 0 
_1.ptx 1250 : 193536 2145536 0 0 0 0 0 0 0 
_1.ptx 1251 : 193536 2140768 0 0 0 0 0 0 0 
_1.ptx 1252 : 193536 2134368 0 0 0 0 0 0 0 
_1.ptx 1253 : 193536 1747904 0 0 0 0 0 0 0 
_1.ptx 1254 : 193536 1750176 0 0 0 0 0 0 0 
_1.ptx 1256 : 193536 1753920 0 0 0 0 0 0 0 
_1.ptx 1257 : 193536 1752320 0 0 0 0 0 0 0 
_1.ptx 1258 : 193536 2133920 0 0 0 0 0 0 0 
_1.ptx 1259 : 193536 1755552 0 0 0 0 0 0 0 
_1.ptx 1261 : 193536 2161280 0 0 0 0 0 0 0 
_1.ptx 1262 : 193536 2143424 0 0 0 0 0 0 0 
_1.ptx 1263 : 193536 2136896 0 0 0 0 0 0 0 
_1.ptx 1264 : 193536 1761536 0 0 0 0 0 0 0 
_1.ptx 1266 : 193536 2316000 0 0 0 0 0 0 0 
_1.ptx 1267 : 193536 2152256 0 0 0 0 0 0 0 
_1.ptx 1268 : 193536 2137024 0 0 0 0 0 0 0 
_1.ptx 1269 : 193536 1749504 0 0 0 0 0 0 0 
_1.ptx 1271 : 193536 1168896 0 0 0 0 0 0 0 
_1.ptx 1272 : 193536 2138752 0 0 0 0 0 0 0 
_1.ptx 1273 : 193536 2137088 0 0 0 0 0 0 0 
_1.ptx 1274 : 193536 1753408 0 0 0 0 0 0 0 
_1.ptx 1276 : 193536 2209888 0 0 0 0 0 0 0 
_1.ptx 1277 : 193536 1746720 0 0 0 0 0 0 0 
_1.ptx 1278 : 193536 1752000 0 0 0 0 0 0 0 
_1.ptx 1280 : 193536 1753952 0 0 0 0 0 0 0 
_1.ptx 1282 : 193536 1765920 0 0 0 0 0 0 0 
_1.ptx 1283 : 193536 1760704 0 0 0 0 0 0 0 
_1.ptx 1284 : 193536 2144352 0 0 0 0 0 0 0 
_1.ptx 1285 : 193536 1756640 0 0 0 0 0 0 0 
_1.ptx 1287 : 193536 2208960 0 0 0 0 0 0 0 
_1.ptx 1288 : 193536 2145216 0 0 0 0 0 0 0 
_1.ptx 1289 : 193536 2138048 0 0 0 0 0 0 0 
_1.ptx 1290 : 193536 1753216 0 0 0 0 0 0 0 
_1.ptx 1292 : 193536 1169376 0 0 0 0 0 0 0 
_1.ptx 1293 : 193536 2140672 0 0 0 0 0 0 0 
_1.ptx 1294 : 193536 2139296 0 0 0 0 0 0 0 
_1.ptx 1295 : 193536 1754912 0 0 0 0 0 0 0 
_1.ptx 1297 : 193536 2177024 0 0 0 0 0 0 0 
_1.ptx 1298 : 193536 1750080 0 0 0 0 0 0 0 
_1.ptx 1299 : 193536 1754112 0 0 0 0 0 0 0 
_1.ptx 1301 : 193536 1757120 0 0 0 0 0 0 0 
_1.ptx 1303 : 193536 1770112 0 0 0 0 0 0 0 
_1.ptx 1305 : 193536 1775040 0 0 0 0 0 0 0 
_1.ptx 1306 : 193536 1764576 0 0 0 0 0 0 0 
_1.ptx 1307 : 193536 2144096 0 0 0 0 0 0 0 
_1.ptx 1308 : 193536 1748032 0 0 0 0 0 0 0 
_1.ptx 1309 : 193536 1171904 0 0 0 0 0 0 0 
_1.ptx 1426 : 193536 35660192 0 0 0 0 0 0 0 
_1.ptx 1427 : 193536 2137216 0 0 0 0 0 0 0 
_1.ptx 1428 : 193536 21493696 774144 0 0 6048 6048 0 0 
_1.ptx 1430 : 193536 2135168 0 0 0 0 0 0 0 
_1.ptx 1431 : 193536 14146592 774144 0 0 6048 6048 0 0 
_1.ptx 1433 : 193536 2135008 0 0 0 0 0 0 0 
_1.ptx 1434 : 193536 12924000 774144 0 0 6048 6048 0 0 
_1.ptx 1436 : 193536 2135872 0 0 0 0 0 0 0 
_1.ptx 1437 : 193536 12138880 774144 0 0 6048 6048 0 0 
_1.ptx 1439 : 193536 2141376 0 0 0 0 0 0 0 
_1.ptx 1440 : 193536 10538304 774144 0 0 6048 6048 0 0 
_1.ptx 1442 : 193536 1165760 0 0 0 0 0 0 0 
