kernel line : count latency dram_traffic smem_bk_conflicts smem_warp gmem_access_generated gmem_warp exposed_latency warp_divergence
_3.ptx 1227 : 25604099 282486652 0 0 0 0 0 0 0 
_3.ptx 1228 : 25604099 32396883374 1207421056 0 0 25604099 1678196 0 0 
_3.ptx 1229 : 25604099 154031396 0 0 0 0 0 0 0 
_3.ptx 1230 : 25604099 206142406 0 0 0 0 0 0 0 
_3.ptx 1231 : 25604099 231348865 0 0 0 0 0 0 0 
_3.ptx 1233 : 25604099 154555273 0 0 0 0 0 0 0 
_3.ptx 1236 : 737280 5197334 0 0 0 0 0 0 0 
_3.ptx 1237 : 737280 8132246 0 0 0 0 0 0 0 
_3.ptx 1238 : 737280 676240833 44136704 0 0 737280 286414 0 0 
_3.ptx 1239 : 737280 4437292 0 0 0 0 0 0 0 
_3.ptx 1240 : 737280 5941203 0 0 0 0 0 0 0 
_3.ptx 1241 : 737280 3980061 0 0 0 0 0 0 11691 
_3.ptx 1242 : 76800 462596 0 0 0 0 0 0 0 
_3.ptx 1243 : 76800 463475 0 0 0 0 0 0 0 
_3.ptx 1246 : 660480 3976401 0 0 0 0 0 0 0 
_3.ptx 1247 : 660480 5325573 0 0 0 0 0 0 0 
_3.ptx 1248 : 660480 4677338 0 0 0 0 0 0 0 
_3.ptx 1249 : 660480 4014562 0 0 0 0 0 0 0 
_3.ptx 1252 : 146432 1032383 0 0 0 0 0 0 0 
_3.ptx 1253 : 146432 1615478 0 0 0 0 0 0 0 
_3.ptx 1254 : 146432 118600950 7591552 0 0 146432 64480 0 0 
_3.ptx 1255 : 146432 881769 0 0 0 0 0 0 0 
_3.ptx 1256 : 146432 1180839 0 0 0 0 0 0 0 
_3.ptx 1257 : 146432 542753 0 0 0 0 0 0 1204 
_3.ptx 1259 : 56320 339763 0 0 0 0 0 0 0 
_3.ptx 1260 : 56320 18055769 1498624 0 0 0 0 0 0 
_3.ptx 1261 : 56320 339347 0 0 0 0 0 0 0 
_3.ptx 1262 : 56320 16420993 569280 0 0 0 0 0 0 
_3.ptx 1263 : 56320 339761 0 0 0 0 0 0 0 
_3.ptx 1264 : 56320 15692169 35648 0 0 0 0 0 0 
_3.ptx 1265 : 56320 339968 0 0 0 0 0 0 0 
_3.ptx 1266 : 56320 15808106 27264 0 0 0 0 0 0 
_3.ptx 1267 : 56320 339982 0 0 0 0 0 0 0 
_3.ptx 1268 : 56320 15948491 1498944 0 0 0 0 0 0 
_3.ptx 1269 : 56320 340243 0 0 0 0 0 0 0 
_3.ptx 1273 : 281600 1993394 0 0 0 0 0 0 0 
_3.ptx 1274 : 281600 3112288 0 0 0 0 0 0 0 
_3.ptx 1275 : 281600 172150089 2980224 0 0 0 0 0 0 
_3.ptx 1276 : 281600 3113103 0 0 0 0 0 0 0 
_3.ptx 1277 : 281600 180643330 6256512 0 0 281600 121320 0 0 
_3.ptx 1278 : 281600 2271449 0 0 0 0 0 0 0 
_2.ptx 869 : 12288 79808 0 0 0 0 0 0 0 
_3.ptx 1279 : 281600 339955 0 0 0 0 0 0 0 
_2.ptx 870 : 12288 37888 0 0 0 0 0 0 0 
_2.ptx 871 : 12288 77824 0 0 0 0 0 0 0 
_3.ptx 1281 : 225280 2272064 0 0 0 0 0 0 0 
_2.ptx 872 : 12288 101504 0 0 0 0 0 0 0 
_3.ptx 1282 : 225280 1367791 0 0 0 0 0 0 0 
_2.ptx 873 : 12288 0 0 0 0 0 0 0 0 
_3.ptx 1283 : 225280 1815390 0 0 0 0 0 0 0 
_2.ptx 874 : 12288 78688 0 0 0 0 0 0 0 
_3.ptx 1284 : 225280 1359989 0 0 0 0 0 0 0 
_2.ptx 875 : 12288 91168 0 0 0 0 0 0 0 
_2.ptx 876 : 12288 102368 0 0 0 0 0 0 0 
_2.ptx 877 : 12288 83360 0 0 0 0 0 0 0 
_3.ptx 1290 : 56320 339769 0 0 0 0 0 0 0 
_2.ptx 881 : 12288 77472 0 0 0 0 0 0 0 
_3.ptx 1291 : 56320 454261 0 0 0 0 0 0 0 
_3.ptx 1292 : 56320 0 0 0 0 0 0 0 0 
_2.ptx 883 : 12288 77760 0 0 0 0 0 0 0 
_2.ptx 884 : 12288 141472 0 0 0 0 0 0 0 
_3.ptx 1294 : 56320 567636 0 0 0 0 0 0 0 
_2.ptx 885 : 12288 85472 0 0 0 0 0 0 0 
_2.ptx 886 : 12288 98496 0 0 0 0 0 0 0 
_3.ptx 1295 : 56320 341991 0 0 0 0 0 0 0 
_2.ptx 887 : 12288 148704 0 0 0 0 0 0 0 
_3.ptx 1296 : 56320 344665 0 0 0 0 0 0 0 
_2.ptx 888 : 12288 95936 0 0 0 0 0 0 0 
_2.ptx 889 : 12288 139840 0 0 0 0 0 0 0 
_2.ptx 890 : 12288 91552 0 0 0 0 0 0 0 
_2.ptx 891 : 12288 137888 0 0 0 0 0 0 0 
_2.ptx 892 : 12288 135840 0 0 0 0 0 0 0 
_2.ptx 893 : 12288 37792 0 0 0 0 0 0 0 
_2.ptx 894 : 12288 136704 0 0 0 0 0 0 0 
_3.ptx 1303 : 90112 542457 0 0 0 0 0 0 0 
_2.ptx 895 : 12288 4452928 49152 0 0 384 384 0 0 
_3.ptx 1304 : 90112 543423 0 0 0 0 0 0 0 
_2.ptx 896 : 12288 80832 0 768 384 0 0 0 0 
_3.ptx 1305 : 90112 542394 0 0 0 0 0 0 0 
_3.ptx 1306 : 90112 725964 0 0 0 0 0 0 0 
_2.ptx 898 : 12288 136416 0 0 0 0 0 0 0 
_3.ptx 1307 : 90112 814634 0 0 0 0 0 0 0 
_2.ptx 899 : 12288 137408 0 0 0 0 0 0 0 
_3.ptx 1308 : 90112 544172 0 0 0 0 0 0 0 
_2.ptx 900 : 12288 91712 0 0 0 0 0 0 0 
_2.ptx 901 : 12288 135872 0 0 0 0 0 0 0 
_2.ptx 902 : 12288 92576 0 0 0 0 0 0 0 
_3.ptx 1311 : 112640 794537 0 0 0 0 0 0 0 
_2.ptx 903 : 12288 138240 0 0 0 0 0 0 0 
_3.ptx 1312 : 112640 1243040 0 0 0 0 0 0 0 
_2.ptx 904 : 12288 92960 0 0 0 0 0 0 0 
_3.ptx 1313 : 112640 89020305 7274368 0 0 112640 47872 0 0 
_2.ptx 905 : 12288 136192 0 0 0 0 0 0 0 
_3.ptx 1314 : 112640 678997 0 0 0 0 0 0 0 
_2.ptx 906 : 12288 137504 0 0 0 0 0 0 0 
_3.ptx 1315 : 112640 909517 0 0 0 0 0 0 0 
_2.ptx 907 : 12288 138080 0 0 0 0 0 0 0 
_3.ptx 1316 : 112640 0 0 0 0 0 0 0 0 
_2.ptx 908 : 12288 3533792 49152 0 0 384 384 0 0 
_3.ptx 1317 : 112640 679815 0 0 0 0 0 0 0 
_2.ptx 909 : 12288 77024 0 768 384 0 0 0 0 
_3.ptx 1318 : 112640 909637 0 0 0 0 0 0 0 
_3.ptx 1319 : 112640 340372 0 0 0 0 0 0 656 
_2.ptx 911 : 12288 76320 0 0 0 0 0 0 0 
_2.ptx 912 : 12288 91136 0 0 0 0 0 0 0 
_2.ptx 913 : 12288 79168 0 0 0 0 0 0 0 
_3.ptx 1322 : 56320 340814 0 0 0 0 0 0 0 
_2.ptx 914 : 12288 100736 0 0 0 0 0 0 0 
_3.ptx 1323 : 56320 339867 0 0 0 0 0 0 0 
_2.ptx 915 : 12288 0 0 0 0 0 0 0 0 
_2.ptx 916 : 12288 77824 0 0 0 0 0 0 0 
_3.ptx 1326 : 56320 339965 0 0 0 0 0 0 0 
_3.ptx 1327 : 56320 340884 0 0 0 0 0 0 0 
_2.ptx 919 : 110592 702048 0 0 0 0 0 0 0 
_3.ptx 1328 : 56320 339923 0 0 0 0 0 0 0 
_2.ptx 920 : 110592 908768 0 0 0 0 0 0 0 
_3.ptx 1329 : 56320 454823 0 0 0 0 0 0 0 
_2.ptx 921 : 110592 551761 0 0 0 0 0 0 240 
_3.ptx 1330 : 56320 510113 0 0 0 0 0 0 0 
_3.ptx 1331 : 56320 341314 0 0 0 0 0 0 0 
_2.ptx 923 : 24528 160663 0 0 0 0 0 0 0 
_2.ptx 924 : 24528 205902 0 0 0 0 0 0 0 
_2.ptx 925 : 24528 213082 0 0 0 0 0 0 0 
_3.ptx 1334 : 56320 396856 0 0 0 0 0 0 0 
_2.ptx 926 : 24528 279085 0 0 0 0 0 0 0 
_3.ptx 1335 : 56320 621024 0 0 0 0 0 0 0 
_2.ptx 927 : 24528 277774 0 0 0 0 0 0 0 
_3.ptx 1336 : 56320 396636 0 0 0 0 0 0 0 
_2.ptx 928 : 24528 256672 0 0 0 0 0 0 0 
_3.ptx 1337 : 56320 44723469 3656064 0 0 56320 24264 0 0 
_2.ptx 929 : 24528 184224 0 0 0 0 0 0 0 
_3.ptx 1338 : 56320 339473 0 0 0 0 0 0 0 
_2.ptx 930 : 24528 276402 0 0 0 0 0 0 0 
_3.ptx 1339 : 56320 454048 0 0 0 0 0 0 0 
_2.ptx 931 : 24528 184851 0 0 0 0 0 0 0 
_3.ptx 1340 : 56320 0 0 0 0 0 0 0 0 
_2.ptx 932 : 24528 276447 0 0 0 0 0 0 0 
_2.ptx 933 : 24528 276017 0 0 0 0 0 0 0 
_2.ptx 934 : 24528 232585 0 1632 960 0 0 0 0 
_3.ptx 1343 : 1783808 17996637 0 0 0 0 0 0 0 
_2.ptx 935 : 24528 254039 0 0 0 0 0 0 0 
_3.ptx 1344 : 1783808 1000772917 19036416 0 0 1783808 756307 0 0 
_2.ptx 936 : 24528 185116 0 0 0 0 0 0 0 
_3.ptx 1345 : 1783808 10753924 0 0 0 0 0 0 0 
_2.ptx 937 : 24528 276253 0 0 0 0 0 0 0 
_3.ptx 1346 : 1783808 14393695 0 0 0 0 0 0 0 
_2.ptx 938 : 24528 185362 0 0 0 0 0 0 0 
_3.ptx 1347 : 1783808 10451516 0 0 0 0 0 0 0 
_2.ptx 939 : 24528 265354 0 0 0 0 0 0 0 
_2.ptx 940 : 24528 276692 0 0 0 0 0 0 0 
_2.ptx 941 : 24528 232962 0 1632 960 0 0 0 0 
_3.ptx 1350 : 56320 399673 0 0 0 0 0 0 0 
_2.ptx 942 : 24528 275554 0 0 0 0 0 0 0 
_3.ptx 1351 : 56320 567238 0 0 0 0 0 0 0 
_2.ptx 943 : 24528 155458 0 1632 960 0 0 0 0 
_3.ptx 1352 : 56320 17653907 0 0 0 0 0 0 0 
_3.ptx 1353 : 56320 625013 0 0 0 0 0 0 0 
_3.ptx 1354 : 56320 42292706 2909824 0 0 24264 24264 0 0 
_2.ptx 946 : 110592 1202144 0 0 0 0 0 0 0 
_3.ptx 1355 : 56320 567306 0 0 0 0 0 0 0 
_3.ptx 1356 : 56320 17360093 192480 0 0 24264 24264 0 0 
_2.ptx 948 : 110592 835584 0 0 0 0 0 0 0 
_2.ptx 949 : 110592 756672 0 0 0 0 0 0 0 
_3.ptx 1358 : 56320 15408368 0 0 0 0 0 0 0 
_2.ptx 950 : 110592 925120 0 0 0 0 0 0 0 
_3.ptx 1359 : 56320 624656 0 0 0 0 0 0 0 
_2.ptx 951 : 110592 634016 0 0 0 0 0 0 0 
_3.ptx 1360 : 56320 42995689 2912000 0 0 24264 24264 0 0 
_2.ptx 952 : 12288 77888 0 0 0 0 0 0 0 
_3.ptx 1361 : 56320 567482 0 0 0 0 0 0 0 
_3.ptx 1362 : 56320 17580299 204320 0 0 24264 24264 0 0 
_3.ptx 1364 : 56320 15599883 0 0 0 0 0 0 0 
_3.ptx 1365 : 56320 624931 0 0 0 0 0 0 0 
_2.ptx 957 : 12288 76160 0 0 0 0 0 0 0 
_3.ptx 1366 : 56320 43357196 2911616 0 0 24264 24264 0 0 
_2.ptx 958 : 12288 100704 0 0 0 0 0 0 0 
_3.ptx 1367 : 56320 567344 0 0 0 0 0 0 0 
_2.ptx 959 : 12288 76308 0 0 0 0 0 0 48 
_3.ptx 1368 : 56320 17989660 203904 0 0 24264 24264 0 0 
_2.ptx 961 : 48 350 0 0 0 0 0 0 0 
_3.ptx 1370 : 56320 398142 0 0 0 0 0 0 0 
_2.ptx 962 : 48 487 0 0 0 0 0 0 0 
_3.ptx 1371 : 56320 398677 0 0 0 0 0 0 0 
_2.ptx 963 : 48 345 0 0 0 0 0 0 0 
_3.ptx 1372 : 56320 623211 0 0 0 0 0 0 0 
_2.ptx 964 : 48 534 0 0 0 0 0 0 0 
_3.ptx 1373 : 56320 625260 0 0 0 0 0 0 0 
_2.ptx 965 : 48 343 0 0 0 0 0 0 0 
_2.ptx 966 : 48 481 0 0 0 0 0 0 0 
_3.ptx 1375 : 56320 343784 0 0 0 0 0 0 0 
_2.ptx 967 : 48 536 0 0 0 0 0 0 0 
_2.ptx 968 : 48 144 0 0 0 0 0 0 0 
_2.ptx 969 : 48 390 0 48 48 0 0 0 0 
_3.ptx 1378 : 26656771 268066428 0 0 0 0 0 0 0 
_2.ptx 970 : 48 145 0 0 0 0 0 0 0 
_3.ptx 1379 : 26656771 214941454 0 0 0 0 0 0 0 
_2.ptx 971 : 48 299 0 0 0 0 0 0 0 
_3.ptx 1380 : 26656771 160558203 0 0 0 0 0 0 10462 
_2.ptx 972 : 48 293 0 0 0 0 0 0 0 
_2.ptx 973 : 48 389 0 0 0 0 0 0 0 
_2.ptx 974 : 48 434 0 0 0 0 0 0 0 
_3.ptx 1383 : 24681 272227 0 0 0 0 0 0 0 
_2.ptx 975 : 48 340 0 0 0 0 0 0 0 
_3.ptx 1384 : 24681 272867 0 0 0 0 0 0 0 
_2.ptx 976 : 48 491 0 0 0 0 0 0 0 
_3.ptx 1385 : 24681 198472 0 0 0 0 0 0 0 
_2.ptx 977 : 48 533 0 0 0 0 0 0 0 
_3.ptx 1386 : 24681 0 0 0 0 0 0 0 0 
_2.ptx 978 : 48 243 224 0 0 48 48 0 0 
_2.ptx 980 : 48 294 0 0 0 0 0 0 0 
_3.ptx 1389 : 24832 150272 0 0 0 0 0 0 0 
_2.ptx 981 : 48 244 0 48 48 0 0 0 0 
_2.ptx 984 : 12288 90752 0 0 0 0 0 0 0 
_2.ptx 985 : 12288 81440 0 0 0 0 0 0 0 
_2.ptx 986 : 12288 101568 0 0 0 0 0 0 0 
_2.ptx 987 : 12288 0 0 0 0 0 0 0 0 
_2.ptx 988 : 12288 77824 0 0 0 0 0 0 0 
_2.ptx 992 : 110592 829088 0 0 0 0 0 0 0 
_2.ptx 994 : 110592 732352 0 0 0 0 0 0 0 
_2.ptx 995 : 110592 917440 0 0 0 0 0 0 0 
_2.ptx 996 : 110592 550860 0 0 0 0 0 0 240 
_2.ptx 998 : 24528 161149 0 0 0 0 0 0 0 
_2.ptx 999 : 24528 204454 0 0 0 0 0 0 0 
_2.ptx 1000 : 24528 204736 0 0 0 0 0 0 0 
_2.ptx 1001 : 24528 277688 0 0 0 0 0 0 0 
_2.ptx 1002 : 24528 257760 0 0 0 0 0 0 0 
_2.ptx 1003 : 24528 187528 0 0 0 0 0 0 0 
_2.ptx 1004 : 24528 276391 0 0 0 0 0 0 0 
_2.ptx 1005 : 24528 183004 0 0 0 0 0 0 0 
_2.ptx 1006 : 24528 266717 0 0 0 0 0 0 0 
_2.ptx 1007 : 24528 276294 0 0 0 0 0 0 0 
_2.ptx 1008 : 24528 239700 0 1632 960 0 0 0 0 
_2.ptx 1010 : 24528 274624 0 0 0 0 0 0 0 
_2.ptx 1011 : 24528 254788 0 0 0 0 0 0 0 
_2.ptx 1012 : 24528 183937 0 0 0 0 0 0 0 
_2.ptx 1013 : 24528 276015 0 0 0 0 0 0 0 
_2.ptx 1014 : 24528 183744 0 0 0 0 0 0 0 
_2.ptx 1015 : 24528 260278 0 0 0 0 0 0 0 
_2.ptx 1016 : 24528 274584 0 0 0 0 0 0 0 
_2.ptx 1017 : 24528 250341 0 1632 960 0 0 0 0 
_2.ptx 1018 : 24528 169961 0 1632 960 0 0 0 0 
_2.ptx 1020 : 24528 268274 0 1632 960 0 0 0 0 
_2.ptx 1021 : 24528 273441 0 0 0 0 0 0 0 
_2.ptx 1022 : 24528 169886 0 1632 960 0 0 0 0 
_2.ptx 1025 : 110592 1200384 0 0 0 0 0 0 0 
_2.ptx 1026 : 110592 911712 0 0 0 0 0 0 0 
_2.ptx 1027 : 110592 638944 0 0 0 0 0 0 0 
_2.ptx 1030 : 12288 76512 0 0 0 0 0 0 0 
_2.ptx 1032 : 12288 73888 0 0 0 0 0 0 0 
_2.ptx 1033 : 12288 137408 0 768 384 0 0 0 0 
_2.ptx 1034 : 12288 136672 0 0 0 0 0 0 0 
_2.ptx 1035 : 12288 148224 49152 0 0 384 384 0 0 
_2.ptx 1037 : 12288 193280 0 768 384 0 0 0 0 
_2.ptx 1038 : 12288 136352 0 0 0 0 0 0 0 
_2.ptx 1039 : 12288 169856 49152 0 0 384 384 0 0 
_2.ptx 1041 : 12288 75136 0 0 0 0 0 0 0 
_3.ptx 1146 : 24832 153184 0 0 0 0 0 0 0 
_3.ptx 1147 : 24832 155712 0 0 0 0 0 0 0 
_3.ptx 1148 : 24832 332320 0 0 0 0 0 0 0 
_3.ptx 1149 : 24832 158240 0 0 0 0 0 0 0 
_3.ptx 1150 : 24832 281056 0 0 0 0 0 0 0 
_3.ptx 1151 : 24832 165440 0 0 0 0 0 0 0 
_3.ptx 1152 : 24832 327456 0 0 0 0 0 0 0 
_3.ptx 1153 : 24832 162144 0 0 0 0 0 0 0 
_3.ptx 1154 : 24832 278464 0 0 0 0 0 0 0 
_3.ptx 1155 : 24832 3006624 128 0 0 0 0 0 0 
_3.ptx 1156 : 24832 2447392 0 0 0 0 0 0 0 
_3.ptx 1157 : 24832 317600 0 0 0 0 0 0 0 
_3.ptx 1158 : 24832 201888 0 0 0 0 0 0 0 
_3.ptx 1159 : 24832 152598 0 0 0 0 0 0 1 
_3.ptx 1160 : 151 906 0 0 0 0 0 0 0 
_3.ptx 1163 : 24681 318787 0 0 0 0 0 0 0 
_3.ptx 1164 : 24681 328291 0 0 0 0 0 0 0 
_3.ptx 1165 : 24681 152374 0 0 0 0 0 0 0 
_3.ptx 1166 : 24681 275747 0 0 0 0 0 0 0 
_3.ptx 1167 : 24681 181887 0 0 0 0 0 0 0 
_3.ptx 1168 : 24681 326531 0 0 0 0 0 0 0 
_3.ptx 1169 : 24681 251834 0 0 0 0 0 0 0 
_3.ptx 1170 : 24681 316515 0 0 0 0 0 0 0 
_3.ptx 1171 : 24681 202024 0 0 0 0 0 0 0 
_3.ptx 1172 : 24681 226129 0 0 0 0 0 0 0 
_3.ptx 1173 : 24681 201960 0 0 0 0 0 0 0 
_3.ptx 1174 : 24681 0 0 0 0 0 0 0 0 
_3.ptx 1175 : 24681 177951 0 0 0 0 0 0 0 
_3.ptx 1176 : 24681 282426 0 0 0 0 0 0 0 
_3.ptx 1177 : 24681 1699474 0 0 0 0 0 0 0 
_3.ptx 1178 : 24681 177823 0 0 0 0 0 0 0 
_3.ptx 1179 : 24681 322042 0 0 0 0 0 0 0 
_3.ptx 1180 : 24681 274403 0 0 0 0 0 0 0 
_3.ptx 1181 : 24681 2277692 0 0 0 0 0 0 0 
_3.ptx 1182 : 24681 2526618 0 0 0 0 0 0 0 
_3.ptx 1183 : 24681 150550 0 0 0 0 0 0 0 
_3.ptx 1187 : 24681 17198301 395008 0 0 3086 772 0 0 
_3.ptx 1189 : 24681 174911 0 0 0 0 0 0 0 
_3.ptx 1190 : 24681 273676 0 0 0 0 0 0 0 
_3.ptx 1191 : 24681 19960094 296192 0 0 2314 772 0 0 
_3.ptx 1192 : 24681 174303 0 0 0 0 0 0 0 
_3.ptx 1193 : 24681 18055910 139904 0 0 3086 772 0 0 
_3.ptx 1194 : 24681 174975 0 0 0 0 0 0 0 
_3.ptx 1195 : 24681 272707 0 0 0 0 0 0 0 
_3.ptx 1196 : 24681 21957360 395008 0 0 3086 772 0 0 
_3.ptx 1197 : 24681 273379 0 0 0 0 0 0 0 
_3.ptx 1199 : 24681 21352038 153472 0 0 2314 772 0 0 
_3.ptx 1200 : 24681 148790 0 0 0 0 0 0 0 
_3.ptx 1201 : 24681 199528 0 0 0 0 0 0 0 
_3.ptx 1202 : 24681 0 0 0 0 0 0 0 0 
_3.ptx 1203 : 24681 149494 0 0 0 0 0 0 0 
_3.ptx 1204 : 24681 148566 0 0 0 0 0 0 0 
_3.ptx 1208 : 26656771 160562212 0 0 0 0 0 0 0 
_3.ptx 1209 : 26656771 214281077 0 0 0 0 0 0 0 
_3.ptx 1210 : 26656771 154205268 0 0 0 0 0 0 365891 
_3.ptx 1211 : 1052672 6341831 0 0 0 0 0 0 0 
_3.ptx 1212 : 1052672 8460860 0 0 0 0 0 0 0 
_3.ptx 1213 : 1052672 4438642 0 0 0 0 0 0 33260 
_3.ptx 1214 : 315392 1903053 0 0 0 0 0 0 0 
_3.ptx 1215 : 315392 2535928 0 0 0 0 0 0 0 
_3.ptx 1216 : 315392 881724 0 0 0 0 0 0 3383 
_3.ptx 1217 : 168960 1018310 0 0 0 0 0 0 0 
_3.ptx 1218 : 168960 1357832 0 0 0 0 0 0 0 
_3.ptx 1219 : 168960 678603 0 0 0 0 0 0 1744 
_3.ptx 1220 : 56320 339535 0 0 0 0 0 0 0 
_3.ptx 1221 : 56320 452715 0 0 0 0 0 0 0 
_3.ptx 1222 : 56320 339073 0 0 0 0 0 0 0 
_3.ptx 1225 : 25604099 154106390 0 0 0 0 0 0 0 
_3.ptx 1226 : 25604099 180456088 0 0 0 0 0 0 0 
