kernel line : count latency dram_traffic smem_bk_conflicts smem_warp gmem_access_generated gmem_warp exposed_latency warp_divergence
_1.ptx 413 : 15360 46080 0 0 0 0 0 0 0 
_1.ptx 414 : 15360 322560 0 0 0 0 0 0 0 
_1.ptx 415 : 15360 118400 0 0 0 0 0 0 0 
_1.ptx 416 : 15360 118240 0 0 0 0 0 0 0 
_1.ptx 417 : 15360 332160 0 0 0 0 0 0 0 
_1.ptx 418 : 15360 101600 0 0 0 0 0 0 0 
_1.ptx 419 : 15360 335008 0 0 0 0 0 0 0 
_1.ptx 420 : 15360 126080 0 0 0 0 0 0 0 
_1.ptx 421 : 15360 127616 0 0 0 0 0 0 0 
_1.ptx 422 : 15360 189280 0 0 0 0 0 0 0 
_1.ptx 423 : 15360 183232 0 0 0 0 0 0 0 
_1.ptx 424 : 15360 144960 0 0 0 0 0 0 0 
_1.ptx 425 : 15360 175424 0 0 0 0 0 0 0 
_1.ptx 426 : 15360 150784 0 0 0 0 0 0 0 
_1.ptx 427 : 15360 122112 0 0 0 0 0 0 0 
_1.ptx 428 : 15360 46080 0 0 0 0 0 0 0 
_1.ptx 429 : 15360 282048 0 0 0 0 0 0 0 
_1.ptx 430 : 15360 130080 0 0 0 0 0 0 0 
_1.ptx 431 : 15360 0 0 0 0 0 0 0 0 
_1.ptx 432 : 15360 118464 0 0 0 0 0 0 0 
_1.ptx 433 : 15360 246496 0 0 0 0 0 0 0 
_1.ptx 434 : 15360 46080 0 0 0 0 0 0 0 
_1.ptx 435 : 15360 111104 0 0 0 0 0 0 0 
_1.ptx 436 : 15360 313536 0 0 0 0 0 0 0 
_1.ptx 437 : 15360 180640 0 0 0 0 0 0 0 
_1.ptx 441 : 399992 2469680 0 0 0 0 0 0 0 
_1.ptx 442 : 399992 42679160 1600000 0 0 12500 12500 0 0 
_1.ptx 444 : 399992 4436744 0 0 0 0 0 0 0 
_1.ptx 445 : 399992 4415656 0 0 0 0 0 0 0 
_1.ptx 446 : 399992 3222368 0 0 0 0 0 0 0 
_1.ptx 447 : 399992 2337392 0 0 0 0 0 0 1 
_1.ptx 450 : 15360 92192 0 0 0 0 0 0 0 
_1.ptx 62 : 1 6 0 0 0 0 0 0 0 
_1.ptx 63 : 1 280 128 0 0 0 0 0 0 
_1.ptx 64 : 1 5 32 0 0 1 1 0 0 
_1.ptx 66 : 1 6 0 0 0 0 0 0 0 
_1.ptx 67 : 1 4 32 0 0 1 1 0 0 
_1.ptx 69 : 1 6 0 0 0 0 0 0 0 
_1.ptx 70 : 1 4 32 0 0 1 1 0 0 
_1.ptx 72 : 1 6 0 0 0 0 0 0 0 
_1.ptx 73 : 1 4 32 0 0 1 1 0 0 
_1.ptx 75 : 1 6 0 0 0 0 0 0 0 
_1.ptx 112 : 23040 2385632 0 0 0 0 0 0 0 
_1.ptx 113 : 23040 1008288 128 0 0 720 720 0 0 
_1.ptx 114 : 23040 162848 0 0 0 0 0 0 0 
_1.ptx 116 : 23040 150688 0 0 0 0 0 0 0 
_1.ptx 117 : 23040 946272 128 0 0 720 720 0 0 
_1.ptx 118 : 23040 162656 0 0 0 0 0 0 0 
_1.ptx 120 : 23040 265888 0 0 0 0 0 0 0 
_1.ptx 121 : 23040 1525408 128 0 0 720 720 0 0 
_1.ptx 122 : 23040 174528 0 0 0 0 0 0 0 
_1.ptx 124 : 23040 160256 0 0 0 0 0 0 0 
_1.ptx 125 : 23040 390112 0 0 0 0 0 0 0 
_1.ptx 126 : 23040 190016 0 0 0 0 0 0 0 
_1.ptx 127 : 23040 276448 0 0 0 0 0 0 0 
_1.ptx 128 : 23040 195008 0 0 0 0 0 0 0 
_1.ptx 129 : 23040 69120 0 0 0 0 0 0 0 
_1.ptx 130 : 23040 200320 0 0 0 0 0 0 0 
_1.ptx 131 : 23040 0 0 0 0 0 0 0 0 
_1.ptx 132 : 23040 165536 0 0 0 0 0 0 0 
_1.ptx 133 : 23040 458592 0 0 0 0 0 0 0 
_1.ptx 134 : 23040 178528 0 0 0 0 0 0 0 
_1.ptx 135 : 23040 540000 0 0 0 0 0 0 0 
_1.ptx 136 : 23040 172128 0 0 0 0 0 0 0 
_1.ptx 137 : 23040 256128 0 0 0 0 0 0 0 
_1.ptx 138 : 23040 600064 0 0 0 0 0 0 0 
_1.ptx 139 : 23040 257824 0 0 0 0 0 0 0 
_1.ptx 140 : 23040 260416 0 0 0 0 0 0 0 
_1.ptx 144 : 50000 22325168 199936 0 0 1563 1563 0 0 
_1.ptx 146 : 50000 1003936 0 0 0 0 0 0 0 
_1.ptx 148 : 50000 1005184 0 0 0 0 0 0 0 
_1.ptx 150 : 50000 20854176 199936 0 0 1563 1563 0 0 
_1.ptx 152 : 50000 1008288 0 0 0 0 0 0 0 
_1.ptx 154 : 50000 1012912 0 0 0 0 0 0 0 
_1.ptx 156 : 50000 19542256 199936 0 0 1563 1563 0 0 
_1.ptx 158 : 50000 1011008 0 0 0 0 0 0 0 
_1.ptx 160 : 50000 1013568 0 0 0 0 0 0 0 
_1.ptx 161 : 50000 570784 0 0 0 0 0 0 0 
_1.ptx 162 : 50000 565808 0 0 0 0 0 0 0 
_1.ptx 163 : 50000 570240 0 0 0 0 0 0 0 
_1.ptx 164 : 50000 572320 0 0 0 0 0 0 0 
_1.ptx 165 : 50000 433840 0 0 0 0 0 0 0 
_1.ptx 166 : 50000 182656 0 0 0 0 0 0 1 
_1.ptx 168 : 23040 158624 0 0 0 0 0 0 0 
_1.ptx 169 : 23040 158496 0 0 0 0 0 0 0 
_1.ptx 170 : 23040 158464 0 0 0 0 0 0 0 
_1.ptx 171 : 23040 158400 0 0 0 0 0 0 0 
_1.ptx 172 : 23040 158144 0 0 0 0 0 0 0 
_1.ptx 173 : 23040 156896 0 0 0 0 0 0 0 
_1.ptx 175 : 23040 181120 0 0 0 0 0 0 0 
_1.ptx 176 : 23040 237888 0 0 0 0 0 0 0 
_1.ptx 177 : 23040 262688 0 0 0 0 0 0 0 
_1.ptx 178 : 23040 215808 0 720 720 0 0 0 0 
_1.ptx 180 : 23040 264064 0 0 0 0 0 0 0 
_1.ptx 181 : 23040 186304 0 720 720 0 0 0 0 
_1.ptx 183 : 23040 264416 0 0 0 0 0 0 0 
_1.ptx 184 : 23040 125728 0 720 720 0 0 0 0 
_1.ptx 186 : 23040 264448 0 0 0 0 0 0 0 
_1.ptx 187 : 23040 128864 0 720 720 0 0 0 0 
_1.ptx 189 : 23040 268416 0 0 0 0 0 0 0 
_1.ptx 190 : 23040 127648 0 720 720 0 0 0 0 
_1.ptx 192 : 23040 266720 0 0 0 0 0 0 0 
_1.ptx 193 : 23040 125088 0 720 720 0 0 0 0 
_1.ptx 194 : 23040 166240 0 0 0 0 0 0 0 
_1.ptx 198 : 207360 1414784 0 0 0 0 0 0 0 
_1.ptx 199 : 207360 1765248 0 0 0 0 0 0 0 
_1.ptx 200 : 207360 1404053 0 0 0 0 0 0 225 
_1.ptx 202 : 22995 272935 0 0 0 0 0 0 0 
_1.ptx 203 : 22995 194629 0 0 0 0 0 0 0 
_1.ptx 204 : 22995 257901 0 0 0 0 0 0 0 
_1.ptx 205 : 22995 274453 0 0 0 0 0 0 0 
_1.ptx 206 : 22995 197747 0 900 900 0 0 0 0 
_1.ptx 207 : 22995 500174 0 0 0 0 0 0 0 
_1.ptx 208 : 22995 123350 0 900 900 0 0 0 0 
_1.ptx 210 : 22995 278129 0 0 0 0 0 0 0 
_1.ptx 211 : 22995 197454 0 900 900 0 0 0 0 
_1.ptx 212 : 22995 479792 0 0 0 0 0 0 0 
_1.ptx 213 : 22995 124380 0 900 900 0 0 0 0 
_1.ptx 215 : 22995 272364 0 0 0 0 0 0 0 
_1.ptx 216 : 22995 198930 0 900 900 0 0 0 0 
_1.ptx 217 : 22995 476185 0 0 0 0 0 0 0 
_1.ptx 218 : 22995 123112 0 900 900 0 0 0 0 
_1.ptx 220 : 22995 271286 0 0 0 0 0 0 0 
_1.ptx 221 : 22995 198406 0 900 900 0 0 0 0 
_1.ptx 222 : 22995 476058 0 0 0 0 0 0 0 
_1.ptx 223 : 22995 123216 0 900 900 0 0 0 0 
_1.ptx 225 : 22995 269739 0 0 0 0 0 0 0 
_1.ptx 226 : 22995 196931 0 900 900 0 0 0 0 
_1.ptx 227 : 22995 475011 0 0 0 0 0 0 0 
_1.ptx 228 : 22995 123216 0 900 900 0 0 0 0 
_1.ptx 230 : 22995 269950 0 0 0 0 0 0 0 
_1.ptx 231 : 22995 196282 0 900 900 0 0 0 0 
_1.ptx 232 : 22995 475516 0 0 0 0 0 0 0 
_1.ptx 233 : 22995 123045 0 900 900 0 0 0 0 
_1.ptx 236 : 207360 1711392 0 0 0 0 0 0 0 
_1.ptx 237 : 207360 1504192 0 0 0 0 0 0 0 
_1.ptx 238 : 207360 1814240 0 0 0 0 0 0 0 
_1.ptx 239 : 207360 2515296 0 0 0 0 0 0 0 
_1.ptx 240 : 207360 1917312 0 0 0 0 0 0 0 
_1.ptx 241 : 207360 1675392 0 0 0 0 0 0 0 
_1.ptx 242 : 207360 1874624 0 0 0 0 0 0 0 
_1.ptx 243 : 207360 1357600 0 0 0 0 0 0 0 
_1.ptx 244 : 23040 166816 0 0 0 0 0 0 0 
_1.ptx 245 : 23040 195872 0 0 0 0 0 0 0 
_1.ptx 246 : 23040 152912 0 0 0 0 0 0 45 
_1.ptx 248 : 45 270 0 0 0 0 0 0 0 
_1.ptx 249 : 45 319 0 0 0 0 0 0 0 
_1.ptx 250 : 45 454 0 0 0 0 0 0 0 
_1.ptx 251 : 45 2708 0 0 0 0 0 0 0 
_1.ptx 252 : 45 495 0 0 0 0 0 0 0 
_1.ptx 253 : 45 227 256 0 0 45 45 0 0 
_1.ptx 255 : 45 158 0 0 0 0 0 0 0 
_1.ptx 256 : 45 495 0 0 0 0 0 0 0 
_1.ptx 257 : 45 245 256 0 0 45 45 0 0 
_1.ptx 259 : 45 156 0 0 0 0 0 0 0 
_1.ptx 260 : 45 497 0 0 0 0 0 0 0 
_1.ptx 261 : 45 231 256 0 0 45 45 0 0 
_1.ptx 263 : 45 161 0 0 0 0 0 0 0 
_1.ptx 264 : 45 497 0 0 0 0 0 0 0 
_1.ptx 265 : 45 234 256 0 0 45 45 0 0 
_1.ptx 267 : 45 136 0 0 0 0 0 0 0 
_1.ptx 268 : 45 495 0 0 0 0 0 0 0 
_1.ptx 269 : 45 233 256 0 0 45 45 0 0 
_1.ptx 271 : 45 165 0 0 0 0 0 0 0 
_1.ptx 272 : 45 495 0 0 0 0 0 0 0 
_1.ptx 273 : 45 247 256 0 0 45 45 0 0 
_1.ptx 275 : 45 163 0 0 0 0 0 0 0 
_1.ptx 277 : 45 270 0 0 0 0 0 0 0 
_1.ptx 278 : 45 473 0 0 0 0 0 0 0 
_1.ptx 279 : 45 270 0 0 0 0 0 0 0 
_1.ptx 280 : 45 14346 0 0 0 45 45 0 0 
_1.ptx 281 : 45 315 0 0 0 0 0 0 0 
_1.ptx 282 : 45 360 0 0 0 0 0 0 0 
_1.ptx 283 : 45 264 0 0 0 0 0 0 0 
_1.ptx 284 : 1 6 0 0 0 0 0 0 0 
_1.ptx 285 : 1 8 0 0 0 0 0 0 0 
_1.ptx 286 : 1 0 0 0 0 0 0 0 0 
_1.ptx 287 : 1 7 0 0 0 0 0 0 0 
_1.ptx 288 : 1 7 0 0 0 0 0 0 0 
_1.ptx 289 : 1 7 0 0 0 0 0 0 0 
_1.ptx 290 : 1 7 0 0 0 0 0 0 0 
_1.ptx 291 : 1 7 0 0 0 0 0 0 0 
_1.ptx 292 : 1 7 0 0 0 0 0 0 0 
_1.ptx 293 : 1 7 0 0 0 0 0 0 0 
_1.ptx 294 : 1 6 0 0 0 0 0 0 0 
_1.ptx 295 : 1 7 0 0 0 0 0 0 0 
_1.ptx 299 : 45 470 0 0 0 45 45 0 0 
_1.ptx 300 : 45 900 0 0 0 0 0 0 0 
_1.ptx 302 : 45 470 0 0 0 45 45 0 0 
_1.ptx 303 : 45 900 0 0 0 0 0 0 0 
_1.ptx 305 : 45 470 0 0 0 45 45 0 0 
_1.ptx 306 : 45 900 0 0 0 0 0 0 0 
_1.ptx 308 : 45 470 0 0 0 45 45 0 0 
_1.ptx 309 : 45 900 0 0 0 0 0 0 0 
_1.ptx 311 : 45 470 0 0 0 45 45 0 0 
_1.ptx 312 : 45 900 0 0 0 0 0 0 0 
_1.ptx 314 : 45 470 0 0 0 45 45 0 0 
_1.ptx 315 : 45 900 0 0 0 0 0 0 0 
_1.ptx 316 : 45 450 0 0 0 0 0 0 0 
_1.ptx 317 : 45 450 0 0 0 0 0 0 0 
_1.ptx 318 : 45 450 0 0 0 0 0 0 0 
_1.ptx 319 : 45 493 0 0 0 0 0 0 0 
_1.ptx 320 : 45 450 0 0 0 0 0 0 0 
_1.ptx 321 : 45 450 0 0 0 0 0 0 0 
_1.ptx 322 : 45 450 0 0 0 0 0 0 0 
_1.ptx 323 : 45 360 0 0 0 0 0 0 0 
_1.ptx 324 : 45 264 0 0 0 0 0 0 0 
_1.ptx 327 : 1 11 0 0 0 0 0 0 0 
_1.ptx 328 : 1 11 0 0 0 0 0 0 0 
_1.ptx 329 : 1 20 0 0 0 0 0 0 0 
_1.ptx 330 : 1 11 0 0 0 0 0 0 0 
_1.ptx 331 : 1 20 0 0 0 0 0 0 0 
_1.ptx 332 : 1 6 0 0 0 0 0 0 0 
_1.ptx 333 : 1 11 0 0 0 0 0 0 0 
_1.ptx 334 : 1 5 0 0 0 1 1 0 0 
_1.ptx 336 : 1 3 0 0 0 0 0 0 0 
_1.ptx 337 : 1 4 0 0 0 1 1 0 0 
_1.ptx 339 : 1 7 0 0 0 0 0 0 0 
_1.ptx 340 : 1 10 0 0 0 0 0 0 0 
_1.ptx 341 : 1 6 0 0 0 0 0 0 0 
_1.ptx 342 : 1 3 0 0 0 0 0 0 0 
_1.ptx 343 : 1 11 0 0 0 0 0 0 0 
_1.ptx 344 : 1 5 32 0 0 1 1 0 0 
_1.ptx 346 : 1 6 0 0 0 0 0 0 0 
_1.ptx 347 : 1 3 0 0 0 0 0 0 0 
_1.ptx 348 : 1 11 0 0 0 0 0 0 0 
_1.ptx 349 : 1 5 32 0 0 1 1 0 0 
_1.ptx 351 : 1 11 0 0 0 0 0 0 0 
_1.ptx 352 : 1 6 0 0 0 0 0 0 0 
_1.ptx 353 : 1 11 0 0 0 0 0 0 0 
_1.ptx 354 : 1 11 0 0 0 0 0 0 0 
_1.ptx 355 : 1 5 32 0 0 1 1 0 0 
_1.ptx 357 : 1 11 0 0 0 0 0 0 0 
_1.ptx 358 : 1 6 0 0 0 0 0 0 0 
_1.ptx 359 : 1 11 0 0 0 0 0 0 0 
_1.ptx 360 : 1 11 0 0 0 0 0 0 0 
_1.ptx 361 : 1 5 32 0 0 1 1 0 0 
_1.ptx 363 : 1 11 0 0 0 0 0 0 0 
_1.ptx 364 : 1 6 0 0 0 0 0 0 0 
_1.ptx 365 : 1 11 0 0 0 0 0 0 0 
_1.ptx 366 : 1 11 0 0 0 0 0 0 0 
_1.ptx 367 : 1 6 32 0 0 1 1 0 0 
_1.ptx 369 : 1 3 0 0 0 0 0 0 0 
_1.ptx 370 : 1 10 0 0 0 0 0 0 0 
_1.ptx 371 : 1 7 0 0 0 0 0 0 0 
_1.ptx 372 : 1 10 0 0 0 0 0 0 0 
_1.ptx 373 : 1 11 0 0 0 0 0 0 0 
_1.ptx 374 : 1 6 0 0 0 0 0 0 0 
_1.ptx 375 : 1 5 32 0 0 1 1 0 0 
_1.ptx 376 : 1 6 0 0 0 0 0 0 0 
_1.ptx 377 : 1 5 32 0 0 1 1 0 0 
_1.ptx 378 : 1 6 0 0 0 0 0 0 0 
_1.ptx 379 : 1 5 32 0 0 1 1 0 0 
_1.ptx 380 : 1 6 0 0 0 0 0 0 0 
_1.ptx 381 : 1 5 32 0 0 1 1 0 0 
_1.ptx 382 : 1 6 0 0 0 0 0 0 0 
_1.ptx 383 : 1 5 0 0 0 1 1 0 0 
_1.ptx 384 : 1 6 0 0 0 0 0 0 0 
_1.ptx 385 : 1 5 0 0 0 1 1 0 0 
_1.ptx 386 : 1 6 0 0 0 0 0 0 0 
_1.ptx 387 : 1 5 0 0 0 1 1 0 0 
_1.ptx 388 : 1 6 0 0 0 0 0 0 0 
_1.ptx 389 : 1 5 0 0 0 1 1 0 0 
_1.ptx 391 : 1 148 0 0 0 1 1 0 0 
_1.ptx 392 : 1 10 0 0 0 0 0 0 0 
_1.ptx 393 : 1 4 0 0 0 1 1 0 0 
_1.ptx 397 : 23040 140000 0 0 0 0 0 0 0 
