kernel line : count latency dram_traffic smem_bk_conflicts smem_warp gmem_access_generated gmem_warp exposed_latency warp_divergence
_1.ptx 823 : 4096 24576 0 0 0 0 0 0 0 
_1.ptx 824 : 4096 24576 0 0 0 0 0 0 0 
_1.ptx 825 : 4096 60672 0 0 0 0 0 0 0 
_1.ptx 826 : 4096 24576 0 0 0 0 0 0 0 
_1.ptx 827 : 4096 45504 0 0 0 0 0 0 0 
_1.ptx 828 : 4096 29632 0 0 0 0 0 0 0 
_1.ptx 829 : 4096 25536 0 0 0 0 0 0 0 
_1.ptx 830 : 4096 33056 0 0 0 0 0 0 0 
_1.ptx 831 : 4096 0 0 0 0 0 0 0 0 
_1.ptx 832 : 4096 12288 0 0 0 0 0 0 0 
_1.ptx 833 : 4096 24576 0 0 0 0 0 0 0 
_1.ptx 834 : 4096 33472 0 0 0 0 0 0 0 
_1.ptx 835 : 4096 12288 0 0 0 0 0 0 0 
_1.ptx 836 : 4096 24576 0 0 0 0 0 0 0 
_1.ptx 837 : 4096 34400 0 0 0 0 0 0 0 
_1.ptx 838 : 4096 46560 0 0 0 0 0 0 0 
_1.ptx 839 : 4096 12288 0 0 0 0 0 0 0 
_1.ptx 840 : 4096 28000 0 0 0 0 0 0 0 
_1.ptx 841 : 4096 34688 0 0 0 0 0 0 0 
_1.ptx 842 : 4096 35968 0 0 0 0 0 0 0 
_1.ptx 843 : 4096 46176 0 0 0 0 0 0 0 
_1.ptx 844 : 4096 33376 0 0 0 0 0 0 0 
_1.ptx 845 : 4096 51488 0 0 0 0 0 0 0 
_1.ptx 846 : 4096 28448 0 0 0 0 0 0 0 
_1.ptx 847 : 4096 36384 0 0 0 0 0 0 0 
_1.ptx 848 : 4096 47360 0 0 0 0 0 0 0 
_1.ptx 849 : 4096 36576 0 0 0 0 0 0 0 
_1.ptx 850 : 4096 51744 0 0 0 0 0 0 0 
_1.ptx 851 : 4096 29376 0 0 0 0 0 0 0 
_1.ptx 852 : 4096 25184 0 0 0 0 0 0 0 
_1.ptx 853 : 4096 34592 0 0 0 0 0 0 0 
_1.ptx 854 : 4096 27008 0 0 0 0 0 0 0 
_1.ptx 855 : 4096 33312 0 0 0 0 0 0 0 
_1.ptx 856 : 4096 12288 0 0 0 0 0 0 0 
_1.ptx 857 : 4096 45376 0 0 0 0 0 0 0 
_1.ptx 858 : 4096 51008 0 0 0 0 0 0 0 
_1.ptx 859 : 4096 12288 0 0 0 0 0 0 0 
_1.ptx 860 : 4096 48544 0 0 0 0 0 0 0 
_1.ptx 861 : 4096 34656 0 0 0 0 0 0 0 
_1.ptx 862 : 4096 33824 0 0 0 0 0 0 0 
_1.ptx 863 : 4096 33408 0 0 0 0 0 0 0 
_1.ptx 864 : 4096 33120 0 0 0 0 0 0 0 
_1.ptx 865 : 4096 31168 0 0 0 0 0 0 0 
_1.ptx 866 : 4096 29728 0 0 0 0 0 0 0 
_1.ptx 867 : 4096 24576 0 0 0 0 0 0 0 
_1.ptx 868 : 4096 24576 0 0 0 0 0 0 0 
_1.ptx 869 : 4096 24576 0 0 0 0 0 0 0 
_1.ptx 870 : 4096 24576 0 0 0 0 0 0 0 
_1.ptx 873 : 4096 0 0 0 0 0 0 0 0 
_1.ptx 874 : 4096 29056 0 0 0 0 0 0 0 
_1.ptx 875 : 4096 26176 0 0 0 0 0 0 0 
_1.ptx 876 : 4096 26400 0 0 0 0 0 0 0 
_1.ptx 877 : 4096 26496 0 0 0 0 0 0 0 
_1.ptx 878 : 4096 29344 0 0 0 0 0 0 0 
_1.ptx 882 : 327680 1972864 0 0 0 0 0 0 0 
_1.ptx 883 : 327680 32904736 1310720 0 0 0 0 0 0 
_1.ptx 885 : 327680 1968160 0 0 0 0 0 0 0 
_1.ptx 886 : 327680 32850464 1310720 0 0 0 0 0 0 
_1.ptx 887 : 327680 3305632 0 0 0 0 0 0 0 
_1.ptx 888 : 327680 3289088 0 0 0 0 0 0 0 
_1.ptx 889 : 327680 3299936 0 0 0 0 0 0 0 
_1.ptx 890 : 327680 2668960 0 0 0 0 0 0 0 
_1.ptx 891 : 327680 1964640 0 0 0 0 0 0 0 
_1.ptx 894 : 4096 0 0 0 0 0 0 0 0 
_1.ptx 895 : 4096 28736 0 0 0 0 0 0 0 
_1.ptx 896 : 4096 24896 0 0 0 0 0 0 0 
_1.ptx 897 : 4096 24672 0 0 0 0 0 0 0 
_1.ptx 898 : 4096 24672 0 0 0 0 0 0 0 
_1.ptx 899 : 4096 28928 0 0 0 0 0 0 0 
_1.ptx 903 : 327680 128302784 1310720 0 0 0 0 0 0 
_1.ptx 904 : 327680 4070688 1306624 0 0 0 0 0 0 
_1.ptx 905 : 327680 3296032 0 0 0 0 0 0 0 
_1.ptx 906 : 327680 3288864 0 0 0 0 0 0 0 
_1.ptx 907 : 327680 3304192 0 0 0 0 0 0 0 
_1.ptx 908 : 327680 2631584 0 0 0 0 0 0 0 
_1.ptx 909 : 327680 1953184 0 0 0 0 0 0 0 
_1.ptx 911 : 4096 0 0 0 0 0 0 0 0 
_1.ptx 912 : 4096 29568 0 0 0 0 0 0 0 
_1.ptx 913 : 4096 26048 0 0 0 0 0 0 0 
_1.ptx 914 : 4096 29280 0 0 0 0 0 0 0 
_1.ptx 918 : 163840 1708704 0 0 0 0 0 0 0 
_1.ptx 919 : 163840 1221952 0 0 0 0 0 0 0 
_1.ptx 920 : 163840 1373344 0 0 0 0 0 0 0 
_1.ptx 921 : 163840 0 0 0 0 0 0 0 0 
_1.ptx 922 : 163840 1858784 0 0 0 0 0 0 0 
_1.ptx 923 : 163840 1705664 0 0 0 0 0 0 0 
_1.ptx 924 : 163840 492416 0 0 0 0 0 0 0 
_1.ptx 925 : 163840 2422656 0 0 0 0 0 0 0 
_1.ptx 926 : 163840 2794720 0 0 0 0 0 0 0 
_1.ptx 927 : 163840 1843200 0 0 0 0 0 0 0 
_1.ptx 928 : 163840 1246464 0 0 0 0 0 0 0 
_1.ptx 929 : 163840 1792928 0 0 0 0 0 0 0 
_1.ptx 930 : 163840 1850944 0 0 0 0 0 0 0 
_1.ptx 931 : 163840 1264448 0 0 0 0 0 0 0 
_1.ptx 932 : 163840 1754400 0 0 0 0 0 0 0 
_1.ptx 933 : 163840 1843328 0 0 0 0 0 0 0 
_1.ptx 934 : 163840 49998208 655360 0 0 0 0 0 0 
_1.ptx 935 : 163840 1846080 0 0 0 0 0 0 0 
_1.ptx 936 : 163840 1238336 0 0 0 0 0 0 0 
_1.ptx 937 : 163840 1143008 0 0 0 0 0 0 0 
_1.ptx 938 : 163840 1265056 0 0 0 0 0 0 0 
_1.ptx 942 : 9748480 109946944 0 0 0 0 0 0 0 
_1.ptx 943 : 9748480 73323008 0 0 0 0 0 0 0 
_1.ptx 944 : 9748480 103787104 0 0 0 0 0 0 0 
_1.ptx 945 : 9748480 110361440 0 0 0 0 0 0 0 
_1.ptx 946 : 9748480 39869088 0 0 0 0 0 0 0 
_1.ptx 948 : 9748480 109955520 0 0 0 0 0 0 0 
_1.ptx 949 : 9748480 2866350336 38408832 0 0 0 0 0 0 
_1.ptx 950 : 9748480 110034976 0 0 0 0 0 0 0 
_1.ptx 951 : 9748480 110671264 0 0 0 0 0 0 0 
_1.ptx 952 : 9748480 73436928 0 0 0 0 0 0 0 
_1.ptx 953 : 9748480 65770912 0 0 0 0 0 0 0 
_1.ptx 954 : 9748480 149713184 0 0 0 0 0 0 0 
_1.ptx 955 : 9748480 72885856 0 0 0 0 0 0 0 
_1.ptx 956 : 9748480 455752352 0 0 0 0 0 0 0 
_1.ptx 957 : 9748480 110177344 0 0 0 0 0 0 0 
_1.ptx 959 : 9748480 110609088 0 0 0 0 0 0 0 
_1.ptx 960 : 9748480 73576800 0 0 0 0 0 0 0 
_1.ptx 961 : 9748480 75312480 0 0 0 0 0 0 0 
_1.ptx 962 : 9748480 75475136 0 0 0 0 0 0 0 
_1.ptx 963 : 9748480 69476992 0 0 0 0 0 0 0 
_1.ptx 964 : 9748480 150430400 0 0 0 0 0 0 0 
_1.ptx 965 : 9748480 149318016 0 0 0 0 0 0 0 
_1.ptx 966 : 9748480 157882528 0 0 0 0 0 0 0 
_1.ptx 967 : 9748480 73088640 0 0 0 0 0 0 0 
_1.ptx 968 : 9748480 64701568 0 0 0 0 0 0 0 
_1.ptx 969 : 9748480 111913824 0 0 0 0 0 0 0 
_1.ptx 970 : 9748480 143417152 0 0 0 0 0 0 0 
_1.ptx 971 : 9748480 110611104 0 0 0 0 0 0 0 
_1.ptx 972 : 9748480 49916736 0 0 0 0 0 0 0 
_1.ptx 974 : 9748480 110418656 0 0 0 0 0 0 0 
_1.ptx 975 : 9748480 73571392 0 0 0 0 0 0 0 
_1.ptx 976 : 9748480 105766944 0 0 0 0 0 0 0 
_1.ptx 977 : 9748480 110017664 0 0 0 0 0 0 0 
_1.ptx 978 : 9748480 49446784 38993920 0 0 0 0 0 0 
_1.ptx 979 : 9748480 101351360 0 0 0 0 0 0 0 
_1.ptx 980 : 9748480 102259424 0 0 0 0 0 0 0 
_1.ptx 981 : 9748480 81338816 0 0 0 0 0 0 0 
_1.ptx 982 : 9748480 62089696 0 0 0 0 0 0 0 
_1.ptx 984 : 163840 1224544 0 0 0 0 0 0 0 
_1.ptx 985 : 163840 1368096 0 0 0 0 0 0 0 
_1.ptx 986 : 163840 1026432 0 0 0 0 0 0 0 
_1.ptx 989 : 4096 0 0 0 0 0 0 0 0 
_1.ptx 990 : 4096 30464 0 0 0 0 0 0 0 
_1.ptx 991 : 4096 30688 0 0 0 0 0 0 0 
_1.ptx 992 : 4096 30560 0 0 0 0 0 0 0 
_1.ptx 993 : 4096 27264 0 0 0 0 0 0 0 
_1.ptx 994 : 4096 26080 0 0 0 0 0 0 0 
_1.ptx 995 : 4096 42272 0 0 0 0 0 0 0 
_1.ptx 996 : 4096 45856 0 0 0 0 0 0 0 
_1.ptx 997 : 4096 15616 0 0 0 0 0 0 0 
_1.ptx 998 : 4096 25952 0 0 0 0 0 0 0 
_1.ptx 999 : 4096 26592 0 0 0 0 0 0 0 
_1.ptx 1000 : 4096 31136 0 0 0 0 0 0 0 
_1.ptx 1004 : 163840 1181152 0 0 0 0 0 0 0 
_1.ptx 1005 : 163840 60924736 553088 0 0 0 0 0 0 
_1.ptx 1006 : 163840 1816384 0 0 0 0 0 0 0 
_1.ptx 1007 : 163840 1178080 0 0 0 0 0 0 0 
_1.ptx 1008 : 163840 1024768 0 0 0 0 0 0 0 
_1.ptx 1009 : 163840 2474880 0 0 0 0 0 0 0 
_1.ptx 1010 : 163840 1175936 0 0 0 0 0 0 0 
_1.ptx 1011 : 163840 7561440 0 0 0 0 0 0 0 
_1.ptx 1013 : 163840 1489408 0 0 0 0 0 0 0 
_1.ptx 1015 : 163840 972640 655360 0 0 0 0 0 0 
_1.ptx 1017 : 163840 995008 655360 0 0 0 0 0 0 
_1.ptx 1018 : 163840 1661184 0 0 0 0 0 0 0 
_1.ptx 1019 : 163840 1668640 0 0 0 0 0 0 0 
_1.ptx 1020 : 163840 1675296 0 0 0 0 0 0 0 
_1.ptx 1021 : 163840 1681824 0 0 0 0 0 0 0 
_1.ptx 1022 : 163840 1341504 0 0 0 0 0 0 0 
_1.ptx 1023 : 163840 984224 0 0 0 0 0 0 0 
_1.ptx 1025 : 4096 0 0 0 0 0 0 0 0 
_1.ptx 1026 : 4096 29280 0 0 0 0 0 0 0 
_1.ptx 1027 : 4096 25504 0 0 0 0 0 0 0 
_1.ptx 1028 : 4096 24992 0 0 0 0 0 0 0 
_1.ptx 1029 : 4096 25152 0 0 0 0 0 0 0 
_1.ptx 1030 : 4096 29472 0 0 0 0 0 0 0 
_1.ptx 1034 : 163840 997536 0 0 0 0 0 0 0 
_1.ptx 1035 : 163840 1702848 655360 0 0 0 0 0 0 
_1.ptx 1037 : 163840 999008 0 0 0 0 0 0 0 
_1.ptx 1038 : 163840 1777920 655360 0 0 0 0 0 0 
_1.ptx 1039 : 163840 1654208 0 0 0 0 0 0 0 
_1.ptx 1040 : 163840 1659808 0 0 0 0 0 0 0 
_1.ptx 1041 : 163840 1664992 0 0 0 0 0 0 0 
_1.ptx 1042 : 163840 1325184 0 0 0 0 0 0 0 
_1.ptx 1043 : 163840 973184 0 0 0 0 0 0 0 
_1.ptx 1045 : 4096 0 0 0 0 0 0 0 0 
_1.ptx 1046 : 4096 29120 0 0 0 0 0 0 0 
_1.ptx 1047 : 4096 29376 0 0 0 0 0 0 0 
_1.ptx 1048 : 4096 29440 0 0 0 0 0 0 0 
_1.ptx 1049 : 4096 25952 0 0 0 0 0 0 0 
_1.ptx 1050 : 4096 25248 0 0 0 0 0 0 0 
_1.ptx 1051 : 4096 29152 0 0 0 0 0 0 0 
_1.ptx 1055 : 61440 300128 0 0 0 0 0 0 0 
_1.ptx 1056 : 61440 297024 0 0 0 0 0 0 0 
_1.ptx 1057 : 61440 437024 0 0 0 0 0 0 0 
_1.ptx 1058 : 61440 624768 0 0 0 0 0 0 0 
_1.ptx 1059 : 61440 679584 0 0 0 0 0 0 0 
_1.ptx 1060 : 61440 8122464 71808 0 0 0 0 0 0 
_1.ptx 1061 : 61440 679488 0 0 0 0 0 0 0 
_1.ptx 1062 : 61440 8193984 71680 0 0 0 0 0 0 
_1.ptx 1063 : 61440 556928 0 0 0 0 0 0 0 
_1.ptx 1064 : 61440 437600 0 0 0 0 0 0 0 
_1.ptx 1065 : 61440 378912 0 0 0 0 0 0 0 
_1.ptx 1066 : 61440 926208 0 0 0 0 0 0 0 
_1.ptx 1067 : 61440 439328 0 0 0 0 0 0 0 
_1.ptx 1068 : 61440 384416 0 0 0 0 0 0 0 
_1.ptx 1069 : 61440 495936 0 0 0 0 0 0 0 
_1.ptx 1070 : 61440 0 0 0 0 0 0 0 0 
_1.ptx 1072 : 61440 375264 0 0 0 0 0 0 0 
_1.ptx 1073 : 61440 557088 0 0 0 0 0 0 0 
_1.ptx 1075 : 61440 681760 0 0 0 0 0 0 0 
_1.ptx 1076 : 61440 4323040 8192 0 0 0 0 0 0 
_1.ptx 1077 : 61440 375520 0 0 0 0 0 0 0 
_1.ptx 1078 : 61440 558432 0 0 0 0 0 0 0 
_1.ptx 1079 : 61440 339520 0 0 0 0 0 0 0 
_1.ptx 1081 : 61440 681152 0 0 0 0 0 0 0 
_1.ptx 1082 : 61440 4229344 7680 0 0 0 0 0 0 
_1.ptx 1083 : 61440 374912 0 0 0 0 0 0 0 
_1.ptx 1084 : 61440 679776 0 0 0 0 0 0 0 
_1.ptx 1085 : 61440 361440 0 0 0 0 0 0 0 
_1.ptx 1087 : 61440 621248 0 0 0 0 0 0 0 
_1.ptx 1088 : 61440 622912 0 0 0 0 0 0 0 
_1.ptx 1089 : 61440 626976 0 0 0 0 0 0 0 
_1.ptx 1090 : 61440 496960 0 0 0 0 0 0 0 
_1.ptx 1091 : 61440 350880 0 0 0 0 0 0 0 
_1.ptx 1092 : 4096 25472 0 0 0 0 0 0 0 
_1.ptx 1096 : 4096 0 0 0 0 0 0 0 0 
_1.ptx 1097 : 4096 29280 0 0 0 0 0 0 0 
_1.ptx 1098 : 4096 45408 0 0 0 0 0 0 0 
_1.ptx 1099 : 4096 30720 0 0 0 0 0 0 0 
_1.ptx 1100 : 4096 41504 0 0 0 0 0 0 0 
_1.ptx 1101 : 4096 45152 0 0 0 0 0 0 0 
_1.ptx 1102 : 4096 45472 0 0 0 0 0 0 0 
_1.ptx 1103 : 4096 45472 0 0 0 0 0 0 0 
_1.ptx 1104 : 4096 29824 0 0 0 0 0 0 0 
_1.ptx 1105 : 4096 41728 0 0 0 0 0 0 0 
_1.ptx 1106 : 4096 45248 0 0 0 0 0 0 0 
_1.ptx 1107 : 4096 17664 0 0 0 0 0 0 0 
_1.ptx 1108 : 4096 29408 0 0 0 0 0 0 0 
_1.ptx 1112 : 163840 687680 0 0 0 0 0 0 0 
_1.ptx 1113 : 163840 1156576 0 0 0 0 0 0 0 
_1.ptx 1114 : 163840 690368 0 0 0 0 0 0 0 
_1.ptx 1115 : 163840 1480864 0 0 0 0 0 0 0 
_1.ptx 1116 : 163840 938048 0 0 0 0 0 0 0 
_1.ptx 1118 : 163840 49832608 643584 0 0 0 0 0 0 
_1.ptx 1119 : 163840 1806720 0 0 0 0 0 0 0 
_1.ptx 1120 : 163840 1157024 0 0 0 0 0 0 0 
_1.ptx 1121 : 163840 996544 0 0 0 0 0 0 0 
_1.ptx 1122 : 163840 2462688 0 0 0 0 0 0 0 
_1.ptx 1123 : 163840 1155872 0 0 0 0 0 0 0 
_1.ptx 1124 : 163840 8843648 0 0 0 0 0 0 0 
_1.ptx 1125 : 163840 48423744 626176 0 0 0 0 0 0 
_1.ptx 1126 : 163840 1805920 0 0 0 0 0 0 0 
_1.ptx 1127 : 163840 1806624 0 0 0 0 0 0 0 
_1.ptx 1128 : 163840 1154336 0 0 0 0 0 0 0 
_1.ptx 1129 : 163840 843360 0 0 0 0 0 0 0 
_1.ptx 1130 : 163840 1317600 0 0 0 0 0 0 0 
_1.ptx 1131 : 163840 24640 0 0 0 0 0 0 0 
_1.ptx 1133 : 159744 47336800 600320 0 0 0 0 0 0 
_1.ptx 1134 : 159744 1761760 0 0 0 0 0 0 0 
_1.ptx 1135 : 159744 820320 0 0 0 0 0 0 0 
_1.ptx 1137 : 159744 46954592 592512 0 0 0 0 0 0 
_1.ptx 1138 : 159744 1762944 0 0 0 0 0 0 0 
_1.ptx 1139 : 159744 1129760 0 0 0 0 0 0 0 
_1.ptx 1140 : 159744 982688 0 0 0 0 0 0 0 
_1.ptx 1141 : 159744 2402080 0 0 0 0 0 0 0 
_1.ptx 1142 : 159744 1129536 0 0 0 0 0 0 0 
_1.ptx 1143 : 159744 8483424 0 0 0 0 0 0 0 
_1.ptx 1144 : 159744 1762144 0 0 0 0 0 0 0 
_1.ptx 1145 : 159744 815456 0 0 0 0 0 0 0 
_1.ptx 1147 : 163840 1647008 0 0 0 0 0 0 0 
_1.ptx 1148 : 163840 1650816 0 0 0 0 0 0 0 
_1.ptx 1149 : 163840 1656576 0 0 0 0 0 0 0 
_1.ptx 1150 : 163840 1659296 0 0 0 0 0 0 0 
_1.ptx 1151 : 163840 1655360 0 0 0 0 0 0 0 
_1.ptx 1152 : 163840 1320832 0 0 0 0 0 0 0 
_1.ptx 1153 : 163840 967456 0 0 0 0 0 0 0 
_1.ptx 1155 : 4096 0 0 0 0 0 0 0 0 
_1.ptx 1156 : 4096 29056 0 0 0 0 0 0 0 
_1.ptx 1157 : 4096 25312 0 0 0 0 0 0 0 
_1.ptx 1158 : 4096 12416 0 0 0 0 0 0 0 
_1.ptx 1159 : 4096 24672 0 0 0 0 0 0 0 
_1.ptx 1160 : 4096 24576 0 0 0 0 0 0 0 
_1.ptx 1161 : 4096 28736 0 0 0 0 0 0 0 
_1.ptx 1165 : 163840 1147936 0 0 0 0 0 0 0 
_1.ptx 1166 : 163840 46160032 655360 0 0 0 0 0 0 
_1.ptx 1167 : 163840 1802656 0 0 0 0 0 0 0 
_1.ptx 1168 : 163840 1147840 0 0 0 0 0 0 0 
_1.ptx 1169 : 163840 983936 0 0 0 0 0 0 0 
_1.ptx 1170 : 163840 2457952 0 0 0 0 0 0 0 
_1.ptx 1171 : 163840 116767456 0 0 0 0 0 0 0 
_1.ptx 1172 : 163840 1147744 0 0 0 0 0 0 0 
_1.ptx 1173 : 163840 1639200 0 0 0 0 0 0 0 
_1.ptx 1174 : 163840 1638944 0 0 0 0 0 0 0 
_1.ptx 1175 : 163840 1311104 0 0 0 0 0 0 0 
_1.ptx 1176 : 163840 959136 0 0 0 0 0 0 0 
_1.ptx 1177 : 4096 24576 0 0 0 0 0 0 0 
_1.ptx 1182 : 4096 45056 0 0 0 0 0 0 0 
_1.ptx 1183 : 4096 0 0 0 0 0 0 0 0 
_1.ptx 1184 : 4096 28704 0 0 0 0 0 0 0 
_1.ptx 1185 : 4096 12288 0 0 0 0 0 0 0 
_1.ptx 1186 : 4096 45088 0 0 0 0 0 0 0 
_1.ptx 1187 : 4096 24576 0 0 0 0 0 0 0 
_1.ptx 1188 : 4096 28704 0 0 0 0 0 0 0 
_1.ptx 1189 : 4096 28704 0 0 0 0 0 0 0 
_1.ptx 1190 : 4096 24608 0 0 0 0 0 0 0 
_1.ptx 1191 : 4096 28736 0 0 0 0 0 0 0 
_1.ptx 1195 : 163840 35547904 327296 0 0 0 0 0 0 
_1.ptx 1196 : 163840 1802944 0 0 0 0 0 0 0 
_1.ptx 1197 : 163840 1148160 0 0 0 0 0 0 0 
_1.ptx 1198 : 163840 992704 0 0 0 0 0 0 0 
_1.ptx 1199 : 163840 2458112 0 0 0 0 0 0 0 
_1.ptx 1200 : 163840 125031168 0 0 0 0 0 0 0 
_1.ptx 1201 : 163840 1147520 0 0 0 0 0 0 0 
_1.ptx 1202 : 163840 820096 0 0 0 0 0 0 0 
_1.ptx 1203 : 163840 1638720 0 0 0 0 0 0 0 
_1.ptx 1204 : 163840 1638656 0 0 0 0 0 0 0 
_1.ptx 1205 : 163840 1310848 0 0 0 0 0 0 0 
_1.ptx 1206 : 163840 958496 0 0 0 0 0 0 0 
_1.ptx 1209 : 4096 28704 0 0 0 0 0 0 0 
_1.ptx 1210 : 4096 0 0 0 0 0 0 0 0 
_1.ptx 1211 : 4096 28704 0 0 0 0 0 0 0 
_1.ptx 1212 : 4096 28768 0 0 0 0 0 0 0 
_1.ptx 1213 : 4096 557664 0 0 0 0 0 0 0 
_1.ptx 1214 : 4096 45312 0 0 0 0 0 0 0 
_1.ptx 1215 : 4096 28736 0 0 0 0 0 0 0 
_1.ptx 1219 : 163840 46612352 647168 0 0 0 0 0 0 
_1.ptx 1220 : 163840 1805760 0 0 0 0 0 0 0 
_1.ptx 1221 : 163840 824736 0 0 0 0 0 0 0 
_1.ptx 1222 : 163840 1642016 0 0 0 0 0 0 0 
_1.ptx 1223 : 163840 1644384 0 0 0 0 0 0 0 
_1.ptx 1224 : 163840 1314976 0 0 0 0 0 0 0 
_1.ptx 1225 : 163840 962112 0 0 0 0 0 0 0 
_1.ptx 1228 : 4096 20544 16384 0 0 128 128 0 0 
_1.ptx 1230 : 4096 29056 0 0 0 0 0 0 0 
_1.ptx 1231 : 4096 0 0 0 0 0 0 0 0 
_1.ptx 1232 : 4096 29024 0 0 0 0 0 0 0 
_1.ptx 1233 : 4096 41376 0 0 0 0 0 0 0 
_1.ptx 1234 : 4096 28800 0 0 0 0 0 0 0 
_1.ptx 1237 : 163840 1321632 0 0 0 0 0 0 0 
_1.ptx 1238 : 163840 0 0 0 0 0 0 0 0 
_1.ptx 1239 : 163840 1810208 0 0 0 0 0 0 0 
_1.ptx 1240 : 163840 1649152 0 0 0 0 0 0 0 
_1.ptx 1241 : 163840 1812096 0 0 0 0 0 0 0 
_1.ptx 1242 : 163840 1864800 0 0 0 0 0 0 0 
_1.ptx 1243 : 163840 1174528 0 0 0 0 0 0 0 
_1.ptx 1244 : 163840 1733120 0 0 0 0 0 0 0 
_1.ptx 1245 : 163840 1814176 0 0 0 0 0 0 0 
_1.ptx 1246 : 163840 1173920 0 0 0 0 0 0 0 
_1.ptx 1247 : 163840 1677984 0 0 0 0 0 0 0 
_1.ptx 1248 : 163840 1808928 0 0 0 0 0 0 0 
_1.ptx 1249 : 163840 1810816 0 0 0 0 0 0 0 
_1.ptx 1250 : 163840 1160352 0 0 0 0 0 0 0 
_1.ptx 1251 : 163840 1697856 0 0 0 0 0 0 0 
_1.ptx 1252 : 163840 1809408 0 0 0 0 0 0 0 
_1.ptx 1253 : 163840 1812064 0 0 0 0 0 0 0 
_1.ptx 1254 : 163840 1808608 0 0 0 0 0 0 0 
_1.ptx 1255 : 163840 1162336 0 0 0 0 0 0 0 
_1.ptx 1256 : 163840 1674880 0 0 0 0 0 0 0 
_1.ptx 1257 : 163840 1807744 0 0 0 0 0 0 0 
_1.ptx 1258 : 163840 497760 0 0 0 0 0 0 0 
_1.ptx 1259 : 163840 997728 0 0 0 0 0 0 0 
_1.ptx 1260 : 163840 1175488 0 0 0 0 0 0 0 
_1.ptx 1264 : 9748480 2846657952 38709504 0 0 0 0 0 0 
_1.ptx 1265 : 9748480 39754240 0 0 0 0 0 0 0 
_1.ptx 1266 : 9748480 2956292608 38993920 0 0 0 0 0 0 
_1.ptx 1267 : 9748480 107594176 0 0 0 0 0 0 0 
_1.ptx 1268 : 9748480 88014304 0 0 0 0 0 0 0 
_1.ptx 1270 : 9748480 2835706400 38993920 0 0 0 0 0 0 
_1.ptx 1271 : 9748480 68926528 0 0 0 0 0 0 0 
_1.ptx 1272 : 9748480 107625472 0 0 0 0 0 0 0 
_1.ptx 1273 : 9748480 69074112 0 0 0 0 0 0 0 
_1.ptx 1274 : 9748480 60729920 0 0 0 0 0 0 0 
_1.ptx 1275 : 9748480 146643872 0 0 0 0 0 0 0 
_1.ptx 1276 : 9748480 69066368 0 0 0 0 0 0 0 
_1.ptx 1277 : 9748480 449645696 0 0 0 0 0 0 0 
_1.ptx 1279 : 9748480 107637184 0 0 0 0 0 0 0 
_1.ptx 1280 : 9748480 107612288 0 0 0 0 0 0 0 
_1.ptx 1281 : 9748480 107626016 0 0 0 0 0 0 0 
_1.ptx 1282 : 9748480 449758400 0 0 0 0 0 0 0 
_1.ptx 1283 : 9748480 88222048 0 0 0 0 0 0 0 
_1.ptx 1284 : 9748480 49389216 0 0 0 0 0 0 0 
_1.ptx 1285 : 9748480 98110624 0 0 0 0 0 0 0 
_1.ptx 1286 : 9748480 98346976 0 0 0 0 0 0 0 
_1.ptx 1287 : 9748480 98650656 0 0 0 0 0 0 0 
_1.ptx 1288 : 9748480 98656416 0 0 0 0 0 0 0 
_1.ptx 1289 : 9748480 98754304 0 0 0 0 0 0 0 
_1.ptx 1290 : 9748480 60743936 0 0 0 0 0 0 0 
_1.ptx 1291 : 9748480 78582976 0 0 0 0 0 0 0 
_1.ptx 1292 : 9748480 58125504 0 0 0 0 0 0 0 
_1.ptx 1294 : 163840 1651936 0 0 0 0 0 0 0 
_1.ptx 1295 : 163840 1001120 0 0 0 0 0 0 0 
_1.ptx 1296 : 163840 1319872 0 0 0 0 0 0 0 
_1.ptx 1297 : 163840 969024 0 0 0 0 0 0 0 
_1.ptx 1300 : 4096 1160064 16384 0 0 0 0 0 0 
_1.ptx 1301 : 4096 20608 16384 0 0 128 128 0 0 
_1.ptx 1302 : 4096 45056 0 0 0 0 0 0 0 
_1.ptx 1303 : 4096 45216 0 0 0 0 0 0 0 
_1.ptx 1304 : 4096 45600 0 0 0 0 0 0 0 
_1.ptx 1305 : 4096 24992 0 0 0 0 0 0 0 
_1.ptx 1306 : 4096 32896 0 0 0 0 0 0 0 
_1.ptx 1307 : 4096 0 0 0 0 0 0 0 0 
_1.ptx 1310 : 4096 24608 0 0 0 0 0 0 0 
_1.ptx 1329 : 4096 24576 0 0 0 0 0 0 0 
_1.ptx 1330 : 4096 24576 0 0 0 0 0 0 0 
_1.ptx 1331 : 4096 60672 0 0 0 0 0 0 0 
_1.ptx 1332 : 4096 24576 0 0 0 0 0 0 0 
_1.ptx 1333 : 4096 45504 0 0 0 0 0 0 0 
_1.ptx 1334 : 4096 28800 0 0 0 0 0 0 0 
_1.ptx 1335 : 4096 24576 0 0 0 0 0 0 0 
_1.ptx 1336 : 4096 33344 0 0 0 0 0 0 0 
_1.ptx 1337 : 4096 0 0 0 0 0 0 0 0 
_1.ptx 1338 : 4096 1040704 128 0 0 0 0 0 0 
_1.ptx 1339 : 4096 24576 0 0 0 0 0 0 0 
_1.ptx 1340 : 4096 32832 0 0 0 0 0 0 0 
_1.ptx 1341 : 4096 12288 0 0 0 0 0 0 0 
_1.ptx 1342 : 4096 25664 0 0 0 0 0 0 0 
_1.ptx 1343 : 4096 33504 0 0 0 0 0 0 0 
_1.ptx 1344 : 4096 33888 0 0 0 0 0 0 0 
_1.ptx 1345 : 4096 1097248 128 0 0 0 0 0 0 
_1.ptx 1346 : 4096 24864 0 0 0 0 0 0 0 
_1.ptx 1347 : 4096 33120 0 0 0 0 0 0 0 
_1.ptx 1348 : 4096 24704 0 0 0 0 0 0 0 
_1.ptx 1349 : 4096 57056 0 0 0 0 0 0 0 
_1.ptx 1350 : 4096 28672 0 0 0 0 0 0 0 
_1.ptx 1351 : 4096 1049888 128 0 0 0 0 0 0 
_1.ptx 1352 : 4096 28704 0 0 0 0 0 0 0 
_1.ptx 1353 : 4096 53984 0 0 0 0 0 0 0 
_1.ptx 1354 : 4096 45152 0 0 0 0 0 0 0 
_1.ptx 1355 : 4096 49760 0 0 0 0 0 0 0 
_1.ptx 1356 : 4096 31232 0 0 0 0 0 0 0 
_1.ptx 1357 : 4096 37344 0 0 0 0 0 0 0 
_1.ptx 1358 : 4096 34112 0 0 0 0 0 0 0 
_1.ptx 1359 : 4096 34624 0 0 0 0 0 0 0 
_1.ptx 1360 : 4096 32032 0 0 0 0 0 0 0 
_1.ptx 1361 : 4096 31680 0 0 0 0 0 0 0 
_1.ptx 1362 : 4096 32384 0 0 0 0 0 0 0 
_1.ptx 1365 : 4096 0 0 0 0 0 0 0 0 
_1.ptx 1366 : 4096 36960 0 0 0 0 0 0 0 
_1.ptx 1367 : 4096 31872 0 0 0 0 0 0 0 
_1.ptx 1368 : 4096 29504 0 0 0 0 0 0 0 
_1.ptx 1369 : 4096 24672 0 0 0 0 0 0 0 
_1.ptx 1370 : 4096 29536 0 0 0 0 0 0 0 
_1.ptx 1374 : 327680 1991616 0 0 0 0 0 0 0 
_1.ptx 1375 : 327680 32494880 1310720 0 0 0 0 0 0 
_1.ptx 1377 : 327680 1991072 0 0 0 0 0 0 0 
_1.ptx 1378 : 327680 33300064 1310720 0 0 0 0 0 0 
_1.ptx 1379 : 327680 3311520 0 0 0 0 0 0 0 
_1.ptx 1380 : 327680 3325984 0 0 0 0 0 0 0 
_1.ptx 1381 : 327680 3312256 0 0 0 0 0 0 0 
_1.ptx 1382 : 327680 2662720 0 0 0 0 0 0 0 
_1.ptx 1383 : 327680 1974336 0 0 0 0 0 0 0 
_1.ptx 1386 : 4096 0 0 0 0 0 0 0 0 
_1.ptx 1387 : 4096 29888 0 0 0 0 0 0 0 
_1.ptx 1388 : 4096 26304 0 0 0 0 0 0 0 
_1.ptx 1389 : 4096 29984 0 0 0 0 0 0 0 
_1.ptx 1393 : 163840 1709696 0 0 0 0 0 0 0 
_1.ptx 1394 : 163840 1227744 0 0 0 0 0 0 0 
_1.ptx 1395 : 163840 1377408 0 0 0 0 0 0 0 
_1.ptx 1396 : 163840 0 0 0 0 0 0 0 0 
_1.ptx 1397 : 163840 1860224 0 0 0 0 0 0 0 
_1.ptx 1398 : 163840 1724032 0 0 0 0 0 0 0 
_1.ptx 1399 : 163840 628352 0 0 0 0 0 0 0 
_1.ptx 1400 : 163840 2540800 0 0 0 0 0 0 0 
_1.ptx 1401 : 163840 1245664 0 0 0 0 0 0 0 
_1.ptx 1402 : 163840 2691744 0 0 0 0 0 0 0 
_1.ptx 1403 : 163840 1865184 0 0 0 0 0 0 0 
_1.ptx 1404 : 163840 1293888 0 0 0 0 0 0 0 
_1.ptx 1405 : 163840 1882752 0 0 0 0 0 0 0 
_1.ptx 1406 : 163840 1860352 0 0 0 0 0 0 0 
_1.ptx 1407 : 163840 49501696 655360 0 0 0 0 0 0 
_1.ptx 1408 : 163840 1869088 0 0 0 0 0 0 0 
_1.ptx 1409 : 163840 1266176 0 0 0 0 0 0 0 
_1.ptx 1410 : 163840 1182304 0 0 0 0 0 0 0 
_1.ptx 1411 : 163840 1284032 0 0 0 0 0 0 0 
_1.ptx 1415 : 9748480 111125952 0 0 0 0 0 0 0 
_1.ptx 1416 : 9748480 72881248 0 0 0 0 0 0 0 
_1.ptx 1417 : 9748480 116413024 0 0 0 0 0 0 0 
_1.ptx 1418 : 9748480 110019328 0 0 0 0 0 0 0 
_1.ptx 1419 : 9748480 42220640 512 0 0 0 0 0 0 
_1.ptx 1421 : 9748480 110003200 0 0 0 0 0 0 0 
_1.ptx 1422 : 9748480 2427793856 28849920 0 0 0 0 0 0 
_1.ptx 1423 : 9748480 110689568 0 0 0 0 0 0 0 
_1.ptx 1424 : 9748480 111330016 0 0 0 0 0 0 0 
_1.ptx 1425 : 9748480 73756096 0 0 0 0 0 0 0 
_1.ptx 1426 : 9748480 66031456 0 0 0 0 0 0 0 
_1.ptx 1427 : 9748480 149686400 0 0 0 0 0 0 0 
_1.ptx 1428 : 9748480 73061792 0 0 0 0 0 0 0 
_1.ptx 1429 : 9748480 466705856 0 0 0 0 0 0 0 
_1.ptx 1430 : 9748480 111203936 0 0 0 0 0 0 0 
_1.ptx 1432 : 9748480 111882528 0 0 0 0 0 0 0 
_1.ptx 1433 : 9748480 74766080 0 0 0 0 0 0 0 
_1.ptx 1434 : 9748480 76809664 0 0 0 0 0 0 0 
_1.ptx 1435 : 9748480 76711808 0 0 0 0 0 0 0 
_1.ptx 1436 : 9748480 70914368 0 0 0 0 0 0 0 
_1.ptx 1437 : 9748480 150801664 0 0 0 0 0 0 0 
_1.ptx 1438 : 9748480 149216448 0 0 0 0 0 0 0 
_1.ptx 1439 : 9748480 158073504 0 0 0 0 0 0 0 
_1.ptx 1440 : 9748480 73632512 0 0 0 0 0 0 0 
_1.ptx 1441 : 9748480 65614560 0 0 0 0 0 0 0 
_1.ptx 1442 : 9748480 113340064 0 0 0 0 0 0 0 
_1.ptx 1443 : 9748480 152241696 0 0 0 0 0 0 0 
_1.ptx 1444 : 9748480 111937760 0 0 0 0 0 0 0 
_1.ptx 1445 : 9748480 50245600 0 0 0 0 0 0 0 
_1.ptx 1446 : 9748480 103106432 0 0 0 0 0 0 0 
_1.ptx 1447 : 9748480 103622368 0 0 0 0 0 0 0 
_1.ptx 1448 : 9748480 82905280 0 0 0 0 0 0 0 
_1.ptx 1449 : 9748480 62049824 0 0 0 0 0 0 0 
_1.ptx 1451 : 163840 1242816 0 0 0 0 0 0 0 
_1.ptx 1452 : 163840 1388000 0 0 0 0 0 0 0 
_1.ptx 1453 : 163840 1027808 0 0 0 0 0 0 0 
_1.ptx 1456 : 4096 0 0 0 0 0 0 0 0 
_1.ptx 1457 : 4096 45952 0 0 0 0 0 0 0 
_1.ptx 1458 : 4096 30208 0 0 0 0 0 0 0 
_1.ptx 1459 : 4096 27200 0 0 0 0 0 0 0 
_1.ptx 1460 : 4096 30208 0 0 0 0 0 0 0 
_1.ptx 1461 : 4096 386848 0 0 0 0 0 0 0 
_1.ptx 1462 : 4096 45920 0 0 0 0 0 0 0 
_1.ptx 1463 : 4096 30400 0 0 0 0 0 0 0 
_1.ptx 1464 : 4096 30240 0 0 0 0 0 0 0 
_1.ptx 1465 : 4096 12320 0 0 0 0 0 0 0 
_1.ptx 1466 : 4096 25728 0 0 0 0 0 0 0 
_1.ptx 1467 : 4096 26016 0 0 0 0 0 0 0 
_1.ptx 1468 : 4096 29888 0 0 0 0 0 0 0 
_1.ptx 1472 : 163840 1180608 0 0 0 0 0 0 0 
_1.ptx 1473 : 163840 34130336 290304 0 0 0 0 0 0 
_1.ptx 1474 : 163840 1815168 0 0 0 0 0 0 0 
_1.ptx 1475 : 163840 1168864 0 0 0 0 0 0 0 
_1.ptx 1476 : 163840 1009248 0 0 0 0 0 0 0 
_1.ptx 1477 : 163840 2468704 0 0 0 0 0 0 0 
_1.ptx 1478 : 163840 77525184 0 0 0 0 0 0 0 
_1.ptx 1479 : 163840 1159968 0 0 0 0 0 0 0 
_1.ptx 1481 : 163840 1486080 0 0 0 0 0 0 0 
_1.ptx 1483 : 163840 833888 655360 0 0 0 0 0 0 
_1.ptx 1485 : 163840 822400 655360 0 0 0 0 0 0 
_1.ptx 1486 : 163840 1664352 0 0 0 0 0 0 0 
_1.ptx 1487 : 163840 1669472 0 0 0 0 0 0 0 
_1.ptx 1488 : 163840 1676416 0 0 0 0 0 0 0 
_1.ptx 1489 : 163840 1672224 0 0 0 0 0 0 0 
_1.ptx 1490 : 163840 1449120 0 0 0 0 0 0 0 
_1.ptx 1491 : 163840 978304 0 0 0 0 0 0 0 
_1.ptx 1493 : 4096 0 0 0 0 0 0 0 0 
_1.ptx 1494 : 4096 29504 0 0 0 0 0 0 0 
_1.ptx 1495 : 4096 29440 0 0 0 0 0 0 0 
_1.ptx 1496 : 4096 29504 0 0 0 0 0 0 0 
_1.ptx 1497 : 4096 25984 0 0 0 0 0 0 0 
_1.ptx 1498 : 4096 25280 0 0 0 0 0 0 0 
_1.ptx 1499 : 4096 29248 0 0 0 0 0 0 0 
_1.ptx 1503 : 61440 326112 256 0 0 0 0 0 0 
_1.ptx 1504 : 61440 432928 0 0 0 0 0 0 0 
_1.ptx 1505 : 61440 11094240 0 0 0 0 0 0 0 
_1.ptx 1506 : 61440 676672 0 0 0 0 0 0 0 
_1.ptx 1507 : 61440 4319712 31360 0 0 0 0 0 0 
_1.ptx 1508 : 61440 322496 128 0 0 0 0 0 0 
_1.ptx 1509 : 61440 677312 0 0 0 0 0 0 0 
_1.ptx 1510 : 61440 4451104 34304 0 0 0 0 0 0 
_1.ptx 1511 : 61440 554560 0 0 0 0 0 0 0 
_1.ptx 1512 : 61440 433248 0 0 0 0 0 0 0 
_1.ptx 1513 : 61440 372320 0 0 0 0 0 0 0 
_1.ptx 1514 : 61440 924960 0 0 0 0 0 0 0 
_1.ptx 1515 : 61440 435200 0 0 0 0 0 0 0 
_1.ptx 1517 : 61440 439040 0 0 0 0 0 0 0 
_1.ptx 1518 : 61440 441376 0 0 0 0 0 0 0 
_1.ptx 1519 : 61440 390144 0 0 0 0 0 0 0 
_1.ptx 1520 : 61440 989568 0 0 0 0 0 0 0 
_1.ptx 1521 : 61440 438464 0 0 0 0 0 0 0 
_1.ptx 1522 : 61440 376704 0 0 0 0 0 0 0 
_1.ptx 1523 : 61440 496480 0 0 0 0 0 0 0 
_1.ptx 1524 : 61440 558240 0 0 0 0 0 0 0 
_1.ptx 1525 : 61440 620480 0 0 0 0 0 0 0 
_1.ptx 1526 : 61440 621312 0 0 0 0 0 0 0 
_1.ptx 1527 : 61440 621920 0 0 0 0 0 0 0 
_1.ptx 1528 : 61440 493504 0 0 0 0 0 0 0 
_1.ptx 1529 : 61440 346976 0 0 0 0 0 0 0 
_1.ptx 1530 : 4096 24672 0 0 0 0 0 0 0 
_1.ptx 1534 : 4096 0 0 0 0 0 0 0 0 
_1.ptx 1535 : 4096 28896 0 0 0 0 0 0 0 
_1.ptx 1536 : 4096 24896 0 0 0 0 0 0 0 
_1.ptx 1537 : 4096 12288 0 0 0 0 0 0 0 
_1.ptx 1538 : 4096 24800 0 0 0 0 0 0 0 
_1.ptx 1539 : 4096 24704 0 0 0 0 0 0 0 
_1.ptx 1540 : 4096 28864 0 0 0 0 0 0 0 
_1.ptx 1544 : 163840 1153120 0 0 0 0 0 0 0 
_1.ptx 1545 : 163840 46294176 655360 0 0 0 0 0 0 
_1.ptx 1546 : 163840 1805632 0 0 0 0 0 0 0 
_1.ptx 1547 : 163840 1151328 0 0 0 0 0 0 0 
_1.ptx 1548 : 163840 987840 0 0 0 0 0 0 0 
_1.ptx 1549 : 163840 2460608 0 0 0 0 0 0 0 
_1.ptx 1550 : 163840 75842016 0 0 0 0 0 0 0 
_1.ptx 1551 : 163840 1149600 0 0 0 0 0 0 0 
_1.ptx 1552 : 163840 1645312 0 0 0 0 0 0 0 
_1.ptx 1553 : 163840 1644160 0 0 0 0 0 0 0 
_1.ptx 1554 : 163840 1314144 0 0 0 0 0 0 0 
_1.ptx 1555 : 163840 965760 0 0 0 0 0 0 0 
_1.ptx 1556 : 4096 24672 0 0 0 0 0 0 0 
_1.ptx 1561 : 4096 45056 0 0 0 0 0 0 0 
_1.ptx 1563 : 4096 20544 16384 0 0 128 128 0 0 
_1.ptx 1564 : 4096 45120 0 0 0 0 0 0 0 
_1.ptx 1565 : 4096 45056 0 0 0 0 0 0 0 
_1.ptx 1566 : 4096 24960 0 0 0 0 0 0 0 
_1.ptx 1567 : 4096 32768 0 0 0 0 0 0 0 
_1.ptx 1568 : 4096 0 0 0 0 0 0 0 0 
_1.ptx 1571 : 4096 24704 0 0 0 0 0 0 0 
