kernel line : count latency dram_traffic smem_bk_conflicts smem_warp gmem_access_generated gmem_warp exposed_latency warp_divergence
_1.ptx 97 : 1048576 30602016 0 65536 32768 0 0 0 0 
_1.ptx 99 : 1048576 6993536 0 0 0 0 0 0 0 
_1.ptx 101 : 1048576 7024800 0 0 0 0 0 0 0 
_1.ptx 102 : 1048576 12207200 0 0 0 0 0 0 0 
_1.ptx 103 : 1048576 12681152 0 0 0 0 0 0 0 
_1.ptx 104 : 1048576 9647968 0 0 0 0 0 0 0 
_1.ptx 105 : 1048576 9028128 0 0 0 0 0 0 0 
_1.ptx 106 : 1048576 9473120 0 0 0 0 0 0 0 
_1.ptx 107 : 1048576 8832544 0 0 0 0 0 0 0 
_1.ptx 108 : 1048576 9387072 0 0 0 0 0 0 0 
_1.ptx 109 : 1048576 7922304 0 0 0 0 0 0 0 
_1.ptx 110 : 1048576 9313536 0 0 0 0 0 0 0 
_1.ptx 111 : 1048576 0 0 0 0 0 0 0 0 
_1.ptx 113 : 1048576 8659904 0 0 0 0 0 0 0 
_1.ptx 114 : 1048576 8552128 0 0 0 0 0 0 0 
_1.ptx 115 : 1048576 13610336 0 0 0 0 0 0 0 
_1.ptx 116 : 1048576 12089728 0 0 0 0 0 0 0 
_1.ptx 117 : 1048576 14208704 0 0 0 0 0 0 0 
_1.ptx 118 : 1048576 11968128 0 0 0 0 0 0 0 
_1.ptx 119 : 1048576 30608960 0 65536 32768 0 0 0 0 
_1.ptx 120 : 1048576 18502912 0 0 0 0 0 0 0 
_1.ptx 121 : 1048576 14264416 0 0 0 0 0 0 0 
_1.ptx 122 : 1048576 12038976 0 0 0 0 0 0 0 
_1.ptx 123 : 1048576 8380736 0 0 0 0 0 0 0 
_1.ptx 124 : 1048576 13546432 0 0 0 0 0 0 0 
_1.ptx 125 : 1048576 12074304 0 0 0 0 0 0 0 
_1.ptx 126 : 1048576 84599488 4096768 0 0 65536 32768 0 0 
_1.ptx 129 : 1048576 7237408 0 0 0 0 0 0 0 
_1.ptx 145 : 1048576 6439392 0 0 0 0 0 0 0 
_1.ptx 146 : 1048576 6443520 0 0 0 0 0 0 0 
_1.ptx 147 : 1048576 15285248 0 0 0 0 0 0 0 
_1.ptx 148 : 1048576 6430240 0 0 0 0 0 0 0 
_1.ptx 149 : 1048576 6474048 0 0 0 0 0 0 0 
_1.ptx 150 : 1048576 16333472 0 0 0 0 0 0 0 
_1.ptx 151 : 1048576 6477280 0 0 0 0 0 0 0 
_1.ptx 152 : 1048576 12170336 0 0 0 0 0 0 0 
_1.ptx 153 : 1048576 7507008 0 0 0 0 0 0 0 
_1.ptx 154 : 1048576 12048672 0 0 0 0 0 0 0 
_1.ptx 155 : 1048576 161853824 128 0 0 0 0 0 0 
_1.ptx 156 : 1048576 162871968 0 0 0 0 0 0 0 
_1.ptx 157 : 1048576 8682624 0 0 0 0 0 0 0 
_1.ptx 158 : 1048576 7845440 0 0 0 0 0 0 0 
_1.ptx 159 : 1048576 8703136 0 0 0 0 0 0 0 
_1.ptx 160 : 1048576 7798688 0 0 0 0 0 0 0 
_1.ptx 161 : 1048576 8698688 0 0 0 0 0 0 0 
_1.ptx 64 : 1048576 6920832 0 0 0 0 0 0 0 
_1.ptx 162 : 1048576 6882432 0 0 0 0 0 0 0 
_1.ptx 65 : 1048576 15663104 0 0 0 0 0 0 0 
_1.ptx 163 : 1048576 8617024 0 0 0 0 0 0 0 
_1.ptx 66 : 1048576 7022464 0 0 0 0 0 0 0 
_1.ptx 164 : 1048576 0 0 0 0 0 0 0 0 
_1.ptx 67 : 1048576 19336704 0 0 0 0 0 0 0 
_1.ptx 68 : 1048576 7179520 0 0 0 0 0 0 0 
_1.ptx 166 : 1048576 161126336 0 0 0 0 0 0 0 
_1.ptx 69 : 1048576 12172192 0 0 0 0 0 0 0 
_1.ptx 167 : 1048576 14387488 0 0 0 0 0 0 0 
_1.ptx 70 : 1048576 7933984 0 0 0 0 0 0 0 
_1.ptx 168 : 1048576 11738144 0 0 0 0 0 0 0 
_1.ptx 71 : 1048576 12065344 0 0 0 0 0 0 0 
_1.ptx 169 : 1048576 7813568 0 0 0 0 0 0 0 
_1.ptx 72 : 1048576 19246528 0 0 0 0 0 0 0 
_1.ptx 170 : 1048576 12838080 0 0 0 0 0 0 0 
_1.ptx 73 : 1048576 16421600 0 0 0 0 0 0 0 
_1.ptx 171 : 1048576 11704448 0 0 0 0 0 0 0 
_1.ptx 74 : 1048576 9089280 0 0 0 0 0 0 0 
_1.ptx 172 : 1048576 783956832 4305536 0 0 65536 32768 0 0 
_1.ptx 75 : 1048576 8475488 0 0 0 0 0 0 0 
_1.ptx 76 : 1048576 9139840 0 0 0 0 0 0 0 
_1.ptx 173 : 1048576 145582880 0 0 0 0 0 0 0 
_1.ptx 77 : 1048576 8524864 0 0 0 0 0 0 0 
_1.ptx 174 : 1048576 13155648 0 0 0 0 0 0 0 
_1.ptx 78 : 1048576 9256896 0 0 0 0 0 0 0 
_1.ptx 175 : 1048576 11672928 0 0 0 0 0 0 0 
_1.ptx 79 : 1048576 7702720 0 0 0 0 0 0 0 
_1.ptx 176 : 1048576 7700512 0 0 0 0 0 0 0 
_1.ptx 80 : 1048576 9185120 0 0 0 0 0 0 0 
_1.ptx 177 : 1048576 12028352 0 0 0 0 0 0 0 
_1.ptx 81 : 1048576 0 0 0 0 0 0 0 0 
_1.ptx 178 : 1048576 11677408 0 0 0 0 0 0 0 
_1.ptx 179 : 1048576 992388640 14692608 0 0 524288 32768 0 0 
_1.ptx 83 : 1048576 7447136 0 0 0 0 0 0 0 
_1.ptx 84 : 1048576 27940032 0 0 0 0 0 0 0 
_1.ptx 85 : 1048576 13936288 0 0 0 0 0 0 0 
_1.ptx 182 : 1048576 6467264 0 0 0 0 0 0 0 
_1.ptx 86 : 1048576 12067552 0 0 0 0 0 0 0 
_1.ptx 87 : 1048576 8450176 0 0 0 0 0 0 0 
_1.ptx 88 : 1048576 13850848 0 0 0 0 0 0 0 
_1.ptx 89 : 1048576 12092576 0 0 0 0 0 0 0 
_1.ptx 90 : 1048576 591998048 4236416 0 0 65536 32768 0 0 
_1.ptx 91 : 1048576 8367680 0 0 0 0 0 0 0 
_1.ptx 92 : 1048576 8401120 0 0 0 0 0 0 0 
_1.ptx 93 : 1048576 13376544 0 0 0 0 0 0 0 
_1.ptx 94 : 1048576 12015776 0 0 0 0 0 0 0 
_1.ptx 95 : 1048576 13101600 0 0 0 0 0 0 0 
_1.ptx 96 : 1048576 11915712 0 0 0 0 0 0 0 
