kernel line : count latency dram_traffic smem_bk_conflicts smem_warp gmem_access_generated gmem_warp exposed_latency warp_divergence
_1.ptx 62 : 580608 3521824 0 0 0 0 0 0 0 
_1.ptx 63 : 580608 3535360 0 0 0 0 0 0 0 
_1.ptx 64 : 580608 7019232 0 0 0 0 0 0 0 
_1.ptx 65 : 580608 3515616 0 0 0 0 0 0 0 
_1.ptx 66 : 580608 6406912 0 0 0 0 0 0 0 
_1.ptx 67 : 580608 24783136 128 0 0 0 0 0 0 
_1.ptx 68 : 580608 20603808 128 0 0 0 0 0 0 
_1.ptx 69 : 580608 4154176 0 0 0 0 0 0 0 
_1.ptx 70 : 580608 6512736 0 0 0 0 0 0 0 
_1.ptx 71 : 580608 6428256 0 0 0 0 0 0 0 
_1.ptx 72 : 580608 37409632 2322432 0 0 18144 18144 0 0 
_1.ptx 73 : 580608 26539744 0 0 0 0 0 0 0 
_1.ptx 74 : 580608 26042784 0 0 0 0 0 0 0 
_1.ptx 75 : 580608 6434016 0 0 0 0 0 0 0 
_1.ptx 76 : 580608 4170816 0 0 0 0 0 0 0 
_1.ptx 77 : 580608 6143040 0 0 0 0 0 0 0 
_1.ptx 78 : 580608 6420192 0 0 0 0 0 0 0 
_1.ptx 79 : 580608 42747808 2322432 0 0 18144 18144 0 0 
_1.ptx 80 : 580608 33769792 0 0 0 0 0 0 0 
_1.ptx 81 : 580608 6084448 0 0 0 0 0 0 0 
_1.ptx 82 : 580608 6418336 0 0 0 0 0 0 0 
_1.ptx 83 : 580608 4184928 0 0 0 0 0 0 0 
_1.ptx 84 : 580608 6066688 0 0 0 0 0 0 0 
_1.ptx 85 : 580608 6411456 0 0 0 0 0 0 0 
_1.ptx 86 : 580608 43052640 2322432 0 0 18144 18144 0 0 
_1.ptx 87 : 580608 32854016 0 0 0 0 0 0 0 
_1.ptx 88 : 580608 6045312 0 0 0 0 0 0 0 
_1.ptx 89 : 580608 6408864 0 0 0 0 0 0 0 
_1.ptx 90 : 580608 4158272 0 0 0 0 0 0 0 
_1.ptx 91 : 580608 6059520 0 0 0 0 0 0 0 
_1.ptx 92 : 580608 6411072 0 0 0 0 0 0 0 
_1.ptx 93 : 580608 43220832 2322432 0 0 18144 18144 0 0 
_1.ptx 94 : 580608 33755712 0 0 0 0 0 0 0 
_1.ptx 95 : 580608 6019680 0 0 0 0 0 0 0 
_1.ptx 96 : 580608 6409248 0 0 0 0 0 0 0 
_1.ptx 97 : 580608 4164320 0 0 0 0 0 0 0 
_1.ptx 98 : 580608 6042528 0 0 0 0 0 0 0 
_1.ptx 99 : 580608 6416704 0 0 0 0 0 0 0 
_1.ptx 100 : 580608 42018048 2322432 0 0 18144 18144 0 0 
_1.ptx 102 : 580608 3513568 0 0 0 0 0 0 0 
_1.ptx 118 : 193536 1201184 0 0 0 0 0 0 0 
_1.ptx 119 : 193536 1216320 0 0 0 0 0 0 0 
_1.ptx 120 : 193536 1193728 0 0 0 0 0 0 0 
_1.ptx 121 : 193536 3564096 0 0 0 0 0 0 0 
_1.ptx 122 : 193536 2157824 0 0 0 0 0 0 0 
_1.ptx 123 : 193536 1417472 0 0 0 0 0 0 0 
_1.ptx 124 : 193536 3481728 0 0 0 0 0 0 0 
_1.ptx 125 : 193536 4890880 0 0 0 0 0 0 0 
_1.ptx 126 : 193536 2154304 0 0 0 0 0 0 0 
_1.ptx 127 : 193536 99965408 774144 0 0 6048 6048 0 0 
_1.ptx 129 : 193536 6356576 0 0 0 0 0 0 0 
_1.ptx 130 : 193536 2151328 0 0 0 0 0 0 0 
_1.ptx 131 : 193536 1404256 0 0 0 0 0 0 0 
_1.ptx 132 : 193536 3501376 0 0 0 0 0 0 0 
_1.ptx 133 : 193536 2150080 0 0 0 0 0 0 0 
_1.ptx 134 : 193536 103718400 774144 0 0 6048 6048 0 0 
_1.ptx 136 : 193536 3447680 0 0 0 0 0 0 0 
_1.ptx 137 : 193536 2148160 0 0 0 0 0 0 0 
_1.ptx 138 : 193536 1399488 0 0 0 0 0 0 0 
_1.ptx 139 : 193536 3324800 0 0 0 0 0 0 0 
_1.ptx 140 : 193536 2144224 0 0 0 0 0 0 0 
_1.ptx 141 : 193536 105160448 774144 0 0 6048 6048 0 0 
_1.ptx 143 : 193536 3237920 0 0 0 0 0 0 0 
_1.ptx 144 : 193536 2145472 0 0 0 0 0 0 0 
_1.ptx 145 : 193536 1395680 0 0 0 0 0 0 0 
_1.ptx 146 : 193536 3214176 0 0 0 0 0 0 0 
_1.ptx 147 : 193536 2145440 0 0 0 0 0 0 0 
_1.ptx 148 : 193536 103593600 774144 0 0 6048 6048 0 0 
_1.ptx 150 : 193536 9844512 0 0 0 0 0 0 0 
_1.ptx 151 : 193536 9923136 0 0 0 0 0 0 0 
_1.ptx 152 : 193536 10044832 0 0 0 0 0 0 0 
_1.ptx 153 : 193536 2155136 0 0 0 0 0 0 0 
_1.ptx 154 : 193536 1771584 0 0 0 0 0 0 0 
_1.ptx 155 : 193536 1776288 0 0 0 0 0 0 0 
_1.ptx 156 : 193536 1193952 0 0 0 0 0 0 0 
_1.ptx 157 : 193536 3964448 0 0 0 0 0 0 0 
_1.ptx 158 : 193536 4385472 0 0 0 0 0 0 0 
_1.ptx 159 : 193536 2142272 0 0 0 0 0 0 0 
_1.ptx 160 : 193536 1386688 0 0 0 0 0 0 0 
_1.ptx 161 : 193536 3392064 0 0 0 0 0 0 0 
_1.ptx 162 : 193536 2146880 0 0 0 0 0 0 0 
_1.ptx 163 : 193536 95107712 774144 0 0 6048 6048 0 0 
_1.ptx 164 : 193536 1203680 0 0 0 0 0 0 0 
_1.ptx 165 : 193536 2156224 0 0 0 0 0 0 0 
_1.ptx 166 : 193536 2156896 0 0 0 0 0 0 0 
_1.ptx 167 : 193536 2152992 0 0 0 0 0 0 0 
_1.ptx 168 : 193536 1196000 0 0 0 0 0 0 0 
_1.ptx 169 : 193536 2150560 0 0 0 0 0 0 0 
_1.ptx 170 : 193536 1193952 0 0 0 0 0 0 0 
_1.ptx 171 : 193536 2147872 0 0 0 0 0 0 0 
_1.ptx 172 : 193536 10149280 0 0 0 0 0 0 0 
_1.ptx 173 : 193536 4125824 0 0 0 0 0 0 0 
_1.ptx 174 : 193536 2143552 0 0 0 0 0 0 0 
_1.ptx 175 : 193536 5249600 0 0 0 0 0 0 0 
_1.ptx 176 : 193536 2146528 0 0 0 0 0 0 0 
_1.ptx 177 : 193536 121664256 774144 0 0 6048 6048 0 0 
_1.ptx 178 : 193536 4120256 0 0 0 0 0 0 0 
_1.ptx 179 : 193536 2143520 0 0 0 0 0 0 0 
_1.ptx 180 : 193536 10531680 0 0 0 0 0 0 0 
_1.ptx 182 : 193536 5140736 0 0 0 0 0 0 0 
_1.ptx 183 : 193536 2145760 0 0 0 0 0 0 0 
_1.ptx 184 : 193536 5804000 774144 0 0 6048 6048 0 0 
_1.ptx 186 : 193536 1179488 0 0 0 0 0 0 0 
_1.ptx 208 : 193536 1210144 0 0 0 0 0 0 0 
_1.ptx 209 : 193536 1220000 0 0 0 0 0 0 0 
_1.ptx 210 : 193536 1193888 0 0 0 0 0 0 0 
_1.ptx 211 : 193536 2780224 0 0 0 0 0 0 0 
_1.ptx 212 : 193536 2150880 0 0 0 0 0 0 0 
_1.ptx 213 : 193536 1409248 0 0 0 0 0 0 0 
_1.ptx 214 : 193536 2295232 0 0 0 0 0 0 0 
_1.ptx 215 : 193536 20182976 0 0 0 0 0 0 0 
_1.ptx 216 : 193536 2156736 0 0 0 0 0 0 0 
_1.ptx 217 : 193536 83845376 319744 0 0 6048 6048 0 0 
_1.ptx 219 : 193536 9500672 0 0 0 0 0 0 0 
_1.ptx 220 : 193536 2145024 0 0 0 0 0 0 0 
_1.ptx 221 : 193536 1397280 0 0 0 0 0 0 0 
_1.ptx 222 : 193536 2472416 0 0 0 0 0 0 0 
_1.ptx 223 : 193536 2156288 0 0 0 0 0 0 0 
_1.ptx 224 : 193536 81357344 326656 0 0 6048 6048 0 0 
_1.ptx 226 : 193536 2338176 0 0 0 0 0 0 0 
_1.ptx 227 : 193536 2149664 0 0 0 0 0 0 0 
_1.ptx 228 : 193536 1406912 0 0 0 0 0 0 0 
_1.ptx 229 : 193536 2337632 0 0 0 0 0 0 0 
_1.ptx 230 : 193536 2148160 0 0 0 0 0 0 0 
_1.ptx 231 : 193536 85541344 329856 0 0 6048 6048 0 0 
_1.ptx 233 : 193536 2328288 0 0 0 0 0 0 0 
_1.ptx 234 : 193536 2147456 0 0 0 0 0 0 0 
_1.ptx 235 : 193536 1395904 0 0 0 0 0 0 0 
_1.ptx 236 : 193536 2268064 0 0 0 0 0 0 0 
_1.ptx 237 : 193536 2141056 0 0 0 0 0 0 0 
_1.ptx 238 : 193536 84852832 314368 0 0 6048 6048 0 0 
_1.ptx 240 : 193536 2397696 0 0 0 0 0 0 0 
_1.ptx 241 : 193536 2146016 0 0 0 0 0 0 0 
_1.ptx 242 : 193536 1404128 0 0 0 0 0 0 0 
_1.ptx 243 : 193536 2291968 0 0 0 0 0 0 0 
_1.ptx 244 : 193536 2151712 0 0 0 0 0 0 0 
_1.ptx 245 : 193536 85309472 312832 0 0 6048 6048 0 0 
_1.ptx 247 : 193536 8593984 0 0 0 0 0 0 0 
_1.ptx 248 : 193536 2150336 0 0 0 0 0 0 0 
_1.ptx 249 : 193536 104292032 774144 0 0 6048 6048 0 0 
_1.ptx 251 : 193536 9632256 0 0 0 0 0 0 0 
_1.ptx 252 : 193536 2148224 0 0 0 0 0 0 0 
_1.ptx 253 : 193536 107215680 774144 0 0 6048 6048 0 0 
_1.ptx 255 : 193536 2142368 0 0 0 0 0 0 0 
_1.ptx 256 : 193536 109538912 774144 0 0 6048 6048 0 0 
_1.ptx 258 : 193536 2507168 0 0 0 0 0 0 0 
_1.ptx 259 : 193536 2144608 0 0 0 0 0 0 0 
_1.ptx 260 : 193536 1390752 0 0 0 0 0 0 0 
_1.ptx 261 : 193536 2277856 0 0 0 0 0 0 0 
_1.ptx 262 : 193536 2147776 0 0 0 0 0 0 0 
_1.ptx 263 : 193536 113519456 774144 0 0 6048 6048 0 0 
_1.ptx 264 : 193536 1176832 0 0 0 0 0 0 0 
_1.ptx 265 : 193536 1568576 0 0 0 0 0 0 0 
_1.ptx 266 : 193536 93658 0 0 0 0 0 0 3151 
_1.ptx 268 : 178150 1271096 0 0 0 0 0 0 0 
_1.ptx 269 : 178150 2022503 0 0 0 0 0 0 0 
_1.ptx 270 : 178150 1972882 0 0 0 0 0 0 0 
_1.ptx 271 : 178150 169016876 263296 0 0 114727 6046 0 0 
_1.ptx 273 : 178150 1971151 0 0 0 0 0 0 0 
_1.ptx 274 : 178150 1268416 0 0 0 0 0 0 0 
_1.ptx 275 : 178150 2050916 0 0 0 0 0 0 0 
_1.ptx 276 : 178150 1969349 0 0 0 0 0 0 0 
_1.ptx 277 : 178150 186767324 298112 0 0 114727 6046 0 0 
_1.ptx 279 : 178150 1970831 0 0 0 0 0 0 0 
_1.ptx 280 : 178150 1266216 0 0 0 0 0 0 0 
_1.ptx 281 : 178150 1999493 0 0 0 0 0 0 0 
_1.ptx 282 : 178150 1970505 0 0 0 0 0 0 0 
_1.ptx 283 : 178150 200291917 243712 0 0 114727 6046 0 0 
_1.ptx 285 : 178150 1971321 0 0 0 0 0 0 0 
_1.ptx 286 : 178150 1266279 0 0 0 0 0 0 0 
_1.ptx 287 : 178150 1997548 0 0 0 0 0 0 0 
_1.ptx 288 : 178150 1975465 0 0 0 0 0 0 0 
_1.ptx 289 : 178150 202932316 237312 0 0 114727 6046 0 0 
_1.ptx 291 : 178150 1968895 0 0 0 0 0 0 0 
_1.ptx 292 : 178150 1265811 0 0 0 0 0 0 0 
_1.ptx 293 : 178150 1989877 0 0 0 0 0 0 0 
_1.ptx 294 : 178150 1969482 0 0 0 0 0 0 0 
_1.ptx 295 : 178150 196686528 261888 0 0 114727 6046 0 0 
_1.ptx 297 : 178150 8452365 0 0 0 0 0 0 0 
_1.ptx 298 : 178150 8895219 0 0 0 0 0 0 0 
_1.ptx 299 : 178150 9261251 0 0 0 0 0 0 0 
_1.ptx 300 : 178150 1076600 0 0 0 0 0 0 0 
_1.ptx 301 : 178150 1974571 0 0 0 0 0 0 0 
_1.ptx 302 : 178150 8815169 0 0 0 0 0 0 0 
_1.ptx 303 : 178150 8838662 0 0 0 0 0 0 0 
_1.ptx 304 : 178150 8639095 0 0 0 0 0 0 0 
_1.ptx 305 : 178150 1075726 0 0 0 0 0 0 0 
_1.ptx 306 : 178150 1969444 0 0 0 0 0 0 0 
_1.ptx 307 : 178150 1973516 0 0 0 0 0 0 0 
_1.ptx 308 : 178150 1974608 0 0 0 0 0 0 0 
_1.ptx 309 : 178150 1614934 0 0 0 0 0 0 0 
_1.ptx 310 : 178150 1614551 0 0 0 0 0 0 0 
_1.ptx 311 : 178150 1613099 0 0 0 0 0 0 0 
_1.ptx 312 : 178150 1614962 0 0 0 0 0 0 0 
_1.ptx 313 : 178150 1974439 0 0 0 0 0 0 0 
_1.ptx 314 : 178150 1967048 0 0 0 0 0 0 0 
_1.ptx 315 : 178150 1969764 0 0 0 0 0 0 0 
_1.ptx 316 : 178150 1969295 0 0 0 0 0 0 0 
_1.ptx 317 : 178150 1078623 0 0 0 0 0 0 0 
_1.ptx 318 : 178150 1969690 0 0 0 0 0 0 0 
_1.ptx 319 : 178150 1077849 0 0 0 0 0 0 0 
_1.ptx 320 : 178150 1968262 0 0 0 0 0 0 0 
_1.ptx 321 : 178150 2710755 0 0 0 0 0 0 0 
_1.ptx 322 : 178150 3768390 0 0 0 0 0 0 0 
_1.ptx 323 : 178150 1968422 0 0 0 0 0 0 0 
_1.ptx 324 : 178150 1075805 0 0 0 0 0 0 0 
_1.ptx 325 : 178150 1968680 0 0 0 0 0 0 0 
_1.ptx 326 : 178150 8323791 0 0 0 0 0 0 0 
_1.ptx 327 : 178150 2748345 0 0 0 0 0 0 0 
_1.ptx 328 : 178150 1969272 0 0 0 0 0 0 0 
_1.ptx 329 : 178150 1076654 0 0 0 0 0 0 0 
_1.ptx 330 : 178150 1968231 0 0 0 0 0 0 0 
_1.ptx 331 : 178150 8344404 0 0 0 0 0 0 0 
_1.ptx 332 : 178150 2708036 0 0 0 0 0 0 0 
_1.ptx 333 : 178150 1970474 0 0 0 0 0 0 0 
_1.ptx 334 : 178150 1973811 0 0 0 0 0 0 0 
_1.ptx 335 : 178150 1616333 0 0 0 0 0 0 0 
_1.ptx 336 : 178150 1615410 0 0 0 0 0 0 0 
_1.ptx 337 : 178150 2649732 0 0 0 0 0 0 0 
_1.ptx 338 : 178150 1265347 0 0 0 0 0 0 0 
_1.ptx 339 : 178150 1089027 0 0 0 0 0 0 0 
_1.ptx 340 : 178150 1972297 0 0 0 0 0 0 0 
_1.ptx 341 : 178150 1079407 0 0 0 0 0 0 0 
_1.ptx 342 : 178150 1973521 0 0 0 0 0 0 0 
_1.ptx 343 : 178150 1970427 0 0 0 0 0 0 0 
_1.ptx 345 : 178150 1077083 0 0 0 0 0 0 0 
_1.ptx 346 : 178150 1970777 0 0 0 0 0 0 0 
_1.ptx 347 : 178150 1082495 0 0 0 0 0 0 0 
_1.ptx 348 : 178150 1972135 0 0 0 0 0 0 0 
_1.ptx 349 : 178150 1081353 0 0 0 0 0 0 0 
_1.ptx 350 : 178150 1975657 0 0 0 0 0 0 0 
_1.ptx 351 : 178150 1083357 0 0 0 0 0 0 0 
_1.ptx 352 : 178150 1976784 0 0 0 0 0 0 0 
_1.ptx 353 : 178150 1615879 0 0 0 0 0 0 0 
_1.ptx 354 : 178150 1982800 0 0 0 0 0 0 0 
_1.ptx 355 : 178150 1616076 0 0 0 0 0 0 0 
_1.ptx 356 : 178150 1981932 0 0 0 0 0 0 0 
_1.ptx 357 : 178150 1615219 0 0 0 0 0 0 0 
_1.ptx 358 : 178150 1982736 0 0 0 0 0 0 0 
_1.ptx 359 : 178150 1613810 0 0 0 0 0 0 0 
_1.ptx 361 : 178150 1978764 0 0 0 0 0 0 0 
_1.ptx 362 : 178150 1971789 0 0 0 0 0 0 0 
_1.ptx 363 : 178150 1094453 0 0 0 0 0 0 0 
_1.ptx 364 : 178150 1979873 0 0 0 0 0 0 0 
_1.ptx 365 : 178150 1618951 0 0 0 0 0 0 0 
_1.ptx 366 : 178150 1988377 0 0 0 0 0 0 0 
_1.ptx 367 : 178150 1611442 0 0 0 0 0 0 0 
_1.ptx 368 : 178150 1614432 0 0 0 0 0 0 0 
_1.ptx 369 : 178150 1983080 0 0 0 0 0 0 0 
_1.ptx 370 : 178150 1610851 0 0 0 0 0 0 0 
_1.ptx 371 : 178150 1614734 0 0 0 0 0 0 0 
_1.ptx 372 : 178150 1995099 0 0 0 0 0 0 0 
_1.ptx 373 : 178150 1612853 0 0 0 0 0 0 0 
_1.ptx 374 : 178150 1618998 0 0 0 0 0 0 0 
_1.ptx 376 : 178150 1997151 0 0 0 0 0 0 0 
_1.ptx 377 : 178150 1979352 0 0 0 0 0 0 0 
_1.ptx 378 : 178150 1971725 0 0 0 0 0 0 0 
_1.ptx 379 : 178150 1973120 0 0 0 0 0 0 0 
_1.ptx 380 : 178150 1975607 0 0 0 0 0 0 0 
_1.ptx 381 : 178150 1981930 0 0 0 0 0 0 0 
_1.ptx 382 : 178150 1099275 0 0 0 0 0 0 0 
_1.ptx 383 : 178150 1980498 0 0 0 0 0 0 0 
_1.ptx 384 : 178150 1621338 0 0 0 0 0 0 0 
_1.ptx 385 : 178150 1620996 0 0 0 0 0 0 0 
_1.ptx 386 : 178150 1628306 0 0 0 0 0 0 0 
_1.ptx 387 : 178150 1975021 0 0 0 0 0 0 0 
_1.ptx 388 : 178150 1612956 0 0 0 0 0 0 0 
_1.ptx 389 : 178150 1612545 0 0 0 0 0 0 0 
_1.ptx 390 : 178150 1621193 0 0 0 0 0 0 0 
_1.ptx 392 : 178150 2038790 0 0 0 0 0 0 0 
_1.ptx 393 : 178150 1980842 0 0 0 0 0 0 0 
_1.ptx 394 : 178150 1974570 0 0 0 0 0 0 0 
_1.ptx 395 : 178150 1079896 0 0 0 0 0 0 0 
_1.ptx 396 : 178150 1968500 0 0 0 0 0 0 0 
_1.ptx 397 : 178150 1615990 0 0 0 0 0 0 0 
_1.ptx 398 : 178150 1635210 0 0 0 0 0 0 0 
_1.ptx 399 : 178150 1619930 0 0 0 0 0 0 0 
_1.ptx 400 : 178150 1639834 0 0 0 0 0 0 0 
_1.ptx 401 : 178150 1976637 0 0 0 0 0 0 0 
_1.ptx 402 : 178150 1619114 0 0 0 0 0 0 0 
_1.ptx 403 : 178150 1621372 0 0 0 0 0 0 0 
_1.ptx 405 : 178150 1090877 0 0 0 0 0 0 0 
_1.ptx 406 : 178150 1981347 0 0 0 0 0 0 0 
_1.ptx 407 : 178150 1617367 0 0 0 0 0 0 0 
_1.ptx 408 : 178150 1612418 0 0 0 0 0 0 0 
_1.ptx 409 : 178150 1616683 0 0 0 0 0 0 0 
_1.ptx 410 : 178150 1623939 0 0 0 0 0 0 0 
_1.ptx 411 : 178150 1614626 0 0 0 0 0 0 0 
_1.ptx 412 : 178150 1973333 0 0 0 0 0 0 0 
_1.ptx 413 : 178150 1616356 0 0 0 0 0 0 0 
_1.ptx 414 : 178150 1087740 0 0 0 0 0 0 0 
_1.ptx 416 : 15386 93391 0 0 0 0 0 0 0 
_1.ptx 417 : 15386 124686 0 0 0 0 0 0 0 
_1.ptx 418 : 15386 5288 0 0 0 0 0 0 55 
_1.ptx 420 : 14510 781594 0 0 0 0 0 0 0 
_1.ptx 421 : 14510 879939 0 0 0 0 0 0 0 
_1.ptx 422 : 14510 891739 0 0 0 0 0 0 0 
_1.ptx 423 : 14510 88137 0 0 0 0 0 0 0 
_1.ptx 424 : 14510 161448 0 0 0 0 0 0 0 
_1.ptx 425 : 14510 161629 0 0 0 0 0 0 0 
_1.ptx 426 : 14510 132517 0 0 0 0 0 0 0 
_1.ptx 427 : 14510 132631 0 0 0 0 0 0 0 
_1.ptx 428 : 14510 161734 0 0 0 0 0 0 0 
_1.ptx 429 : 14510 161257 0 0 0 0 0 0 0 
_1.ptx 430 : 14510 88576 0 0 0 0 0 0 0 
_1.ptx 431 : 14510 161881 0 0 0 0 0 0 0 
_1.ptx 432 : 14510 89203 0 0 0 0 0 0 0 
_1.ptx 433 : 14510 133411 0 0 0 0 0 0 0 
_1.ptx 435 : 14510 89300 0 0 0 0 0 0 0 
_1.ptx 436 : 14510 133131 0 0 0 0 0 0 0 
_1.ptx 438 : 14510 89834 0 0 0 0 0 0 0 
_1.ptx 439 : 14510 133905 0 0 0 0 0 0 0 
_1.ptx 440 : 14510 90491 0 0 0 0 0 0 0 
_1.ptx 441 : 14510 92848 0 0 0 0 0 0 0 
_1.ptx 442 : 14510 93785 0 0 0 0 0 0 0 
_1.ptx 444 : 876 5270 0 0 0 0 0 0 0 
_1.ptx 445 : 876 7070 0 0 0 0 0 0 0 
_1.ptx 446 : 876 0 0 0 0 0 0 0 0 
_1.ptx 448 : 876 5470 0 0 0 0 0 0 0 
_1.ptx 449 : 876 9746 0 0 0 0 0 0 0 
_1.ptx 450 : 876 5388 0 0 0 0 0 0 0 
_1.ptx 451 : 876 9845 0 0 0 0 0 0 0 
_1.ptx 452 : 876 5385 0 0 0 0 0 0 0 
_1.ptx 453 : 876 9921 0 0 0 0 0 0 0 
_1.ptx 454 : 876 5546 0 0 0 0 0 0 0 
_1.ptx 455 : 876 170446 0 0 0 0 0 0 0 
_1.ptx 456 : 876 9744 0 0 0 0 0 0 0 
_1.ptx 457 : 876 7984 0 0 0 0 0 0 0 
_1.ptx 458 : 876 126223 0 0 0 0 0 0 0 
_1.ptx 459 : 876 9696 0 0 0 0 0 0 0 
_1.ptx 460 : 876 8074 0 0 0 0 0 0 0 
_1.ptx 461 : 876 114571 0 0 0 0 0 0 0 
_1.ptx 462 : 876 9746 0 0 0 0 0 0 0 
_1.ptx 463 : 876 7965 0 0 0 0 0 0 0 
_1.ptx 465 : 876 48596 0 0 0 0 0 0 0 
_1.ptx 466 : 876 53683 0 0 0 0 0 0 0 
_1.ptx 467 : 876 55053 0 0 0 0 0 0 0 
_1.ptx 468 : 876 5269 0 0 0 0 0 0 0 
_1.ptx 469 : 876 9655 0 0 0 0 0 0 0 
_1.ptx 470 : 876 9728 0 0 0 0 0 0 0 
_1.ptx 471 : 876 7960 0 0 0 0 0 0 0 
_1.ptx 472 : 876 7923 0 0 0 0 0 0 0 
_1.ptx 473 : 876 9675 0 0 0 0 0 0 0 
_1.ptx 474 : 876 9717 0 0 0 0 0 0 0 
_1.ptx 475 : 876 5313 0 0 0 0 0 0 0 
_1.ptx 476 : 876 9657 0 0 0 0 0 0 0 
_1.ptx 477 : 876 9796 0 0 0 0 0 0 0 
_1.ptx 478 : 876 5581 0 0 0 0 0 0 0 
_1.ptx 479 : 876 212255 256 0 0 0 0 0 0 
_1.ptx 480 : 876 7926 0 0 0 0 0 0 0 
_1.ptx 481 : 876 8034 0 0 0 0 0 0 0 
_1.ptx 482 : 876 130052 0 0 0 0 0 0 0 
_1.ptx 483 : 876 8013 0 0 0 0 0 0 0 
_1.ptx 484 : 876 7995 0 0 0 0 0 0 0 
_1.ptx 485 : 876 111121 0 0 0 0 0 0 0 
_1.ptx 486 : 876 8188 0 0 0 0 0 0 0 
_1.ptx 487 : 876 8299 0 0 0 0 0 0 0 
_1.ptx 489 : 876 10177 0 0 0 0 0 0 0 
_1.ptx 490 : 876 10231 0 0 0 0 0 0 0 
_1.ptx 491 : 876 6342 0 0 0 0 0 0 0 
_1.ptx 492 : 876 217082 256 0 0 0 0 0 0 
_1.ptx 493 : 876 8243 0 0 0 0 0 0 0 
_1.ptx 494 : 876 9804 0 0 0 0 0 0 0 
_1.ptx 495 : 876 8018 0 0 0 0 0 0 0 
_1.ptx 496 : 876 77838 0 0 0 0 0 0 0 
_1.ptx 497 : 876 9759 0 0 0 0 0 0 0 
_1.ptx 498 : 876 8021 0 0 0 0 0 0 0 
_1.ptx 499 : 876 48795 0 0 0 0 0 0 0 
_1.ptx 500 : 876 9690 0 0 0 0 0 0 0 
_1.ptx 501 : 876 8276 0 0 0 0 0 0 0 
_1.ptx 503 : 876 10206 0 0 0 0 0 0 0 
_1.ptx 504 : 876 6436 0 0 0 0 0 0 0 
_1.ptx 505 : 876 140549 256 0 0 0 0 0 0 
_1.ptx 506 : 876 9956 0 0 0 0 0 0 0 
_1.ptx 507 : 876 8043 0 0 0 0 0 0 0 
_1.ptx 508 : 876 43022 0 0 0 0 0 0 0 
_1.ptx 509 : 876 8014 0 0 0 0 0 0 0 
_1.ptx 510 : 876 10108 0 0 0 0 0 0 0 
_1.ptx 511 : 876 8155 0 0 0 0 0 0 0 
_1.ptx 512 : 876 49129 0 0 0 0 0 0 0 
_1.ptx 513 : 876 9801 0 0 0 0 0 0 0 
_1.ptx 514 : 876 8110 0 0 0 0 0 0 0 
_1.ptx 516 : 876 5556 0 0 0 0 0 0 0 
_1.ptx 517 : 876 118780 256 0 0 0 0 0 0 
_1.ptx 518 : 876 9788 0 0 0 0 0 0 0 
_1.ptx 519 : 876 8006 0 0 0 0 0 0 0 
_1.ptx 520 : 876 51372 0 0 0 0 0 0 0 
_1.ptx 521 : 876 9737 0 0 0 0 0 0 0 
_1.ptx 522 : 876 8132 0 0 0 0 0 0 0 
_1.ptx 523 : 876 53160 0 0 0 0 0 0 0 
_1.ptx 524 : 876 7976 0 0 0 0 0 0 0 
_1.ptx 525 : 876 9757 0 0 0 0 0 0 0 
_1.ptx 526 : 876 8016 0 0 0 0 0 0 0 
_1.ptx 527 : 876 5442 0 0 0 0 0 0 0 
_1.ptx 538 : 193536 2137024 0 0 0 0 0 0 0 
_1.ptx 539 : 193536 138818880 774144 0 0 6048 6048 0 0 
_1.ptx 541 : 193536 2139104 0 0 0 0 0 0 0 
_1.ptx 542 : 193536 129615072 774144 0 0 6048 6048 0 0 
_1.ptx 544 : 193536 2219680 0 0 0 0 0 0 0 
_1.ptx 545 : 193536 2142272 0 0 0 0 0 0 0 
_1.ptx 546 : 193536 1380096 0 0 0 0 0 0 0 
_1.ptx 547 : 193536 2154624 0 0 0 0 0 0 0 
_1.ptx 548 : 193536 2141120 0 0 0 0 0 0 0 
_1.ptx 549 : 193536 127360896 774144 0 0 6048 6048 0 0 
_1.ptx 551 : 193536 2147616 0 0 0 0 0 0 0 
_1.ptx 552 : 193536 2140352 0 0 0 0 0 0 0 
_1.ptx 553 : 193536 1380736 0 0 0 0 0 0 0 
_1.ptx 554 : 193536 2163584 0 0 0 0 0 0 0 
_1.ptx 555 : 193536 2139456 0 0 0 0 0 0 0 
_1.ptx 556 : 193536 126593536 774144 0 0 6048 6048 0 0 
_1.ptx 557 : 193536 1170144 0 0 0 0 0 0 0 
_1.ptx 558 : 193536 1563584 0 0 0 0 0 0 0 
_1.ptx 559 : 193536 0 0 0 0 0 0 0 0 
_1.ptx 561 : 193536 1377408 0 0 0 0 0 0 0 
_1.ptx 562 : 193536 2210400 0 0 0 0 0 0 0 
_1.ptx 563 : 193536 2142688 0 0 0 0 0 0 0 
_1.ptx 564 : 193536 142763232 27136 0 0 46866 6048 0 0 
_1.ptx 566 : 193536 2140256 0 0 0 0 0 0 0 
_1.ptx 567 : 193536 1375136 0 0 0 0 0 0 0 
_1.ptx 568 : 193536 2170560 0 0 0 0 0 0 0 
_1.ptx 569 : 193536 2140960 0 0 0 0 0 0 0 
_1.ptx 570 : 193536 149372064 29824 0 0 46866 6048 0 0 
_1.ptx 572 : 193536 2140352 0 0 0 0 0 0 0 
_1.ptx 573 : 193536 1375232 0 0 0 0 0 0 0 
_1.ptx 574 : 193536 2166848 0 0 0 0 0 0 0 
_1.ptx 575 : 193536 2140672 0 0 0 0 0 0 0 
_1.ptx 576 : 193536 151552128 26240 0 0 46866 6048 0 0 
_1.ptx 578 : 193536 2139008 0 0 0 0 0 0 0 
_1.ptx 579 : 193536 1371328 0 0 0 0 0 0 0 
_1.ptx 580 : 193536 2124672 0 0 0 0 0 0 0 
_1.ptx 581 : 193536 2139808 0 0 0 0 0 0 0 
_1.ptx 582 : 193536 148913280 22016 0 0 46866 6048 0 0 
_1.ptx 584 : 193536 2139808 0 0 0 0 0 0 0 
_1.ptx 585 : 193536 1374304 0 0 0 0 0 0 0 
_1.ptx 586 : 193536 2186592 0 0 0 0 0 0 0 
_1.ptx 587 : 193536 2139232 0 0 0 0 0 0 0 
_1.ptx 588 : 193536 151317344 22784 0 0 46866 6048 0 0 
_1.ptx 590 : 193536 9175232 0 0 0 0 0 0 0 
_1.ptx 591 : 193536 9598304 0 0 0 0 0 0 0 
_1.ptx 592 : 193536 10079264 0 0 0 0 0 0 0 
_1.ptx 593 : 193536 1168480 0 0 0 0 0 0 0 
_1.ptx 594 : 193536 2138848 0 0 0 0 0 0 0 
_1.ptx 595 : 193536 9459200 0 0 0 0 0 0 0 
_1.ptx 596 : 193536 9496864 0 0 0 0 0 0 0 
_1.ptx 597 : 193536 9203200 0 0 0 0 0 0 0 
_1.ptx 598 : 193536 1169472 0 0 0 0 0 0 0 
_1.ptx 599 : 193536 2140032 0 0 0 0 0 0 0 
_1.ptx 600 : 193536 2209952 0 0 0 0 0 0 0 
_1.ptx 601 : 193536 2156928 0 0 0 0 0 0 0 
_1.ptx 602 : 193536 1757344 0 0 0 0 0 0 0 
_1.ptx 603 : 193536 1755936 0 0 0 0 0 0 0 
_1.ptx 604 : 193536 1756480 0 0 0 0 0 0 0 
_1.ptx 605 : 193536 1764192 0 0 0 0 0 0 0 
_1.ptx 606 : 193536 2162336 0 0 0 0 0 0 0 
_1.ptx 607 : 193536 2142976 0 0 0 0 0 0 0 
_1.ptx 608 : 193536 2142240 0 0 0 0 0 0 0 
_1.ptx 609 : 193536 2143136 0 0 0 0 0 0 0 
_1.ptx 610 : 193536 1172672 0 0 0 0 0 0 0 
_1.ptx 611 : 193536 2147392 0 0 0 0 0 0 0 
_1.ptx 612 : 193536 1171072 0 0 0 0 0 0 0 
_1.ptx 613 : 193536 2138976 0 0 0 0 0 0 0 
_1.ptx 614 : 193536 3967744 0 0 0 0 0 0 0 
_1.ptx 615 : 193536 5405024 0 0 0 0 0 0 0 
_1.ptx 616 : 193536 2148704 0 0 0 0 0 0 0 
_1.ptx 617 : 193536 1173792 0 0 0 0 0 0 0 
_1.ptx 618 : 193536 2139680 0 0 0 0 0 0 0 
_1.ptx 619 : 193536 9290656 0 0 0 0 0 0 0 
_1.ptx 620 : 193536 3018208 0 0 0 0 0 0 0 
_1.ptx 621 : 193536 2139968 0 0 0 0 0 0 0 
_1.ptx 622 : 193536 1169376 0 0 0 0 0 0 0 
_1.ptx 623 : 193536 2141184 0 0 0 0 0 0 0 
_1.ptx 624 : 193536 9162624 0 0 0 0 0 0 0 
_1.ptx 625 : 193536 3026528 0 0 0 0 0 0 0 
_1.ptx 626 : 193536 2142112 0 0 0 0 0 0 0 
_1.ptx 627 : 193536 2147200 0 0 0 0 0 0 0 
_1.ptx 628 : 193536 1757504 0 0 0 0 0 0 0 
_1.ptx 629 : 193536 1753760 0 0 0 0 0 0 0 
_1.ptx 630 : 193536 3858144 0 0 0 0 0 0 0 
_1.ptx 631 : 193536 1385280 0 0 0 0 0 0 0 
_1.ptx 632 : 193536 1219104 0 0 0 0 0 0 0 
_1.ptx 633 : 193536 2146208 0 0 0 0 0 0 0 
_1.ptx 634 : 193536 1177056 0 0 0 0 0 0 0 
_1.ptx 635 : 193536 2147712 0 0 0 0 0 0 0 
_1.ptx 636 : 193536 2148576 0 0 0 0 0 0 0 
_1.ptx 638 : 193536 2147232 0 0 0 0 0 0 0 
_1.ptx 639 : 193536 1764384 0 0 0 0 0 0 0 
_1.ptx 641 : 193536 2150880 0 0 0 0 0 0 0 
_1.ptx 642 : 193536 1761312 0 0 0 0 0 0 0 
_1.ptx 644 : 193536 2155360 0 0 0 0 0 0 0 
_1.ptx 645 : 193536 1758752 0 0 0 0 0 0 0 
_1.ptx 647 : 193536 2152032 0 0 0 0 0 0 0 
_1.ptx 648 : 193536 1754944 0 0 0 0 0 0 0 
_1.ptx 650 : 193536 2140768 0 0 0 0 0 0 0 
_1.ptx 651 : 193536 1757408 0 0 0 0 0 0 0 
_1.ptx 653 : 193536 1190080 0 0 0 0 0 0 0 
_1.ptx 654 : 193536 2146848 0 0 0 0 0 0 0 
_1.ptx 655 : 193536 2148512 0 0 0 0 0 0 0 
_1.ptx 656 : 193536 1780384 0 0 0 0 0 0 0 
_1.ptx 658 : 193536 2179424 0 0 0 0 0 0 0 
_1.ptx 659 : 193536 2168544 0 0 0 0 0 0 0 
_1.ptx 660 : 193536 2145888 0 0 0 0 0 0 0 
_1.ptx 661 : 193536 1756480 0 0 0 0 0 0 0 
_1.ptx 662 : 193536 1763968 0 0 0 0 0 0 0 
_1.ptx 664 : 193536 1767392 0 0 0 0 0 0 0 
_1.ptx 665 : 193536 1764160 0 0 0 0 0 0 0 
_1.ptx 666 : 193536 2150304 0 0 0 0 0 0 0 
_1.ptx 667 : 193536 1761440 0 0 0 0 0 0 0 
_1.ptx 669 : 193536 2212352 0 0 0 0 0 0 0 
_1.ptx 670 : 193536 2137696 0 0 0 0 0 0 0 
_1.ptx 671 : 193536 2141856 0 0 0 0 0 0 0 
_1.ptx 672 : 193536 1784256 0 0 0 0 0 0 0 
_1.ptx 674 : 193536 2347968 0 0 0 0 0 0 0 
_1.ptx 675 : 193536 2198496 0 0 0 0 0 0 0 
_1.ptx 676 : 193536 2146656 0 0 0 0 0 0 0 
_1.ptx 677 : 193536 1763136 0 0 0 0 0 0 0 
_1.ptx 679 : 193536 1186784 0 0 0 0 0 0 0 
_1.ptx 680 : 193536 2154784 0 0 0 0 0 0 0 
_1.ptx 681 : 193536 2154624 0 0 0 0 0 0 0 
_1.ptx 682 : 193536 1775232 0 0 0 0 0 0 0 
_1.ptx 684 : 193536 2187072 0 0 0 0 0 0 0 
_1.ptx 685 : 193536 1755328 0 0 0 0 0 0 0 
_1.ptx 686 : 193536 1761600 0 0 0 0 0 0 0 
_1.ptx 688 : 193536 1759968 0 0 0 0 0 0 0 
_1.ptx 690 : 193536 1772736 0 0 0 0 0 0 0 
_1.ptx 691 : 193536 1758400 0 0 0 0 0 0 0 
_1.ptx 692 : 193536 2139520 0 0 0 0 0 0 0 
_1.ptx 693 : 193536 1784192 0 0 0 0 0 0 0 
_1.ptx 695 : 193536 2214272 0 0 0 0 0 0 0 
_1.ptx 696 : 193536 2188608 0 0 0 0 0 0 0 
_1.ptx 697 : 193536 2144032 0 0 0 0 0 0 0 
_1.ptx 698 : 193536 1772416 0 0 0 0 0 0 0 
_1.ptx 700 : 193536 1190560 0 0 0 0 0 0 0 
_1.ptx 701 : 193536 2159968 0 0 0 0 0 0 0 
_1.ptx 702 : 193536 2156928 0 0 0 0 0 0 0 
_1.ptx 703 : 193536 1774624 0 0 0 0 0 0 0 
_1.ptx 705 : 193536 2186912 0 0 0 0 0 0 0 
_1.ptx 706 : 193536 1760160 0 0 0 0 0 0 0 
_1.ptx 707 : 193536 1762368 0 0 0 0 0 0 0 
_1.ptx 709 : 193536 1768544 0 0 0 0 0 0 0 
_1.ptx 711 : 193536 1787200 0 0 0 0 0 0 0 
_1.ptx 713 : 193536 1777824 0 0 0 0 0 0 0 
_1.ptx 714 : 193536 1774272 0 0 0 0 0 0 0 
_1.ptx 715 : 193536 2144768 0 0 0 0 0 0 0 
_1.ptx 716 : 193536 1755424 0 0 0 0 0 0 0 
_1.ptx 717 : 193536 1183904 0 0 0 0 0 0 0 
_1.ptx 834 : 193536 2136672 0 0 0 0 0 0 0 
_1.ptx 835 : 193536 128925120 774144 0 0 6048 6048 0 0 
_1.ptx 837 : 193536 2139104 0 0 0 0 0 0 0 
_1.ptx 838 : 193536 121191360 774144 0 0 6048 6048 0 0 
_1.ptx 840 : 193536 2170752 0 0 0 0 0 0 0 
_1.ptx 841 : 193536 2141056 0 0 0 0 0 0 0 
_1.ptx 842 : 193536 1378336 0 0 0 0 0 0 0 
_1.ptx 843 : 193536 2150944 0 0 0 0 0 0 0 
_1.ptx 844 : 193536 2139136 0 0 0 0 0 0 0 
_1.ptx 845 : 193536 120242848 774144 0 0 6048 6048 0 0 
_1.ptx 847 : 193536 2126816 0 0 0 0 0 0 0 
_1.ptx 848 : 193536 2150656 0 0 0 0 0 0 0 
_1.ptx 849 : 193536 1376288 0 0 0 0 0 0 0 
_1.ptx 850 : 193536 2134592 0 0 0 0 0 0 0 
_1.ptx 851 : 193536 2138048 0 0 0 0 0 0 0 
_1.ptx 852 : 193536 121470816 774144 0 0 6048 6048 0 0 
_1.ptx 853 : 193536 1168448 0 0 0 0 0 0 0 
_1.ptx 854 : 193536 1561056 0 0 0 0 0 0 0 
_1.ptx 855 : 193536 0 0 0 0 0 0 0 0 
_1.ptx 857 : 193536 1373824 0 0 0 0 0 0 0 
_1.ptx 858 : 193536 2151136 0 0 0 0 0 0 0 
_1.ptx 859 : 193536 2140192 0 0 0 0 0 0 0 
_1.ptx 860 : 193536 97521344 1024 0 0 13843 6048 0 0 
_1.ptx 862 : 193536 2138432 0 0 0 0 0 0 0 
_1.ptx 863 : 193536 1379744 0 0 0 0 0 0 0 
_1.ptx 864 : 193536 2134848 0 0 0 0 0 0 0 
_1.ptx 865 : 193536 2139936 0 0 0 0 0 0 0 
_1.ptx 866 : 193536 97416896 1152 0 0 13843 6048 0 0 
_1.ptx 868 : 193536 2141312 0 0 0 0 0 0 0 
_1.ptx 869 : 193536 1374432 0 0 0 0 0 0 0 
_1.ptx 870 : 193536 2279680 0 0 0 0 0 0 0 
_1.ptx 871 : 193536 2137664 0 0 0 0 0 0 0 
_1.ptx 872 : 193536 100526336 896 0 0 13843 6048 0 0 
_1.ptx 874 : 193536 2139488 0 0 0 0 0 0 0 
_1.ptx 875 : 193536 1376288 0 0 0 0 0 0 0 
_1.ptx 876 : 193536 2151488 0 0 0 0 0 0 0 
_1.ptx 877 : 193536 2139296 0 0 0 0 0 0 0 
_1.ptx 878 : 193536 97787104 768 0 0 13843 6048 0 0 
_1.ptx 880 : 193536 2141024 0 0 0 0 0 0 0 
_1.ptx 881 : 193536 1374560 0 0 0 0 0 0 0 
_1.ptx 882 : 193536 2200672 0 0 0 0 0 0 0 
_1.ptx 883 : 193536 2140992 0 0 0 0 0 0 0 
_1.ptx 884 : 193536 97228320 512 0 0 13843 6048 0 0 
_1.ptx 886 : 193536 9475424 0 0 0 0 0 0 0 
_1.ptx 887 : 193536 10058496 0 0 0 0 0 0 0 
_1.ptx 888 : 193536 10430752 0 0 0 0 0 0 0 
_1.ptx 889 : 193536 1167200 0 0 0 0 0 0 0 
_1.ptx 890 : 193536 2140576 0 0 0 0 0 0 0 
_1.ptx 891 : 193536 10129792 0 0 0 0 0 0 0 
_1.ptx 892 : 193536 10211840 0 0 0 0 0 0 0 
_1.ptx 893 : 193536 10395968 0 0 0 0 0 0 0 
_1.ptx 894 : 193536 1173920 0 0 0 0 0 0 0 
_1.ptx 895 : 193536 2146528 0 0 0 0 0 0 0 
_1.ptx 896 : 193536 2148448 0 0 0 0 0 0 0 
_1.ptx 897 : 193536 2157696 0 0 0 0 0 0 0 
_1.ptx 898 : 193536 1761856 0 0 0 0 0 0 0 
_1.ptx 899 : 193536 1763008 0 0 0 0 0 0 0 
_1.ptx 900 : 193536 1764864 0 0 0 0 0 0 0 
_1.ptx 901 : 193536 1769888 0 0 0 0 0 0 0 
_1.ptx 902 : 193536 2178336 0 0 0 0 0 0 0 
_1.ptx 903 : 193536 2143200 0 0 0 0 0 0 0 
_1.ptx 904 : 193536 2146176 0 0 0 0 0 0 0 
_1.ptx 905 : 193536 2142784 0 0 0 0 0 0 0 
_1.ptx 906 : 193536 1177216 0 0 0 0 0 0 0 
_1.ptx 907 : 193536 2156416 0 0 0 0 0 0 0 
_1.ptx 908 : 193536 1185248 0 0 0 0 0 0 0 
_1.ptx 909 : 193536 2169280 0 0 0 0 0 0 0 
_1.ptx 910 : 193536 4903200 0 0 0 0 0 0 0 
_1.ptx 911 : 193536 6754592 0 0 0 0 0 0 0 
_1.ptx 912 : 193536 2153344 0 0 0 0 0 0 0 
_1.ptx 913 : 193536 1174272 0 0 0 0 0 0 0 
_1.ptx 914 : 193536 2142624 0 0 0 0 0 0 0 
_1.ptx 915 : 193536 9945888 0 0 0 0 0 0 0 
_1.ptx 916 : 193536 3343008 0 0 0 0 0 0 0 
_1.ptx 917 : 193536 2142720 0 0 0 0 0 0 0 
_1.ptx 918 : 193536 1169728 0 0 0 0 0 0 0 
_1.ptx 919 : 193536 2142208 0 0 0 0 0 0 0 
_1.ptx 920 : 193536 9510528 0 0 0 0 0 0 0 
_1.ptx 921 : 193536 4474688 0 0 0 0 0 0 0 
_1.ptx 922 : 193536 2144608 0 0 0 0 0 0 0 
_1.ptx 923 : 193536 2146016 0 0 0 0 0 0 0 
_1.ptx 924 : 193536 1762272 0 0 0 0 0 0 0 
_1.ptx 925 : 193536 1772352 0 0 0 0 0 0 0 
_1.ptx 926 : 193536 3437728 0 0 0 0 0 0 0 
_1.ptx 927 : 193536 1399904 0 0 0 0 0 0 0 
_1.ptx 928 : 193536 1228288 0 0 0 0 0 0 0 
_1.ptx 929 : 193536 2156064 0 0 0 0 0 0 0 
_1.ptx 930 : 193536 1184800 0 0 0 0 0 0 0 
_1.ptx 931 : 193536 2157888 0 0 0 0 0 0 0 
_1.ptx 932 : 193536 2157376 0 0 0 0 0 0 0 
_1.ptx 934 : 193536 2156864 0 0 0 0 0 0 0 
_1.ptx 935 : 193536 1764736 0 0 0 0 0 0 0 
_1.ptx 937 : 193536 2155104 0 0 0 0 0 0 0 
_1.ptx 938 : 193536 1757920 0 0 0 0 0 0 0 
_1.ptx 940 : 193536 2139104 0 0 0 0 0 0 0 
_1.ptx 941 : 193536 1779040 0 0 0 0 0 0 0 
_1.ptx 943 : 193536 2187264 0 0 0 0 0 0 0 
_1.ptx 944 : 193536 1767904 0 0 0 0 0 0 0 
_1.ptx 946 : 193536 2188800 0 0 0 0 0 0 0 
_1.ptx 947 : 193536 1771552 0 0 0 0 0 0 0 
_1.ptx 949 : 193536 1206208 0 0 0 0 0 0 0 
_1.ptx 950 : 193536 2159104 0 0 0 0 0 0 0 
_1.ptx 951 : 193536 2160736 0 0 0 0 0 0 0 
_1.ptx 952 : 193536 1802976 0 0 0 0 0 0 0 
_1.ptx 954 : 193536 2243968 0 0 0 0 0 0 0 
_1.ptx 955 : 193536 2203360 0 0 0 0 0 0 0 
_1.ptx 956 : 193536 2156384 0 0 0 0 0 0 0 
_1.ptx 957 : 193536 1762048 0 0 0 0 0 0 0 
_1.ptx 958 : 193536 1761920 0 0 0 0 0 0 0 
_1.ptx 960 : 193536 1783680 0 0 0 0 0 0 0 
_1.ptx 961 : 193536 1752288 0 0 0 0 0 0 0 
_1.ptx 962 : 193536 2143936 0 0 0 0 0 0 0 
_1.ptx 963 : 193536 1795488 0 0 0 0 0 0 0 
_1.ptx 965 : 193536 2296480 0 0 0 0 0 0 0 
_1.ptx 966 : 193536 2212320 0 0 0 0 0 0 0 
_1.ptx 967 : 193536 2153696 0 0 0 0 0 0 0 
_1.ptx 968 : 193536 1806240 0 0 0 0 0 0 0 
_1.ptx 970 : 193536 2345248 0 0 0 0 0 0 0 
_1.ptx 971 : 193536 2209376 0 0 0 0 0 0 0 
_1.ptx 972 : 193536 2157504 0 0 0 0 0 0 0 
_1.ptx 973 : 193536 1777664 0 0 0 0 0 0 0 
_1.ptx 975 : 193536 1213088 0 0 0 0 0 0 0 
_1.ptx 976 : 193536 2169440 0 0 0 0 0 0 0 
_1.ptx 977 : 193536 2164224 0 0 0 0 0 0 0 
_1.ptx 978 : 193536 1786400 0 0 0 0 0 0 0 
_1.ptx 980 : 193536 2208960 0 0 0 0 0 0 0 
_1.ptx 981 : 193536 1751520 0 0 0 0 0 0 0 
_1.ptx 982 : 193536 1774080 0 0 0 0 0 0 0 
_1.ptx 984 : 193536 1782592 0 0 0 0 0 0 0 
_1.ptx 986 : 193536 1802048 0 0 0 0 0 0 0 
_1.ptx 987 : 193536 1800288 0 0 0 0 0 0 0 
_1.ptx 988 : 193536 2170688 0 0 0 0 0 0 0 
_1.ptx 989 : 193536 1795072 0 0 0 0 0 0 0 
_1.ptx 991 : 193536 2237088 0 0 0 0 0 0 0 
_1.ptx 992 : 193536 2196160 0 0 0 0 0 0 0 
_1.ptx 993 : 193536 2160736 0 0 0 0 0 0 0 
_1.ptx 994 : 193536 1781152 0 0 0 0 0 0 0 
_1.ptx 996 : 193536 1219968 0 0 0 0 0 0 0 
_1.ptx 997 : 193536 2171520 0 0 0 0 0 0 0 
_1.ptx 998 : 193536 2174976 0 0 0 0 0 0 0 
_1.ptx 999 : 193536 1785216 0 0 0 0 0 0 0 
_1.ptx 1001 : 193536 2323296 0 0 0 0 0 0 0 
_1.ptx 1002 : 193536 1750400 0 0 0 0 0 0 0 
_1.ptx 1003 : 193536 1777792 0 0 0 0 0 0 0 
_1.ptx 1005 : 193536 1794048 0 0 0 0 0 0 0 
_1.ptx 1007 : 193536 1813440 0 0 0 0 0 0 0 
_1.ptx 1009 : 193536 1803264 0 0 0 0 0 0 0 
_1.ptx 1010 : 193536 1803968 0 0 0 0 0 0 0 
_1.ptx 1011 : 193536 2184832 0 0 0 0 0 0 0 
_1.ptx 1012 : 193536 1763648 0 0 0 0 0 0 0 
_1.ptx 1013 : 193536 1197248 0 0 0 0 0 0 0 
_1.ptx 1130 : 193536 2137888 0 0 0 0 0 0 0 
_1.ptx 1131 : 193536 119737952 774144 0 0 6048 6048 0 0 
_1.ptx 1133 : 193536 2139520 0 0 0 0 0 0 0 
_1.ptx 1134 : 193536 116511712 774144 0 0 6048 6048 0 0 
_1.ptx 1136 : 193536 2186496 0 0 0 0 0 0 0 
_1.ptx 1137 : 193536 2139616 0 0 0 0 0 0 0 
_1.ptx 1138 : 193536 1379168 0 0 0 0 0 0 0 
_1.ptx 1139 : 193536 2148672 0 0 0 0 0 0 0 
_1.ptx 1140 : 193536 2139008 0 0 0 0 0 0 0 
_1.ptx 1141 : 193536 119172288 774144 0 0 6048 6048 0 0 
_1.ptx 1143 : 193536 2130080 0 0 0 0 0 0 0 
_1.ptx 1144 : 193536 2137856 0 0 0 0 0 0 0 
_1.ptx 1145 : 193536 1372256 0 0 0 0 0 0 0 
_1.ptx 1146 : 193536 2201952 0 0 0 0 0 0 0 
_1.ptx 1147 : 193536 2141408 0 0 0 0 0 0 0 
_1.ptx 1148 : 193536 131879840 774144 0 0 6048 6048 0 0 
_1.ptx 1149 : 193536 1170208 0 0 0 0 0 0 0 
_1.ptx 1150 : 193536 1564096 0 0 0 0 0 0 0 
_1.ptx 1151 : 193536 0 0 0 0 0 0 0 0 
_1.ptx 1153 : 193536 1375584 0 0 0 0 0 0 0 
_1.ptx 1154 : 193536 2119264 0 0 0 0 0 0 0 
_1.ptx 1155 : 193536 2140640 0 0 0 0 0 0 0 
_1.ptx 1156 : 193536 200520768 704896 0 0 128577 6048 0 0 
_1.ptx 1158 : 193536 2138496 0 0 0 0 0 0 0 
_1.ptx 1159 : 193536 1377664 0 0 0 0 0 0 0 
_1.ptx 1160 : 193536 2123168 0 0 0 0 0 0 0 
_1.ptx 1161 : 193536 2138912 0 0 0 0 0 0 0 
_1.ptx 1162 : 193536 232253312 727552 0 0 128577 6048 0 0 
_1.ptx 1164 : 193536 2136288 0 0 0 0 0 0 0 
_1.ptx 1165 : 193536 1367232 0 0 0 0 0 0 0 
_1.ptx 1166 : 193536 2107136 0 0 0 0 0 0 0 
_1.ptx 1167 : 193536 2137792 0 0 0 0 0 0 0 
_1.ptx 1168 : 193536 233649152 717312 0 0 128577 6048 0 0 
_1.ptx 1170 : 193536 2137792 0 0 0 0 0 0 0 
_1.ptx 1171 : 193536 1372000 0 0 0 0 0 0 0 
_1.ptx 1172 : 193536 2064032 0 0 0 0 0 0 0 
_1.ptx 1173 : 193536 2138336 0 0 0 0 0 0 0 
_1.ptx 1174 : 193536 239647968 700928 0 0 128577 6048 0 0 
_1.ptx 1176 : 193536 2138816 0 0 0 0 0 0 0 
_1.ptx 1177 : 193536 1368832 0 0 0 0 0 0 0 
_1.ptx 1178 : 193536 2071072 0 0 0 0 0 0 0 
_1.ptx 1179 : 193536 2138304 0 0 0 0 0 0 0 
_1.ptx 1180 : 193536 241502208 703232 0 0 128577 6048 0 0 
_1.ptx 1182 : 193536 9013184 0 0 0 0 0 0 0 
_1.ptx 1183 : 193536 9378464 0 0 0 0 0 0 0 
_1.ptx 1184 : 193536 9905056 0 0 0 0 0 0 0 
_1.ptx 1185 : 193536 1164064 0 0 0 0 0 0 0 
_1.ptx 1186 : 193536 2139328 0 0 0 0 0 0 0 
_1.ptx 1187 : 193536 9375040 0 0 0 0 0 0 0 
_1.ptx 1188 : 193536 9312320 0 0 0 0 0 0 0 
_1.ptx 1189 : 193536 9179392 0 0 0 0 0 0 0 
_1.ptx 1190 : 193536 1164768 0 0 0 0 0 0 0 
_1.ptx 1191 : 193536 2134976 0 0 0 0 0 0 0 
_1.ptx 1192 : 193536 2139360 0 0 0 0 0 0 0 
_1.ptx 1193 : 193536 2144480 0 0 0 0 0 0 0 
_1.ptx 1194 : 193536 1748576 0 0 0 0 0 0 0 
_1.ptx 1195 : 193536 1748640 0 0 0 0 0 0 0 
_1.ptx 1196 : 193536 1748096 0 0 0 0 0 0 0 
_1.ptx 1197 : 193536 1753120 0 0 0 0 0 0 0 
_1.ptx 1198 : 193536 2147808 0 0 0 0 0 0 0 
_1.ptx 1199 : 193536 2135040 0 0 0 0 0 0 0 
_1.ptx 1200 : 193536 2141504 0 0 0 0 0 0 0 
_1.ptx 1201 : 193536 2135232 0 0 0 0 0 0 0 
_1.ptx 1202 : 193536 1164704 0 0 0 0 0 0 0 
_1.ptx 1203 : 193536 2142720 0 0 0 0 0 0 0 
_1.ptx 1204 : 193536 1165536 0 0 0 0 0 0 0 
_1.ptx 1205 : 193536 2134944 0 0 0 0 0 0 0 
_1.ptx 1206 : 193536 2885696 0 0 0 0 0 0 0 
_1.ptx 1207 : 193536 4033376 0 0 0 0 0 0 0 
_1.ptx 1208 : 193536 2137280 0 0 0 0 0 0 0 
_1.ptx 1209 : 193536 1168064 0 0 0 0 0 0 0 
_1.ptx 1210 : 193536 2271008 0 0 0 0 0 0 0 
_1.ptx 1211 : 193536 9007072 0 0 0 0 0 0 0 
_1.ptx 1212 : 193536 2800832 0 0 0 0 0 0 0 
_1.ptx 1213 : 193536 2135456 0 0 0 0 0 0 0 
_1.ptx 1214 : 193536 1163488 0 0 0 0 0 0 0 
_1.ptx 1215 : 193536 2133984 0 0 0 0 0 0 0 
_1.ptx 1216 : 193536 9078400 0 0 0 0 0 0 0 
_1.ptx 1217 : 193536 2945504 0 0 0 0 0 0 0 
_1.ptx 1218 : 193536 2134880 0 0 0 0 0 0 0 
_1.ptx 1219 : 193536 2139904 0 0 0 0 0 0 0 
_1.ptx 1220 : 193536 1751968 0 0 0 0 0 0 0 
_1.ptx 1221 : 193536 1755104 0 0 0 0 0 0 0 
_1.ptx 1222 : 193536 2838144 0 0 0 0 0 0 0 
_1.ptx 1223 : 193536 1370016 0 0 0 0 0 0 0 
_1.ptx 1224 : 193536 1185760 0 0 0 0 0 0 0 
_1.ptx 1225 : 193536 2136864 0 0 0 0 0 0 0 
_1.ptx 1226 : 193536 1165920 0 0 0 0 0 0 0 
_1.ptx 1227 : 193536 2137088 0 0 0 0 0 0 0 
_1.ptx 1228 : 193536 2136768 0 0 0 0 0 0 0 
_1.ptx 1230 : 193536 2138112 0 0 0 0 0 0 0 
_1.ptx 1231 : 193536 1748608 0 0 0 0 0 0 0 
_1.ptx 1233 : 193536 2135072 0 0 0 0 0 0 0 
_1.ptx 1234 : 193536 1751680 0 0 0 0 0 0 0 
_1.ptx 1236 : 193536 2140352 0 0 0 0 0 0 0 
_1.ptx 1237 : 193536 1749120 0 0 0 0 0 0 0 
_1.ptx 1239 : 193536 2143008 0 0 0 0 0 0 0 
_1.ptx 1240 : 193536 1748864 0 0 0 0 0 0 0 
_1.ptx 1242 : 193536 2150400 0 0 0 0 0 0 0 
_1.ptx 1243 : 193536 1751136 0 0 0 0 0 0 0 
_1.ptx 1245 : 193536 1172512 0 0 0 0 0 0 0 
_1.ptx 1246 : 193536 2136640 0 0 0 0 0 0 0 
_1.ptx 1247 : 193536 2138112 0 0 0 0 0 0 0 
_1.ptx 1248 : 193536 1753792 0 0 0 0 0 0 0 
_1.ptx 1250 : 193536 2148768 0 0 0 0 0 0 0 
_1.ptx 1251 : 193536 2142112 0 0 0 0 0 0 0 
_1.ptx 1252 : 193536 2136256 0 0 0 0 0 0 0 
_1.ptx 1253 : 193536 1749216 0 0 0 0 0 0 0 
_1.ptx 1254 : 193536 1749504 0 0 0 0 0 0 0 
_1.ptx 1256 : 193536 1755008 0 0 0 0 0 0 0 
_1.ptx 1257 : 193536 1752320 0 0 0 0 0 0 0 
_1.ptx 1258 : 193536 2135904 0 0 0 0 0 0 0 
_1.ptx 1259 : 193536 1755808 0 0 0 0 0 0 0 
_1.ptx 1261 : 193536 2168736 0 0 0 0 0 0 0 
_1.ptx 1262 : 193536 2143616 0 0 0 0 0 0 0 
_1.ptx 1263 : 193536 2138304 0 0 0 0 0 0 0 
_1.ptx 1264 : 193536 1764544 0 0 0 0 0 0 0 
_1.ptx 1266 : 193536 2318944 0 0 0 0 0 0 0 
_1.ptx 1267 : 193536 2152736 0 0 0 0 0 0 0 
_1.ptx 1268 : 193536 2137120 0 0 0 0 0 0 0 
_1.ptx 1269 : 193536 1750912 0 0 0 0 0 0 0 
_1.ptx 1271 : 193536 1171072 0 0 0 0 0 0 0 
_1.ptx 1272 : 193536 2137344 0 0 0 0 0 0 0 
_1.ptx 1273 : 193536 2137376 0 0 0 0 0 0 0 
_1.ptx 1274 : 193536 1753696 0 0 0 0 0 0 0 
_1.ptx 1276 : 193536 2207392 0 0 0 0 0 0 0 
_1.ptx 1277 : 193536 1749376 0 0 0 0 0 0 0 
_1.ptx 1278 : 193536 1751456 0 0 0 0 0 0 0 
_1.ptx 1280 : 193536 1751392 0 0 0 0 0 0 0 
_1.ptx 1282 : 193536 1767744 0 0 0 0 0 0 0 
_1.ptx 1283 : 193536 1762336 0 0 0 0 0 0 0 
_1.ptx 1284 : 193536 2150176 0 0 0 0 0 0 0 
_1.ptx 1285 : 193536 1757888 0 0 0 0 0 0 0 
_1.ptx 1287 : 193536 2213696 0 0 0 0 0 0 0 
_1.ptx 1288 : 193536 2143872 0 0 0 0 0 0 0 
_1.ptx 1289 : 193536 2138368 0 0 0 0 0 0 0 
_1.ptx 1290 : 193536 1754368 0 0 0 0 0 0 0 
_1.ptx 1292 : 193536 1170976 0 0 0 0 0 0 0 
_1.ptx 1293 : 193536 2139776 0 0 0 0 0 0 0 
_1.ptx 1294 : 193536 2141792 0 0 0 0 0 0 0 
_1.ptx 1295 : 193536 1753824 0 0 0 0 0 0 0 
_1.ptx 1297 : 193536 2176576 0 0 0 0 0 0 0 
_1.ptx 1298 : 193536 1753728 0 0 0 0 0 0 0 
_1.ptx 1299 : 193536 1752352 0 0 0 0 0 0 0 
_1.ptx 1301 : 193536 1756064 0 0 0 0 0 0 0 
_1.ptx 1303 : 193536 1771840 0 0 0 0 0 0 0 
_1.ptx 1305 : 193536 1768992 0 0 0 0 0 0 0 
_1.ptx 1306 : 193536 1761312 0 0 0 0 0 0 0 
_1.ptx 1307 : 193536 2148224 0 0 0 0 0 0 0 
_1.ptx 1308 : 193536 1751168 0 0 0 0 0 0 0 
_1.ptx 1309 : 193536 1176480 0 0 0 0 0 0 0 
_1.ptx 1426 : 193536 45077728 0 0 0 0 0 0 0 
_1.ptx 1427 : 193536 2137504 0 0 0 0 0 0 0 
_1.ptx 1428 : 193536 31514464 774144 0 0 6048 6048 0 0 
_1.ptx 1430 : 193536 2138368 0 0 0 0 0 0 0 
_1.ptx 1431 : 193536 25464224 774144 0 0 6048 6048 0 0 
_1.ptx 1433 : 193536 2138016 0 0 0 0 0 0 0 
_1.ptx 1434 : 193536 24503712 774144 0 0 6048 6048 0 0 
_1.ptx 1436 : 193536 2136608 0 0 0 0 0 0 0 
_1.ptx 1437 : 193536 27936832 774144 0 0 6048 6048 0 0 
_1.ptx 1439 : 193536 2140928 0 0 0 0 0 0 0 
_1.ptx 1440 : 193536 25931296 774144 0 0 6048 6048 0 0 
_1.ptx 1442 : 193536 1168000 0 0 0 0 0 0 0 
