kernel line : count latency dram_traffic smem_bk_conflicts smem_warp gmem_access_generated gmem_warp exposed_latency warp_divergence
_1.ptx 409 : 4194304 49127744 0 0 0 0 0 0 0 
_1.ptx 410 : 4194304 127846240 9788032 0 0 262144 131072 0 0 
_1.ptx 412 : 4194304 96872416 0 0 0 0 0 0 0 
_1.ptx 413 : 4194304 48518976 0 0 0 0 0 0 0 
_1.ptx 414 : 4194304 135469952 9711168 0 0 262144 131072 0 0 
_1.ptx 416 : 4194304 106241216 0 0 0 0 0 0 0 
_1.ptx 417 : 4194304 47840096 0 0 0 0 0 0 0 
_1.ptx 418 : 4194304 127093056 9856512 0 0 262144 131072 0 0 
_1.ptx 420 : 4194304 97354880 0 0 0 0 0 0 0 
_1.ptx 421 : 4194304 47678944 0 0 0 0 0 0 0 
_1.ptx 422 : 4194304 138370688 10066368 0 0 262144 131072 0 0 
_1.ptx 424 : 4194304 27151616 0 0 0 0 0 0 0 
_1.ptx 453 : 4194304 26607520 0 0 0 0 0 0 0 
_1.ptx 454 : 4194304 67544736 0 0 0 0 0 0 0 
_1.ptx 455 : 4194304 50913920 0 0 0 0 0 0 0 
_1.ptx 456 : 4194304 28523264 0 0 0 0 0 0 0 
_1.ptx 457 : 4194304 52913152 0 0 0 0 0 0 0 
_1.ptx 458 : 4194304 28712864 0 0 0 0 0 0 0 
_1.ptx 459 : 4194304 29233024 0 0 0 0 0 0 0 
_1.ptx 460 : 4194304 48336480 0 0 0 0 0 0 0 
_1.ptx 461 : 4194304 47507456 0 0 0 0 0 0 0 
_1.ptx 462 : 4194304 47960192 0 0 0 0 0 0 0 
_1.ptx 463 : 4194304 32836704 0 0 0 0 0 0 0 
_1.ptx 464 : 4194304 33389152 0 0 0 0 0 0 0 
_1.ptx 465 : 4194304 47027168 0 0 0 0 0 0 0 
_1.ptx 466 : 4194304 47807424 0 0 0 0 0 0 0 
_1.ptx 467 : 4194304 46278528 0 0 0 0 0 0 0 
_1.ptx 468 : 4194304 27637920 0 0 0 0 0 0 0 
_1.ptx 469 : 4194304 47800672 0 0 0 0 0 0 0 
_1.ptx 470 : 4194304 47983648 0 0 0 0 0 0 0 
_1.ptx 471 : 4194304 31511584 0 0 0 0 0 0 0 
_1.ptx 472 : 4194304 44867584 0 0 0 0 0 0 0 
_1.ptx 473 : 4194304 84812864 0 0 0 0 0 0 0 
_1.ptx 474 : 4194304 48096416 0 0 0 0 0 0 0 
_1.ptx 475 : 4194304 1897483360 16777216 0 0 262144 131072 0 0 
_1.ptx 476 : 4194304 89571296 0 131072 131072 0 0 0 0 
_1.ptx 478 : 4194304 28088544 0 0 0 0 0 0 0 
_1.ptx 480 : 4194304 30810464 0 0 0 0 0 0 0 
_1.ptx 481 : 4194304 49419904 0 0 0 0 0 0 0 
_1.ptx 482 : 4194304 49169376 0 0 0 0 0 0 0 
_1.ptx 483 : 4194304 48951840 0 0 0 0 0 0 0 
_1.ptx 484 : 4194304 49196416 0 0 0 0 0 0 0 
_1.ptx 485 : 4194304 48443584 0 0 0 0 0 0 0 
_1.ptx 76 : 4194304 30819552 0 0 0 0 0 0 0 
_1.ptx 486 : 4194304 33225408 0 0 0 0 0 0 0 
_1.ptx 77 : 4194304 33091328 128 0 0 0 0 0 0 
_1.ptx 487 : 4194304 48413568 0 0 0 0 0 0 0 
_1.ptx 78 : 4194304 54889376 0 0 0 0 0 0 0 
_1.ptx 488 : 4194304 47869024 0 0 0 0 0 0 0 
_1.ptx 79 : 4194304 31187680 0 0 0 0 0 0 0 
_1.ptx 489 : 4194304 1329490720 1048576 0 0 131072 131072 0 0 
_1.ptx 80 : 4194304 32601344 0 0 0 0 0 0 0 
_1.ptx 490 : 4194304 69742016 0 131072 131072 0 0 0 0 
_1.ptx 81 : 4194304 33275424 0 0 0 0 0 0 0 
_1.ptx 491 : 4194304 28238208 0 0 0 0 0 0 0 
_1.ptx 82 : 4194304 50399456 0 0 0 0 0 0 0 
_1.ptx 492 : 4194304 45263712 0 0 0 0 0 0 0 
_1.ptx 83 : 4194304 52365408 0 0 0 0 0 0 0 
_1.ptx 493 : 4194304 36172288 0 0 0 0 0 0 0 
_1.ptx 84 : 4194304 36115424 0 0 0 0 0 0 0 
_1.ptx 494 : 4194304 28315264 0 0 0 0 0 0 0 
_1.ptx 85 : 4194304 36629248 0 0 0 0 0 0 0 
_1.ptx 86 : 4194304 53758208 0 0 0 0 0 0 0 
_1.ptx 496 : 32768 387648 0 0 0 0 0 0 0 
_1.ptx 87 : 4194304 50206848 0 0 0 0 0 0 0 
_1.ptx 497 : 32768 423520 0 0 0 0 0 0 0 
_1.ptx 88 : 4194304 51307712 0 0 0 0 0 0 0 
_1.ptx 498 : 32768 373920 0 0 0 0 0 0 0 
_1.ptx 89 : 4194304 31499872 0 0 0 0 0 0 0 
_1.ptx 499 : 32768 394208 0 0 0 0 0 0 0 
_1.ptx 90 : 4194304 49959264 0 0 0 0 0 0 0 
_1.ptx 500 : 32768 373920 0 0 0 0 0 0 0 
_1.ptx 91 : 4194304 31226528 0 0 0 0 0 0 0 
_1.ptx 501 : 32768 373632 0 0 0 0 0 0 0 
_1.ptx 92 : 4194304 49979264 0 0 0 0 0 0 0 
_1.ptx 502 : 32768 249120 0 0 0 0 0 0 0 
_1.ptx 93 : 4194304 49895584 0 0 0 0 0 0 0 
_1.ptx 503 : 32768 367104 0 0 0 0 0 0 0 
_1.ptx 94 : 4194304 35029856 0 0 0 0 0 0 0 
_1.ptx 504 : 32768 370304 0 0 0 0 0 0 0 
_1.ptx 95 : 4194304 49897216 0 0 0 0 0 0 0 
_1.ptx 505 : 32768 9668704 7552 0 0 1024 1024 0 0 
_1.ptx 96 : 4194304 49724768 0 0 0 0 0 0 0 
_1.ptx 506 : 32768 543360 0 1024 1024 0 0 0 0 
_1.ptx 97 : 4194304 574440352 8832 0 0 131072 131072 0 0 
_1.ptx 98 : 4194304 35011456 0 131072 131072 0 0 0 0 
_1.ptx 509 : 4194304 27748736 0 0 0 0 0 0 0 
_1.ptx 100 : 4194304 31026016 0 0 0 0 0 0 0 
_1.ptx 101 : 4194304 49909376 0 0 0 0 0 0 0 
_1.ptx 511 : 4194304 29007456 0 0 0 0 0 0 0 
_1.ptx 102 : 4194304 49945184 0 0 0 0 0 0 0 
_1.ptx 512 : 4194304 50065856 0 0 0 0 0 0 0 
_1.ptx 103 : 4194304 50003168 0 0 0 0 0 0 0 
_1.ptx 513 : 4194304 35710784 0 0 0 0 0 0 0 
_1.ptx 104 : 4194304 50134688 0 0 0 0 0 0 0 
_1.ptx 514 : 4194304 55357376 0 0 0 0 0 0 0 
_1.ptx 105 : 4194304 35362400 0 0 0 0 0 0 0 
_1.ptx 515 : 4194304 48075808 0 0 0 0 0 0 0 
_1.ptx 106 : 4194304 50255392 0 0 0 0 0 0 0 
_1.ptx 516 : 4194304 1940304384 16754688 0 0 262144 131072 0 0 
_1.ptx 107 : 4194304 49796416 0 0 0 0 0 0 0 
_1.ptx 517 : 4194304 89497120 0 131072 131072 0 0 0 0 
_1.ptx 108 : 4194304 1112908800 1048448 0 0 131072 131072 0 0 
_1.ptx 518 : 4194304 27378976 0 0 0 0 0 0 0 
_1.ptx 109 : 4194304 34828288 0 131072 131072 0 0 0 0 
_1.ptx 519 : 4194304 44240192 0 0 0 0 0 0 0 
_1.ptx 110 : 4194304 31132352 0 0 0 0 0 0 0 
_1.ptx 520 : 4194304 35349024 0 0 0 0 0 0 0 
_1.ptx 111 : 4194304 37823584 0 0 0 0 0 0 0 
_1.ptx 521 : 4194304 27181312 0 0 0 0 0 0 0 
_1.ptx 112 : 4194304 30956800 0 0 0 0 0 0 0 
_1.ptx 523 : 32768 370528 0 0 0 0 0 0 0 
_1.ptx 114 : 32768 483072 0 0 0 0 0 0 0 
_1.ptx 524 : 32768 345120 0 0 0 0 0 0 0 
_1.ptx 115 : 32768 378112 0 0 0 0 0 0 0 
_1.ptx 525 : 32768 367840 0 0 0 0 0 0 0 
_1.ptx 116 : 32768 265984 0 0 0 0 0 0 0 
_1.ptx 526 : 32768 240992 0 0 0 0 0 0 0 
_1.ptx 117 : 32768 474880 0 0 0 0 0 0 0 
_1.ptx 527 : 32768 343296 0 0 0 0 0 0 0 
_1.ptx 118 : 32768 375104 0 0 0 0 0 0 0 
_1.ptx 528 : 32768 367424 0 0 0 0 0 0 0 
_1.ptx 119 : 32768 8078016 7808 0 0 1024 1024 0 0 
_1.ptx 529 : 32768 12320288 2176 0 0 2048 1024 0 0 
_1.ptx 120 : 32768 208064 0 1024 1024 0 0 0 0 
_1.ptx 530 : 32768 738272 0 1024 1024 0 0 0 0 
_1.ptx 121 : 32768 199328 0 0 0 0 0 0 0 
_1.ptx 123 : 4161536 31166976 0 0 0 0 0 0 0 
_1.ptx 533 : 4194304 27128800 0 0 0 0 0 0 0 
_1.ptx 124 : 4161536 46646432 0 0 0 0 0 0 0 
_1.ptx 125 : 4161536 37661088 0 0 0 0 0 0 0 
_1.ptx 535 : 4194304 29011104 0 0 0 0 0 0 0 
_1.ptx 126 : 4161536 30780992 0 0 0 0 0 0 0 
_1.ptx 536 : 4194304 48868896 0 0 0 0 0 0 0 
_1.ptx 537 : 4194304 49366400 0 0 0 0 0 0 0 
_1.ptx 128 : 32768 422560 0 0 0 0 0 0 0 
_1.ptx 538 : 4194304 951426208 244736 0 0 262144 131072 0 0 
_1.ptx 129 : 32768 467392 0 0 0 0 0 0 0 
_1.ptx 539 : 4194304 73688096 0 131072 131072 0 0 0 0 
_1.ptx 130 : 32768 391520 0 0 0 0 0 0 0 
_1.ptx 131 : 32768 428352 0 0 0 0 0 0 0 
_1.ptx 541 : 4194304 27262496 0 0 0 0 0 0 0 
_1.ptx 132 : 32768 389664 0 0 0 0 0 0 0 
_1.ptx 133 : 32768 388224 0 0 0 0 0 0 0 
_1.ptx 543 : 4194304 59874656 0 131072 131072 0 0 0 0 
_1.ptx 134 : 32768 272960 0 0 0 0 0 0 0 
_1.ptx 544 : 4194304 28358080 0 0 0 0 0 0 0 
_1.ptx 135 : 32768 401856 0 0 0 0 0 0 0 
_1.ptx 545 : 4194304 37237216 0 0 0 0 0 0 0 
_1.ptx 136 : 32768 386080 0 0 0 0 0 0 0 
_1.ptx 546 : 4194304 30620896 0 0 0 0 0 0 0 
_1.ptx 137 : 32768 8576224 8192 0 0 1024 1024 0 0 
_1.ptx 547 : 4194304 37083744 0 0 0 0 0 0 0 
_1.ptx 138 : 32768 251360 0 1024 1024 0 0 0 0 
_1.ptx 548 : 4194304 34338592 0 0 0 0 0 0 0 
_1.ptx 549 : 4194304 33678272 0 0 0 0 0 0 0 
_1.ptx 550 : 4194304 37027104 0 0 0 0 0 0 0 
_1.ptx 551 : 4194304 29148896 0 0 0 0 0 0 0 
_1.ptx 142 : 4194304 31164224 0 0 0 0 0 0 0 
_1.ptx 552 : 4194304 36214272 0 0 0 0 0 0 0 
_1.ptx 553 : 4194304 28527048 0 0 0 0 0 0 16384 
_1.ptx 144 : 4194304 64014880 0 0 0 0 0 0 0 
_1.ptx 145 : 4194304 52387968 0 0 0 0 0 0 0 
_1.ptx 555 : 16384 438120 0 16384 16384 0 0 0 0 
_1.ptx 146 : 4194304 33517536 0 0 0 0 0 0 0 
_1.ptx 147 : 4194304 52528384 0 0 0 0 0 0 0 
_1.ptx 557 : 16384 371468 0 16384 16384 0 0 0 0 
_1.ptx 148 : 4194304 38682048 0 0 0 0 0 0 0 
_1.ptx 558 : 16384 109076 0 0 0 0 0 0 0 
_1.ptx 149 : 4194304 56691872 0 0 0 0 0 0 0 
_1.ptx 150 : 4194304 50782464 0 0 0 0 0 0 0 
_1.ptx 560 : 4177920 25893300 0 0 0 0 0 0 131072 
_1.ptx 151 : 4194304 1700998208 13049984 0 0 262144 131072 0 0 
_1.ptx 152 : 4194304 46126944 0 131072 131072 0 0 0 0 
_1.ptx 562 : 245760 4001469 0 131072 131072 0 0 0 0 
_1.ptx 154 : 4194304 31398912 0 0 0 0 0 0 0 
_1.ptx 564 : 245760 3761168 0 131072 131072 0 0 0 0 
_1.ptx 155 : 4194304 49995680 0 0 0 0 0 0 0 
_1.ptx 565 : 245760 1594958 0 0 0 0 0 0 0 
_1.ptx 156 : 4194304 1347639232 4101504 0 0 262144 131072 0 0 
_1.ptx 157 : 4194304 40007360 0 131072 131072 0 0 0 0 
_1.ptx 567 : 3932160 23825460 0 0 0 0 0 0 16384 
_1.ptx 158 : 4194304 31827616 0 0 0 0 0 0 0 
_1.ptx 159 : 4194304 38166848 0 0 0 0 0 0 0 
_1.ptx 569 : 245760 4851345 0 16384 16384 0 0 0 0 
_1.ptx 160 : 4194304 31205504 0 0 0 0 0 0 0 
_1.ptx 570 : 245760 1603185 0 0 0 0 0 0 0 
_1.ptx 162 : 32768 384608 0 0 0 0 0 0 0 
_1.ptx 163 : 32768 392992 0 0 0 0 0 0 0 
_1.ptx 573 : 3686400 55364850 0 131072 131072 0 0 0 0 
_1.ptx 164 : 32768 275456 0 0 0 0 0 0 0 
_1.ptx 165 : 32768 385120 0 0 0 0 0 0 0 
_1.ptx 575 : 3932160 58241790 0 131072 131072 0 0 0 0 
_1.ptx 166 : 32768 391872 0 0 0 0 0 0 0 
_1.ptx 167 : 32768 1733760 0 0 0 2048 1024 0 0 
_1.ptx 168 : 32768 265120 0 1024 1024 0 0 0 0 
_1.ptx 169 : 32768 243072 0 0 0 0 0 0 0 
_1.ptx 579 : 4194304 61656448 0 0 0 0 0 0 0 
_1.ptx 580 : 4194304 47612832 0 0 0 0 0 0 0 
_1.ptx 171 : 4161536 31358912 0 0 0 0 0 0 0 
_1.ptx 581 : 4194304 1854165888 16778240 0 0 262144 131072 0 0 
_1.ptx 172 : 4161536 46848864 0 0 0 0 0 0 0 
_1.ptx 582 : 4194304 47199264 0 0 0 0 0 0 0 
_1.ptx 173 : 4161536 37931456 0 0 0 0 0 0 0 
_1.ptx 583 : 4194304 103638816 0 0 0 0 0 0 0 
_1.ptx 174 : 4161536 30991328 0 0 0 0 0 0 0 
_1.ptx 584 : 4194304 47407136 0 0 0 0 0 0 0 
_1.ptx 585 : 4194304 1906438496 16778624 0 0 262144 131072 0 0 
_1.ptx 176 : 32768 391456 0 0 0 0 0 0 0 
_1.ptx 586 : 4194304 38814624 0 0 0 0 0 0 0 
_1.ptx 177 : 32768 387744 0 0 0 0 0 0 0 
_1.ptx 587 : 4194304 101229536 0 0 0 0 0 0 0 
_1.ptx 178 : 32768 391328 0 0 0 0 0 0 0 
_1.ptx 588 : 4194304 47309856 0 0 0 0 0 0 0 
_1.ptx 179 : 32768 272576 0 0 0 0 0 0 0 
_1.ptx 589 : 4194304 1897024800 16777472 0 0 262144 131072 0 0 
_1.ptx 180 : 32768 393632 0 0 0 0 0 0 0 
_1.ptx 590 : 4194304 38705920 0 0 0 0 0 0 0 
_1.ptx 181 : 32768 391136 0 0 0 0 0 0 0 
_1.ptx 591 : 4194304 103038272 0 0 0 0 0 0 0 
_1.ptx 182 : 32768 2072416 0 0 0 2048 1024 0 0 
_1.ptx 592 : 4194304 47161088 0 0 0 0 0 0 0 
_1.ptx 183 : 32768 290944 0 1024 1024 0 0 0 0 
_1.ptx 593 : 4194304 1942568832 16777216 0 0 262144 131072 0 0 
_1.ptx 594 : 4194304 39380512 0 0 0 0 0 0 0 
_1.ptx 596 : 4194304 27946336 0 0 0 0 0 0 0 
_1.ptx 187 : 4194304 31341024 0 0 0 0 0 0 0 
_1.ptx 597 : 4194304 48000288 0 0 0 0 0 0 0 
_1.ptx 598 : 4194304 109858816 0 131072 131072 0 0 0 0 
_1.ptx 189 : 4194304 32629248 0 0 0 0 0 0 0 
_1.ptx 599 : 4194304 32035232 0 0 0 0 0 0 0 
_1.ptx 190 : 4194304 51460832 0 0 0 0 0 0 0 
_1.ptx 600 : 4194304 32748000 0 0 0 0 0 0 0 
_1.ptx 191 : 4194304 52271840 0 0 0 0 0 0 0 
_1.ptx 601 : 4194304 73133984 0 0 0 0 0 0 0 
_1.ptx 192 : 4194304 38270848 0 0 0 0 0 0 0 
_1.ptx 602 : 4194304 32705952 0 0 0 0 0 0 0 
_1.ptx 193 : 4194304 56477024 0 0 0 0 0 0 0 
_1.ptx 603 : 4194304 29424096 0 0 0 0 0 0 0 
_1.ptx 194 : 4194304 51203872 0 0 0 0 0 0 0 
_1.ptx 604 : 4194304 66269216 0 0 0 0 0 0 0 
_1.ptx 195 : 4194304 467005408 0 0 0 262144 131072 0 0 
_1.ptx 605 : 4194304 69965600 0 0 0 0 0 0 0 
_1.ptx 196 : 4194304 36918528 0 131072 131072 0 0 0 0 
_1.ptx 606 : 4194304 34011552 0 0 0 0 0 0 0 
_1.ptx 607 : 4194304 85881344 0 131072 131072 0 0 0 0 
_1.ptx 198 : 4194304 30140224 0 0 0 0 0 0 0 
_1.ptx 609 : 4194304 28268576 0 0 0 0 0 0 0 
_1.ptx 200 : 4194304 41528160 0 131072 131072 0 0 0 0 
_1.ptx 201 : 4194304 29833056 0 0 0 0 0 0 0 
_1.ptx 611 : 4194304 57777856 0 131072 131072 0 0 0 0 
_1.ptx 202 : 4194304 39155232 0 0 0 0 0 0 0 
_1.ptx 612 : 4194304 69909632 1523136 0 0 262144 131072 0 0 
_1.ptx 203 : 4194304 30803040 0 0 0 0 0 0 0 
_1.ptx 204 : 4194304 39264736 0 0 0 0 0 0 0 
_1.ptx 614 : 4194304 25732192 0 0 0 0 0 0 0 
_1.ptx 205 : 4194304 40007136 0 0 0 0 0 0 0 
_1.ptx 206 : 4194304 36752800 0 0 0 0 0 0 0 
_1.ptx 207 : 4194304 39272160 0 0 0 0 0 0 0 
_1.ptx 208 : 4194304 32594880 0 0 0 0 0 0 0 
_1.ptx 209 : 4194304 38884096 0 0 0 0 0 0 0 
_1.ptx 210 : 4194304 32365636 0 0 0 0 0 0 16384 
_1.ptx 212 : 16384 190953 0 16384 16384 0 0 0 0 
_1.ptx 213 : 16384 218412 0 0 0 0 0 0 0 
_1.ptx 215 : 16384 186896 0 16384 16384 0 0 0 0 
_1.ptx 216 : 16384 222096 0 0 0 0 0 0 0 
_1.ptx 218 : 16384 191025 0 16384 16384 0 0 0 0 
_1.ptx 219 : 16384 223915 0 0 0 0 0 0 0 
_1.ptx 221 : 16384 181365 0 16384 16384 0 0 0 0 
_1.ptx 222 : 16384 226054 0 0 0 0 0 0 0 
_1.ptx 223 : 16384 161767 0 0 0 0 0 0 0 
_1.ptx 225 : 4177920 32138926 0 0 0 0 0 0 0 
_1.ptx 226 : 4177920 38310173 0 0 0 0 0 0 0 
_1.ptx 227 : 4177920 35946503 0 0 0 0 0 0 0 
_1.ptx 228 : 4177920 38619318 0 0 0 0 0 0 0 
_1.ptx 229 : 4177920 32587930 0 0 0 0 0 0 0 
_1.ptx 230 : 4177920 38579366 0 0 0 0 0 0 0 
_1.ptx 231 : 4177920 32168086 0 0 0 0 0 0 16384 
_1.ptx 233 : 16384 198269 0 16384 16384 0 0 0 0 
_1.ptx 234 : 16384 206118 0 0 0 0 0 0 0 
_1.ptx 236 : 16384 193870 0 16384 16384 0 0 0 0 
_1.ptx 237 : 16384 208184 0 0 0 0 0 0 0 
_1.ptx 239 : 16384 190290 0 16384 16384 0 0 0 0 
_1.ptx 240 : 16384 212007 0 0 0 0 0 0 0 
_1.ptx 242 : 16384 190600 0 16384 16384 0 0 0 0 
_1.ptx 243 : 16384 214651 0 0 0 0 0 0 0 
_1.ptx 244 : 16384 150456 0 0 0 0 0 0 0 
_1.ptx 246 : 4161536 31992780 0 0 0 0 0 0 0 
_1.ptx 247 : 4161536 38072038 0 0 0 0 0 0 0 
_1.ptx 248 : 4161536 35806204 0 0 0 0 0 0 0 
_1.ptx 249 : 4161536 38299390 0 0 0 0 0 0 0 
_1.ptx 250 : 4161536 32376522 0 0 0 0 0 0 0 
_1.ptx 251 : 4161536 38180626 0 0 0 0 0 0 0 
_1.ptx 252 : 4161536 31908329 0 0 0 0 0 0 16384 
_1.ptx 254 : 16384 163566 0 16384 16384 0 0 0 0 
_1.ptx 255 : 16384 217300 0 0 0 0 0 0 0 
_1.ptx 257 : 16384 163044 0 16384 16384 0 0 0 0 
_1.ptx 258 : 16384 219010 0 0 0 0 0 0 0 
_1.ptx 260 : 16384 159227 0 16384 16384 0 0 0 0 
_1.ptx 261 : 16384 218499 0 0 0 0 0 0 0 
_1.ptx 263 : 16384 159974 0 16384 16384 0 0 0 0 
_1.ptx 264 : 16384 220517 0 0 0 0 0 0 0 
_1.ptx 265 : 16384 149052 0 0 0 0 0 0 0 
_1.ptx 267 : 4145152 38798512 0 0 0 0 0 0 0 
_1.ptx 268 : 4145152 31804865 0 0 0 0 0 0 0 
_1.ptx 269 : 4145152 37970562 0 0 0 0 0 0 0 
_1.ptx 270 : 4145152 31387596 0 0 0 0 0 0 16384 
_1.ptx 272 : 16384 164232 0 16384 16384 0 0 0 0 
_1.ptx 273 : 16384 211047 0 0 0 0 0 0 0 
_1.ptx 275 : 16384 166900 0 16384 16384 0 0 0 0 
_1.ptx 276 : 16384 213978 0 0 0 0 0 0 0 
_1.ptx 278 : 16384 160949 0 16384 16384 0 0 0 0 
_1.ptx 279 : 16384 216837 0 0 0 0 0 0 0 
_1.ptx 281 : 16384 162611 0 16384 16384 0 0 0 0 
_1.ptx 282 : 16384 219269 0 0 0 0 0 0 0 
_1.ptx 283 : 16384 147333 0 0 0 0 0 0 0 
_1.ptx 285 : 4128768 28875602 0 0 0 0 0 0 16384 
_1.ptx 287 : 229376 2669842 0 16384 16384 0 0 0 0 
_1.ptx 288 : 229376 2792636 0 0 0 0 0 0 0 
_1.ptx 290 : 229376 2716644 0 16384 16384 0 0 0 0 
_1.ptx 291 : 229376 2795926 0 0 0 0 0 0 0 
_1.ptx 293 : 229376 2640680 0 16384 16384 0 0 0 0 
_1.ptx 294 : 229376 2810122 0 0 0 0 0 0 0 
_1.ptx 296 : 229376 2667896 0 16384 16384 0 0 0 0 
_1.ptx 297 : 229376 2828812 0 0 0 0 0 0 0 
_1.ptx 298 : 229376 1868874 0 0 0 0 0 0 0 
_1.ptx 300 : 3899392 27127389 0 0 0 0 0 0 131072 
_1.ptx 302 : 229376 2511422 0 131072 131072 0 0 0 0 
_1.ptx 303 : 229376 2750677 0 0 0 0 0 0 0 
_1.ptx 305 : 229376 2462939 0 131072 131072 0 0 0 0 
_1.ptx 306 : 229376 2760429 0 0 0 0 0 0 0 
_1.ptx 308 : 229376 2489411 0 131072 131072 0 0 0 0 
_1.ptx 309 : 229376 2771087 0 0 0 0 0 0 0 
_1.ptx 310 : 229376 1799681 0 0 0 0 0 0 0 
_1.ptx 312 : 3670016 25469700 0 0 0 0 0 0 16384 
_1.ptx 314 : 229376 2361002 0 16384 16384 0 0 0 0 
_1.ptx 315 : 229376 2754024 0 0 0 0 0 0 0 
_1.ptx 317 : 229376 2337776 0 16384 16384 0 0 0 0 
_1.ptx 318 : 229376 2806846 0 0 0 0 0 0 0 
_1.ptx 319 : 229376 1731520 0 0 0 0 0 0 0 
_1.ptx 321 : 3440640 23826194 0 0 0 0 0 0 131072 
_1.ptx 323 : 229376 2573850 0 131072 131072 0 0 0 0 
_1.ptx 324 : 229376 2749975 0 0 0 0 0 0 0 
_1.ptx 325 : 229376 1746814 0 0 0 0 0 0 0 
_1.ptx 328 : 3211264 36912400 0 131072 131072 0 0 0 0 
_1.ptx 329 : 3211264 38299968 0 0 0 0 0 0 0 
_1.ptx 331 : 3440640 38392590 0 131072 131072 0 0 0 0 
_1.ptx 332 : 3440640 41319645 0 0 0 0 0 0 0 
_1.ptx 334 : 3670016 40341522 0 131072 131072 0 0 0 0 
_1.ptx 335 : 3670016 44031885 0 0 0 0 0 0 0 
_1.ptx 337 : 3899392 42169190 0 131072 131072 0 0 0 0 
_1.ptx 338 : 3899392 47403638 0 0 0 0 0 0 0 
_1.ptx 345 : 4194304 52501632 0 0 0 0 0 0 0 
_1.ptx 346 : 4194304 52828544 0 0 0 0 0 0 0 
_1.ptx 347 : 4194304 52554848 0 0 0 0 0 0 0 
_1.ptx 348 : 4194304 221386944 0 0 0 0 0 0 0 
_1.ptx 349 : 4194304 33995744 0 0 0 0 0 0 0 
_1.ptx 350 : 4194304 44083104 0 0 0 0 0 0 0 
_1.ptx 351 : 4194304 41128384 0 0 0 0 0 0 0 
_1.ptx 352 : 4194304 78753088 0 0 0 0 0 0 0 
_1.ptx 353 : 4194304 45352544 0 0 0 0 0 0 0 
_1.ptx 354 : 4194304 24959392 0 0 0 0 0 0 0 
_1.ptx 355 : 4194304 58436928 0 0 0 0 0 0 0 
_1.ptx 356 : 4194304 46094912 0 0 0 0 0 0 0 
_1.ptx 357 : 4194304 41944928 0 0 0 0 0 0 0 
_1.ptx 358 : 4194304 76119488 0 0 0 0 0 0 0 
_1.ptx 359 : 4194304 67273632 0 0 0 0 0 0 0 
_1.ptx 360 : 4194304 48307360 0 0 0 0 0 0 0 
_1.ptx 361 : 4194304 48710688 0 0 0 0 0 0 0 
_1.ptx 362 : 4194304 47882528 0 0 0 0 0 0 0 
_1.ptx 363 : 4194304 58469056 0 0 0 0 0 0 0 
_1.ptx 364 : 4194304 208035456 0 0 0 0 0 0 0 
_1.ptx 365 : 4194304 45858112 0 0 0 0 0 0 0 
_1.ptx 366 : 4194304 42891936 0 0 0 0 0 0 0 
_1.ptx 367 : 4194304 77195072 0 0 0 0 0 0 0 
_1.ptx 368 : 4194304 76533216 0 0 0 0 0 0 0 
_1.ptx 369 : 4194304 46252800 0 0 0 0 0 0 0 
_1.ptx 370 : 4194304 60246560 0 0 0 0 0 0 0 
_1.ptx 371 : 4194304 208875392 0 0 0 0 0 0 0 
_1.ptx 372 : 4194304 55690720 0 0 0 0 0 0 0 
_1.ptx 373 : 4194304 38567968 0 0 0 0 0 0 0 
_1.ptx 374 : 4194304 55251200 0 0 0 0 0 0 0 
_1.ptx 375 : 4194304 57700064 0 0 0 0 0 0 0 
_1.ptx 376 : 4194304 209782464 0 0 0 0 0 0 0 
_1.ptx 378 : 4194304 42028000 0 0 0 0 0 0 0 
_1.ptx 379 : 4194304 38861824 0 0 0 0 0 0 0 
_1.ptx 380 : 4194304 72464160 0 0 0 0 0 0 0 
_1.ptx 381 : 4194304 77871968 0 0 0 0 0 0 0 
_1.ptx 382 : 4194304 41578752 0 0 0 0 0 0 0 
_1.ptx 383 : 4194304 38281472 0 0 0 0 0 0 0 
_1.ptx 384 : 4194304 54822976 0 0 0 0 0 0 0 
_1.ptx 385 : 4194304 36613568 0 0 0 0 0 0 0 
_1.ptx 386 : 4194304 41985888 0 0 0 0 0 0 0 
_1.ptx 387 : 4194304 35796352 0 0 0 0 0 0 0 
_1.ptx 394 : 4194304 35090720 0 0 0 0 0 0 0 
_1.ptx 395 : 4194304 35387456 0 0 0 0 0 0 0 
_1.ptx 396 : 4194304 40448704 0 0 0 0 0 0 0 
_1.ptx 397 : 4194304 43351744 0 0 0 0 0 0 0 
_1.ptx 398 : 4194304 47959520 0 131072 131072 0 0 0 0 
_1.ptx 401 : 4194304 32030784 0 0 0 0 0 0 0 
_1.ptx 403 : 4194304 49888320 0 131072 131072 0 0 0 0 
_1.ptx 404 : 4194304 28372832 0 0 0 0 0 0 0 
_1.ptx 405 : 4194304 48924160 0 0 0 0 0 0 0 
_1.ptx 406 : 4194304 84188928 9692864 0 0 262144 131072 0 0 
_1.ptx 408 : 4194304 71673824 0 0 0 0 0 0 0 
