kernel line : count latency dram_traffic smem_bk_conflicts smem_warp gmem_access_generated gmem_warp exposed_latency warp_divergence
_2.ptx 995 : 4718592 41312160 0 0 0 0 0 0 0 
_2.ptx 996 : 4718592 27350328 0 0 0 0 0 0 10240 
_2.ptx 998 : 1046528 7796632 0 0 0 0 0 0 0 
_2.ptx 999 : 1046528 9238513 0 0 0 0 0 0 0 
_2.ptx 1000 : 1046528 9372129 0 0 0 0 0 0 0 
_2.ptx 1001 : 1046528 12405797 0 0 0 0 0 0 0 
_2.ptx 1002 : 1046528 11885933 0 0 0 0 0 0 0 
_2.ptx 1003 : 1046528 8994298 0 0 0 0 0 0 0 
_2.ptx 1004 : 1046528 12356438 0 0 0 0 0 0 0 
_2.ptx 1005 : 1046528 8808906 0 0 0 0 0 0 0 
_2.ptx 1006 : 1046528 12247395 0 0 0 0 0 0 0 
_2.ptx 1007 : 1046528 12289119 0 0 0 0 0 0 0 
_2.ptx 1008 : 1046528 11011128 0 69632 40960 0 0 0 0 
_2.ptx 1010 : 1046528 12231488 0 0 0 0 0 0 0 
_2.ptx 1011 : 1046528 11626158 0 0 0 0 0 0 0 
_2.ptx 1012 : 1046528 8863488 0 0 0 0 0 0 0 
_2.ptx 1013 : 1046528 12300815 0 0 0 0 0 0 0 
_2.ptx 1014 : 1046528 8836435 0 0 0 0 0 0 0 
_2.ptx 1015 : 1046528 11907020 0 0 0 0 0 0 0 
_2.ptx 1016 : 1046528 12288887 0 0 0 0 0 0 0 
_2.ptx 1017 : 1046528 11230699 0 69632 40960 0 0 0 0 
_2.ptx 1018 : 1046528 7594163 0 69632 40960 0 0 0 0 
_2.ptx 1020 : 1046528 11267825 0 69632 40960 0 0 0 0 
_2.ptx 1021 : 1046528 12133045 0 0 0 0 0 0 0 
_2.ptx 1022 : 1046528 7580991 0 69632 40960 0 0 0 0 
_2.ptx 1025 : 4718592 56620000 0 0 0 0 0 0 0 
_2.ptx 1026 : 4718592 41331840 0 0 0 0 0 0 0 
_2.ptx 1027 : 4718592 30354432 0 0 0 0 0 0 0 
_3.ptx 828 : 1048576 6856064 0 0 0 0 0 0 0 
_3.ptx 829 : 1048576 6857504 0 0 0 0 0 0 0 
_3.ptx 830 : 1048576 15246752 0 0 0 0 0 0 0 
_2.ptx 1030 : 524288 3780928 0 0 0 0 0 0 0 
_3.ptx 831 : 1048576 6740640 0 0 0 0 0 0 0 
_3.ptx 832 : 1048576 12111552 0 0 0 0 0 0 0 
_2.ptx 1032 : 524288 3004288 0 0 0 0 0 0 0 
_3.ptx 833 : 1048576 7253824 0 0 0 0 0 0 0 
_2.ptx 1033 : 524288 6366816 0 32768 16384 0 0 0 0 
_3.ptx 834 : 1048576 14112192 0 0 0 0 0 0 0 
_2.ptx 1034 : 524288 6011200 0 0 0 0 0 0 0 
_3.ptx 835 : 1048576 6999328 0 0 0 0 0 0 0 
_2.ptx 1035 : 524288 6330048 2097152 0 0 16384 16384 0 0 
_3.ptx 836 : 1048576 11829504 0 0 0 0 0 0 0 
_3.ptx 837 : 1048576 11168704 128 0 0 0 0 0 0 
_2.ptx 1037 : 524288 7724032 0 32768 16384 0 0 0 0 
_3.ptx 838 : 1048576 9361920 0 0 0 0 0 0 0 
_2.ptx 1038 : 524288 5944992 0 0 0 0 0 0 0 
_3.ptx 839 : 1048576 13773120 0 0 0 0 0 0 0 
_2.ptx 1039 : 524288 7354240 2097152 0 0 16384 16384 0 0 
_3.ptx 840 : 1048576 8686784 0 0 0 0 0 0 0 
_3.ptx 841 : 1048576 6727232 0 0 0 0 0 0 0 
_2.ptx 1041 : 524288 3574400 0 0 0 0 0 0 0 
_3.ptx 845 : 1048576 14480544 0 0 0 0 0 0 0 
_3.ptx 846 : 1048576 15074176 0 0 0 0 0 0 0 
_3.ptx 847 : 1048576 6796064 0 0 0 0 0 0 0 
_3.ptx 848 : 1048576 11868928 0 0 0 0 0 0 0 
_3.ptx 849 : 1048576 8119616 0 0 0 0 0 0 0 
_3.ptx 850 : 1048576 14948160 0 0 0 0 0 0 0 
_3.ptx 851 : 1048576 10982624 0 0 0 0 0 0 0 
_3.ptx 852 : 1048576 14992320 0 0 0 0 0 0 0 
_3.ptx 853 : 1048576 8905760 0 0 0 0 0 0 0 
_3.ptx 854 : 1048576 9776896 0 0 0 0 0 0 0 
_3.ptx 855 : 1048576 8879936 0 0 0 0 0 0 0 
_3.ptx 856 : 1048576 0 0 0 0 0 0 0 0 
_3.ptx 857 : 1048576 7909312 0 0 0 0 0 0 0 
_3.ptx 858 : 1048576 12352384 0 0 0 0 0 0 0 
_3.ptx 859 : 1048576 9562208 0 0 0 0 0 0 0 
_3.ptx 860 : 1048576 11814976 0 0 0 0 0 0 0 
_3.ptx 861 : 1048576 9670080 0 0 0 0 0 0 0 
_3.ptx 862 : 1048576 11754304 0 0 0 0 0 0 0 
_3.ptx 863 : 1048576 11648576 0 0 0 0 0 0 0 
_3.ptx 864 : 1048576 11700000 0 0 0 0 0 0 0 
_3.ptx 868 : 1048576 553701056 4194304 0 0 32768 32768 0 0 
_3.ptx 869 : 1048576 10695136 0 0 0 0 0 0 0 
_2.ptx 869 : 524288 3617216 0 0 0 0 0 0 0 
_3.ptx 870 : 1048576 22120096 0 0 0 32768 32768 0 0 
_2.ptx 870 : 524288 2829152 0 0 0 0 0 0 0 
_2.ptx 871 : 524288 3592064 0 0 0 0 0 0 0 
_3.ptx 872 : 1048576 557302944 4194304 0 0 32768 32768 0 0 
_2.ptx 872 : 524288 4546688 0 0 0 0 0 0 0 
_3.ptx 873 : 1048576 10697024 0 0 0 0 0 0 0 
_2.ptx 873 : 524288 0 0 0 0 0 0 0 0 
_3.ptx 874 : 1048576 21190336 0 0 0 32768 32768 0 0 
_2.ptx 874 : 524288 3873600 0 0 0 0 0 0 0 
_2.ptx 875 : 524288 4266976 0 0 0 0 0 0 0 
_3.ptx 876 : 1048576 559165280 4194304 0 0 32768 32768 0 0 
_2.ptx 876 : 524288 4615296 0 0 0 0 0 0 0 
_3.ptx 877 : 1048576 10693120 0 0 0 0 0 0 0 
_2.ptx 877 : 524288 3871808 0 0 0 0 0 0 0 
_3.ptx 878 : 1048576 20029696 0 0 0 32768 32768 0 0 
_3.ptx 880 : 1048576 11671072 0 0 0 0 0 0 0 
_3.ptx 881 : 1048576 8584288 0 0 0 0 0 0 0 
_2.ptx 881 : 524288 3844512 0 0 0 0 0 0 0 
_3.ptx 882 : 1048576 0 0 0 0 0 0 0 0 
_2.ptx 883 : 524288 3865504 0 0 0 0 0 0 0 
_2.ptx 884 : 524288 6255520 0 0 0 0 0 0 0 
_3.ptx 885 : 1048576 6520416 0 0 0 0 0 0 0 
_2.ptx 885 : 524288 4124064 0 0 0 0 0 0 0 
_2.ptx 886 : 524288 4410080 0 0 0 0 0 0 0 
_2.ptx 887 : 524288 6345984 0 0 0 0 0 0 0 
_2.ptx 888 : 524288 4439136 0 0 0 0 0 0 0 
_2.ptx 889 : 524288 6159680 0 0 0 0 0 0 0 
_2.ptx 890 : 524288 4387840 0 0 0 0 0 0 0 
_2.ptx 891 : 524288 6381760 0 0 0 0 0 0 0 
_2.ptx 892 : 524288 6092672 0 0 0 0 0 0 0 
_2.ptx 893 : 524288 3301984 0 0 0 0 0 0 0 
_2.ptx 894 : 524288 6035808 0 0 0 0 0 0 0 
_2.ptx 895 : 524288 276121184 2097152 0 0 16384 16384 0 0 
_2.ptx 896 : 524288 4751680 0 32768 16384 0 0 0 0 
_2.ptx 898 : 524288 6113984 0 0 0 0 0 0 0 
_2.ptx 899 : 524288 6167296 0 0 0 0 0 0 0 
_2.ptx 900 : 524288 4424864 0 0 0 0 0 0 0 
_2.ptx 901 : 524288 6076928 0 0 0 0 0 0 0 
_2.ptx 902 : 524288 4473664 0 0 0 0 0 0 0 
_2.ptx 903 : 524288 6178240 0 0 0 0 0 0 0 
_2.ptx 904 : 524288 4437024 0 0 0 0 0 0 0 
_2.ptx 905 : 524288 6171968 0 0 0 0 0 0 0 
_2.ptx 906 : 524288 6172896 0 0 0 0 0 0 0 
_2.ptx 907 : 524288 6158560 0 0 0 0 0 0 0 
_2.ptx 908 : 524288 220173728 2097152 0 0 16384 16384 0 0 
_2.ptx 909 : 524288 3973504 0 32768 16384 0 0 0 0 
_2.ptx 911 : 524288 3837056 0 0 0 0 0 0 0 
_2.ptx 912 : 524288 4349824 0 0 0 0 0 0 0 
_2.ptx 913 : 524288 3881504 0 0 0 0 0 0 0 
_2.ptx 914 : 524288 4671648 0 0 0 0 0 0 0 
_2.ptx 915 : 524288 0 0 0 0 0 0 0 0 
_2.ptx 916 : 524288 3821728 0 0 0 0 0 0 0 
_2.ptx 919 : 4718592 33826176 0 0 0 0 0 0 0 
_2.ptx 920 : 4718592 41429024 0 0 0 0 0 0 0 
_2.ptx 921 : 4718592 27371183 0 0 0 0 0 0 10240 
_2.ptx 923 : 1046528 8014229 0 0 0 0 0 0 0 
_2.ptx 924 : 1046528 9448259 0 0 0 0 0 0 0 
_2.ptx 925 : 1046528 9784069 0 0 0 0 0 0 0 
_2.ptx 926 : 1046528 12592813 0 0 0 0 0 0 0 
_2.ptx 927 : 1046528 12592751 0 0 0 0 0 0 0 
_2.ptx 928 : 1046528 12147264 0 0 0 0 0 0 0 
_2.ptx 929 : 1046528 9148502 0 0 0 0 0 0 0 
_2.ptx 930 : 1046528 12536027 0 0 0 0 0 0 0 
_2.ptx 931 : 1046528 9070690 0 0 0 0 0 0 0 
_2.ptx 932 : 1046528 12194799 0 0 0 0 0 0 0 
_2.ptx 933 : 1046528 12471303 0 0 0 0 0 0 0 
_2.ptx 934 : 1046528 10585237 0 69632 40960 0 0 0 0 
_2.ptx 935 : 1046528 11711039 0 0 0 0 0 0 0 
_2.ptx 936 : 1046528 8977262 0 0 0 0 0 0 0 
_2.ptx 937 : 1046528 12414962 0 0 0 0 0 0 0 
_2.ptx 938 : 1046528 9015673 0 0 0 0 0 0 0 
_2.ptx 939 : 1046528 12103469 0 0 0 0 0 0 0 
_2.ptx 940 : 1046528 12431669 0 0 0 0 0 0 0 
_2.ptx 941 : 1046528 10604364 0 69632 40960 0 0 0 0 
_2.ptx 942 : 1046528 12314680 0 0 0 0 0 0 0 
_2.ptx 943 : 1046528 7052900 0 69632 40960 0 0 0 0 
_2.ptx 946 : 4718592 56406816 0 0 0 0 0 0 0 
_2.ptx 948 : 4718592 39162368 0 0 0 0 0 0 0 
_2.ptx 949 : 4718592 35309696 0 0 0 0 0 0 0 
_2.ptx 950 : 4718592 41993920 0 0 0 0 0 0 0 
_2.ptx 951 : 4718592 30697600 0 0 0 0 0 0 0 
_2.ptx 952 : 524288 3756064 0 0 0 0 0 0 0 
_2.ptx 957 : 524288 3652352 0 0 0 0 0 0 0 
_2.ptx 958 : 524288 4501856 0 0 0 0 0 0 0 
_2.ptx 959 : 524288 3667440 0 0 0 0 0 0 2048 
_2.ptx 961 : 2048 15641 0 0 0 0 0 0 0 
_2.ptx 962 : 2048 21528 0 0 0 0 0 0 0 
_2.ptx 963 : 2048 15681 0 0 0 0 0 0 0 
_2.ptx 964 : 2048 23266 0 0 0 0 0 0 0 
_2.ptx 965 : 2048 15801 0 0 0 0 0 0 0 
_2.ptx 966 : 2048 22255 0 0 0 0 0 0 0 
_2.ptx 967 : 2048 23369 0 0 0 0 0 0 0 
_2.ptx 968 : 2048 7705 0 0 0 0 0 0 0 
_2.ptx 969 : 2048 17779 0 2048 2048 0 0 0 0 
_2.ptx 970 : 2048 6997 0 0 0 0 0 0 0 
_2.ptx 971 : 2048 13720 0 0 0 0 0 0 0 
_2.ptx 972 : 2048 13662 0 0 0 0 0 0 0 
_2.ptx 973 : 2048 17190 0 0 0 0 0 0 0 
_2.ptx 974 : 2048 19202 0 0 0 0 0 0 0 
_2.ptx 975 : 2048 15708 0 0 0 0 0 0 0 
_2.ptx 976 : 2048 22357 0 0 0 0 0 0 0 
_2.ptx 977 : 2048 23349 0 0 0 0 0 0 0 
_2.ptx 978 : 2048 11532 4864 0 0 2048 2048 0 0 
_2.ptx 980 : 2048 13936 0 0 0 0 0 0 0 
_2.ptx 981 : 2048 11091 0 2048 2048 0 0 0 0 
_2.ptx 984 : 524288 4203424 0 0 0 0 0 0 0 
_2.ptx 985 : 524288 3775360 0 0 0 0 0 0 0 
_2.ptx 986 : 524288 4582496 0 0 0 0 0 0 0 
_2.ptx 987 : 524288 0 0 0 0 0 0 0 0 
_2.ptx 988 : 524288 3712608 0 0 0 0 0 0 0 
_2.ptx 992 : 4718592 38290624 0 0 0 0 0 0 0 
_2.ptx 994 : 4718592 33982912 0 0 0 0 0 0 0 
