kernel line : count latency dram_traffic smem_bk_conflicts smem_warp gmem_access_generated gmem_warp exposed_latency warp_divergence
_1.ptx 823 : 509868 2828645 0 0 0 0 0 0 1125 
_1.ptx 825 : 74702 557201 0 0 0 0 0 0 0 
_1.ptx 827 : 74702 563544 0 0 0 0 0 0 0 
_1.ptx 829 : 509868 5345872 0 0 0 0 0 0 0 
_1.ptx 830 : 509868 5459923 0 0 0 0 0 0 0 
_1.ptx 831 : 509868 3596210 0 0 0 0 0 0 0 
_1.ptx 832 : 509868 4262614 0 0 0 0 0 0 0 
_1.ptx 833 : 509868 2456411 0 0 0 0 0 0 0 
_1.ptx 834 : 127467 829785 0 0 0 0 0 0 0 
_1.ptx 835 : 127467 1059003 0 0 0 0 0 0 0 
_1.ptx 836 : 127467 953588 0 0 0 0 0 0 0 
_1.ptx 837 : 127467 826142 0 0 0 0 0 0 0 
_1.ptx 838 : 127467 1058115 0 0 0 0 0 0 0 
_1.ptx 839 : 127467 948222 0 0 0 0 0 0 0 
_1.ptx 840 : 127467 1062064 0 0 0 0 0 0 0 
_1.ptx 841 : 127467 829757 0 0 0 0 0 0 0 
_1.ptx 842 : 127467 1055783 0 0 0 0 0 0 0 
_1.ptx 843 : 127467 411505 0 0 0 0 0 0 631 
_1.ptx 845 : 62282 647966 0 0 0 0 0 0 0 
_1.ptx 847 : 62282 477373 0 0 0 0 0 0 0 
_1.ptx 848 : 62282 463691 0 0 0 0 0 0 0 
_1.ptx 849 : 62282 683921 0 0 0 0 0 0 0 
_1.ptx 850 : 62282 699309 0 0 0 0 0 0 0 
_1.ptx 851 : 62282 274594 0 0 0 2349 2349 0 0 
_1.ptx 852 : 62282 273502 0 0 0 2349 2349 0 0 
_1.ptx 853 : 62282 276162 0 0 0 2544 2349 0 0 
_1.ptx 854 : 62282 280159 0 0 0 2544 2349 0 0 
_1.ptx 855 : 62282 277343 0 0 0 2544 2349 0 0 
_1.ptx 856 : 62282 280191 0 0 0 2544 2349 0 0 
_1.ptx 857 : 62282 275575 0 0 0 2544 2349 0 0 
_1.ptx 859 : 62282 696327 0 0 0 0 0 0 0 
_1.ptx 860 : 62282 698234 0 0 0 0 0 0 0 
_1.ptx 861 : 62282 700611 0 0 0 0 0 0 0 
_1.ptx 862 : 62282 700412 0 0 0 0 0 0 0 
_1.ptx 863 : 62282 706261 0 0 0 0 0 0 0 
_1.ptx 864 : 62282 701326 0 0 0 0 0 0 0 
_1.ptx 865 : 62282 296319 0 0 0 2544 2349 0 0 
_1.ptx 866 : 62282 405675 0 0 0 0 0 0 0 
_1.ptx 867 : 62282 517126 0 0 0 0 0 0 0 
_1.ptx 868 : 62282 121305 0 0 0 0 0 0 305 
_1.ptx 870 : 43133 281413 0 0 0 0 0 0 0 
_1.ptx 871 : 43133 282952 0 0 0 0 0 0 0 
_1.ptx 872 : 43133 283560 0 0 0 0 0 0 0 
_1.ptx 873 : 43133 280437 0 0 0 0 0 0 0 
_1.ptx 875 : 19149 60574 0 0 0 0 0 0 0 
_1.ptx 876 : 19149 216265 0 0 0 0 0 0 0 
_1.ptx 877 : 19149 215303 0 0 0 0 0 0 0 
_1.ptx 878 : 19149 217824 0 0 0 0 0 0 0 
_1.ptx 879 : 19149 217977 0 0 0 0 0 0 0 
_1.ptx 880 : 19149 218533 0 0 0 0 0 0 0 
_1.ptx 881 : 19149 176884 0 0 0 0 0 0 0 
_1.ptx 882 : 19149 177556 0 0 0 0 0 0 0 
_1.ptx 883 : 19149 329091 0 0 0 0 0 0 0 
_1.ptx 884 : 19149 216640 0 0 0 0 0 0 0 
_1.ptx 885 : 19149 217410 0 0 0 0 0 0 0 
_1.ptx 886 : 19149 217697 0 0 0 0 0 0 0 
_1.ptx 888 : 62282 705018 0 0 0 0 0 0 0 
_1.ptx 889 : 62282 712141 0 0 0 0 0 0 0 
_1.ptx 890 : 62282 717693 0 0 0 0 0 0 0 
_1.ptx 891 : 62282 717645 0 0 0 0 0 0 0 
_1.ptx 892 : 62282 580122 0 0 0 0 0 0 0 
_1.ptx 893 : 62282 578719 0 0 0 0 0 0 0 
_1.ptx 894 : 62282 1177503 0 0 0 0 0 0 0 
_1.ptx 895 : 62282 698929 0 0 0 0 0 0 0 
_1.ptx 896 : 62282 702070 0 0 0 0 0 0 0 
_1.ptx 897 : 62282 706466 0 0 0 0 0 0 0 
_1.ptx 898 : 62282 695961 0 0 0 0 0 0 0 
_1.ptx 899 : 62282 572132 0 0 0 0 0 0 0 
_1.ptx 900 : 62282 579070 0 0 0 0 0 0 0 
_1.ptx 901 : 62282 405552 0 0 0 0 0 0 0 
_1.ptx 902 : 62282 514248 0 0 0 0 0 0 0 
_1.ptx 903 : 62282 393854 0 0 0 0 0 0 0 
_1.ptx 910 : 62282 456934 0 0 0 0 0 0 0 
_1.ptx 911 : 62282 460847 0 0 0 0 0 0 0 
_1.ptx 912 : 62282 467650 0 0 0 0 0 0 0 
_1.ptx 915 : 62282 412294 0 0 0 0 0 0 0 
_1.ptx 916 : 62282 702274 0 0 0 0 0 0 0 
_1.ptx 917 : 62282 469977 0 0 0 0 0 0 0 
_1.ptx 918 : 62282 738899 0 0 0 0 0 0 0 
_1.ptx 919 : 62282 695683 0 0 0 0 0 0 0 
_1.ptx 920 : 62282 339061 23968 0 0 0 0 0 0 
_1.ptx 921 : 62282 387204 0 0 0 0 0 0 0 
_1.ptx 922 : 62282 694794 0 0 0 0 0 0 0 
_1.ptx 923 : 62282 466501 41088 0 0 0 0 0 0 
_1.ptx 924 : 62282 385100 0 0 0 0 0 0 0 
_1.ptx 925 : 62282 695882 0 0 0 0 0 0 0 
_1.ptx 926 : 62282 578922 24416 0 0 0 0 0 0 
_1.ptx 927 : 62282 387310 0 0 0 0 0 0 0 
_1.ptx 928 : 62282 695682 0 0 0 0 0 0 0 
_1.ptx 929 : 62282 624809 24000 0 0 0 0 0 0 
_1.ptx 931 : 62282 389057 0 0 0 0 0 0 0 
_1.ptx 932 : 62282 699233 0 0 0 0 0 0 0 
_1.ptx 933 : 62282 403620 0 0 0 0 0 0 0 
_1.ptx 934 : 62282 698423 0 0 0 0 0 0 0 
_1.ptx 935 : 62282 387450 0 0 0 0 0 0 0 
_1.ptx 936 : 62282 700188 0 0 0 0 0 0 0 
_1.ptx 937 : 62282 713300 0 0 0 0 0 0 0 
_1.ptx 938 : 62282 574826 0 0 0 0 0 0 0 
_1.ptx 939 : 62282 574118 0 0 0 0 0 0 0 
_1.ptx 940 : 62282 1559706 0 0 0 0 0 0 0 
_1.ptx 941 : 62282 705629 0 0 0 0 0 0 0 
_1.ptx 942 : 62282 709093 0 0 0 0 0 0 0 
_1.ptx 943 : 62282 706701 0 0 0 0 0 0 0 
_1.ptx 944 : 62282 705114 0 0 0 0 0 0 0 
_1.ptx 945 : 62282 577404 0 0 0 0 0 0 0 
_1.ptx 946 : 62282 579163 0 0 0 0 0 0 0 
_1.ptx 947 : 62282 408511 0 0 0 0 0 0 0 
_1.ptx 948 : 62282 517635 0 0 0 0 0 0 0 
_1.ptx 949 : 62282 33719 0 0 0 0 0 0 318 
_1.ptx 951 : 56815 419523 0 0 0 0 0 0 0 
_1.ptx 952 : 56815 352584 0 0 0 0 0 0 0 
_1.ptx 955 : 220903 965503 128 0 0 8579 8579 0 0 
_1.ptx 956 : 220903 1006804 256 0 0 8579 8579 0 0 
_1.ptx 957 : 220903 998276 0 0 0 8579 8579 0 0 
_1.ptx 958 : 220903 981341 0 0 0 8579 8579 0 0 
_1.ptx 959 : 220903 1369205 0 0 0 0 0 0 0 
_1.ptx 960 : 220903 1817229 0 0 0 0 0 0 0 
_1.ptx 961 : 220903 1036067 0 0 0 0 0 0 0 
_1.ptx 963 : 56815 419571 0 0 0 0 0 0 0 
_1.ptx 964 : 56815 368281 0 0 0 0 0 0 0 
_1.ptx 965 : 56815 469069 0 0 0 0 0 0 0 
_1.ptx 966 : 56815 360612 0 0 0 0 0 0 0 
_1.ptx 971 : 56815 357947 0 0 0 0 0 0 0 
_1.ptx 972 : 56815 520823 0 0 0 0 0 0 0 
_1.ptx 973 : 56815 633762 0 0 0 0 0 0 0 
_1.ptx 974 : 56815 2875517 0 0 0 0 0 0 0 
_1.ptx 976 : 56815 355181 0 0 0 0 0 0 0 
_1.ptx 977 : 56815 360279 0 0 0 0 0 0 0 
_1.ptx 978 : 56815 469707 0 0 0 0 0 0 0 
_1.ptx 979 : 56815 522531 0 0 0 0 0 0 0 
_1.ptx 982 : 56815 419355 0 0 0 0 0 0 0 
_1.ptx 983 : 56815 362572 0 0 0 0 0 0 0 
_1.ptx 986 : 164088 735914 0 0 0 6402 6402 0 0 
_1.ptx 987 : 164088 576408 0 0 0 0 0 0 0 
_1.ptx 988 : 164088 1863493 0 0 0 0 0 0 0 
_1.ptx 989 : 164088 1080512 0 0 0 0 0 0 0 
_1.ptx 990 : 164088 1867722 0 0 0 0 0 0 0 
_1.ptx 991 : 164088 1100286 0 0 0 0 0 0 0 
_1.ptx 992 : 164088 1879095 0 0 0 0 0 0 0 
_1.ptx 993 : 164088 1108866 0 0 0 0 0 0 0 
_1.ptx 994 : 164088 1869375 0 0 0 0 0 0 0 
_1.ptx 995 : 164088 1886948 0 0 0 0 0 0 0 
_1.ptx 996 : 164088 1915011 0 0 0 0 0 0 0 
_1.ptx 997 : 164088 1904356 0 0 0 0 0 0 0 
_1.ptx 998 : 164088 1904395 0 0 0 0 0 0 0 
_1.ptx 999 : 164088 1909653 0 0 0 0 0 0 0 
_1.ptx 1000 : 164088 1907003 0 0 0 0 0 0 0 
_1.ptx 1001 : 164088 1916665 0 0 0 0 0 0 0 
_1.ptx 1002 : 164088 1552240 0 0 0 0 0 0 0 
_1.ptx 1003 : 164088 1546582 0 0 0 0 0 0 0 
_1.ptx 1004 : 164088 1893066 0 0 0 0 0 0 0 
_1.ptx 1005 : 164088 1533256 0 0 0 0 0 0 0 
_1.ptx 1006 : 164088 1541970 0 0 0 0 0 0 0 
_1.ptx 1007 : 164088 1899652 0 0 0 0 0 0 0 
_1.ptx 1008 : 164088 1369921 0 0 0 0 0 0 0 
_1.ptx 1009 : 164088 1232027 0 0 0 0 0 0 0 
_1.ptx 1010 : 164088 1059319 0 0 0 0 0 0 0 
_1.ptx 1011 : 164088 1363396 0 0 0 0 0 0 0 
_1.ptx 1012 : 164088 1221405 0 0 0 0 0 0 0 
_1.ptx 1013 : 164088 1370108 0 0 0 0 0 0 0 
_1.ptx 1014 : 164088 1077192 0 0 0 0 0 0 0 
_1.ptx 1015 : 164088 1359678 0 0 0 0 0 0 0 
_1.ptx 1016 : 164088 725586 0 0 0 0 0 0 965 
_1.ptx 1017 : 50431 326424 0 0 0 0 0 0 0 
_1.ptx 1018 : 50431 322651 0 0 0 0 0 0 0 
_1.ptx 1020 : 113657 1284703 0 0 0 0 0 0 0 
_1.ptx 1021 : 113657 1278373 0 0 0 0 0 0 0 
_1.ptx 1022 : 113657 941327 0 0 0 0 0 0 0 
_1.ptx 1023 : 113657 38550 0 0 0 0 0 0 344 
_1.ptx 1024 : 107587 694398 0 0 0 0 0 0 0 
_1.ptx 1025 : 107587 698566 0 0 0 0 0 0 0 
_1.ptx 1028 : 6070 68012 0 0 0 0 0 0 0 
_1.ptx 1029 : 6070 95544 0 0 0 0 0 0 0 
_1.ptx 1030 : 6070 68247 0 0 0 0 0 0 0 
_1.ptx 1031 : 6070 69336 0 0 0 0 0 0 0 
_1.ptx 1032 : 6070 55967 0 0 0 0 0 0 0 
_1.ptx 1036 : 164088 1222629 0 0 0 0 0 0 0 
_1.ptx 1039 : 220903 1434225 0 0 0 0 0 0 0 
_1.ptx 1040 : 220903 1823313 0 0 0 0 0 0 0 
_1.ptx 1041 : 220903 1366911 0 0 0 0 0 0 370 
_1.ptx 1042 : 6068 68706 0 0 0 0 0 0 0 
_1.ptx 1043 : 6068 68714 0 0 0 0 0 0 0 
_1.ptx 1044 : 6068 69496 0 0 0 0 0 0 0 
_1.ptx 1045 : 6068 68311 0 0 0 0 0 0 0 
_1.ptx 1046 : 6068 68947 0 0 0 0 0 0 0 
_1.ptx 1047 : 6068 68510 0 0 0 0 0 0 0 
_1.ptx 1048 : 6068 69011 0 0 0 0 0 0 0 
_1.ptx 1049 : 6068 57191 0 0 0 0 0 0 0 
_1.ptx 1050 : 6068 56523 0 0 0 0 0 0 0 
_1.ptx 1051 : 6068 50074 0 0 0 0 0 0 0 
_1.ptx 1052 : 6068 38678 0 0 0 0 0 0 0 
_1.ptx 1057 : 220903 2286634 0 0 0 0 0 0 0 
_1.ptx 1058 : 220903 2338423 0 0 0 0 0 0 0 
_1.ptx 1059 : 220903 1571920 0 0 0 0 0 0 0 
_1.ptx 1060 : 220903 1831268 0 0 0 0 0 0 0 
_1.ptx 1061 : 220903 329486 0 0 0 0 0 0 0 
_1.ptx 1062 : 169119 1096443 0 0 0 0 0 0 0 
_1.ptx 1063 : 169119 1389997 0 0 0 0 0 0 0 
_1.ptx 1064 : 169119 1034317 0 0 0 0 0 0 295 
_1.ptx 1065 : 5031 31828 0 0 0 0 0 0 0 
_1.ptx 1067 : 51784 327984 0 0 0 0 0 0 0 
_1.ptx 1068 : 51784 428069 0 0 0 0 0 0 0 
_1.ptx 1071 : 56815 38111 0 0 0 0 0 0 318 
_1.ptx 1073 : 50745 570613 0 0 0 0 0 0 0 
_1.ptx 1074 : 50745 575939 0 0 0 0 0 0 0 
_1.ptx 1075 : 50745 579413 0 0 0 0 0 0 0 
_1.ptx 1076 : 50745 583877 0 0 0 0 0 0 0 
_1.ptx 1077 : 50745 470991 0 0 0 0 0 0 0 
_1.ptx 1078 : 50745 469404 0 0 0 0 0 0 0 
_1.ptx 1079 : 50745 920068 0 0 0 0 0 0 0 
_1.ptx 1081 : 50745 320799 0 0 0 0 0 0 0 
_1.ptx 1082 : 50745 1035858 0 0 0 0 0 0 0 
_1.ptx 1083 : 50745 349482 0 0 0 0 0 0 0 
_1.ptx 1084 : 50745 589048 0 0 0 0 0 0 0 
_1.ptx 1085 : 50745 571988 0 0 0 0 0 0 0 
_1.ptx 1086 : 50745 570284 0 0 0 0 0 0 0 
_1.ptx 1087 : 50745 275859 0 0 0 0 0 0 0 
_1.ptx 1088 : 50745 318535 0 0 0 0 0 0 0 
_1.ptx 1089 : 50745 567046 0 0 0 0 0 0 0 
_1.ptx 1090 : 50745 567227 0 0 0 0 0 0 0 
_1.ptx 1091 : 50745 566859 0 0 0 0 0 0 0 
_1.ptx 1092 : 50745 286950 0 0 0 0 0 0 0 
_1.ptx 1093 : 50745 314943 0 0 0 0 0 0 0 
_1.ptx 1094 : 50745 567491 0 0 0 0 0 0 0 
_1.ptx 1095 : 50745 567624 0 0 0 0 0 0 0 
_1.ptx 1096 : 50745 568695 0 0 0 0 0 0 0 
_1.ptx 1097 : 50745 301994 128 0 0 0 0 0 0 
_1.ptx 1098 : 50745 318125 0 0 0 0 0 0 0 
_1.ptx 1099 : 50745 568632 0 0 0 0 0 0 0 
_1.ptx 1100 : 50745 467150 0 0 0 0 0 0 0 
_1.ptx 1101 : 50745 331169 128 0 0 0 0 0 0 
_1.ptx 1103 : 50745 568555 0 0 0 0 0 0 0 
_1.ptx 1104 : 50745 570801 0 0 0 0 0 0 0 
_1.ptx 1105 : 50745 573711 0 0 0 0 0 0 0 
_1.ptx 1106 : 50745 470695 0 0 0 0 0 0 0 
_1.ptx 1107 : 50745 583613 0 0 0 0 0 0 0 
_1.ptx 1108 : 50745 472994 0 0 0 0 0 0 0 
_1.ptx 1109 : 50745 332240 0 0 0 0 0 0 0 
_1.ptx 1110 : 50745 1041977 0 0 0 0 0 0 0 
_1.ptx 1111 : 50745 358853 0 0 0 0 0 0 0 
_1.ptx 1112 : 50745 1034562 0 0 0 0 0 0 0 
_1.ptx 1113 : 50745 350092 0 0 0 0 0 0 0 
_1.ptx 1114 : 50745 418801 0 0 0 0 0 0 0 
_1.ptx 1115 : 50745 320110 0 0 0 0 0 0 0 
_1.ptx 1121 : 50745 372000 0 0 0 0 0 0 0 
_1.ptx 1122 : 50745 324856 0 0 0 0 0 0 0 
_1.ptx 1123 : 50745 415024 0 0 0 0 0 0 0 
_1.ptx 1124 : 50745 0 0 0 0 0 0 0 0 
_1.ptx 1125 : 50745 312582 0 0 0 0 0 0 0 
_1.ptx 1133 : 50745 310906 0 0 0 0 0 0 0 
_1.ptx 1134 : 50745 414327 0 0 0 0 0 0 0 
_1.ptx 1135 : 50745 316352 0 0 0 0 0 0 0 
_1.ptx 1140 : 50745 314178 0 0 0 0 0 0 0 
_1.ptx 1141 : 50745 414787 0 0 0 0 0 0 0 
_1.ptx 1142 : 50745 314014 0 0 0 0 0 0 0 
_1.ptx 1157 : 50745 311295 0 0 0 0 0 0 0 
_1.ptx 1158 : 50745 414343 0 0 0 0 0 0 0 
_1.ptx 1159 : 50745 313965 0 0 0 0 0 0 0 
_1.ptx 1181 : 50745 310121 0 0 0 0 0 0 0 
_1.ptx 1182 : 50745 414142 0 0 0 0 0 0 0 
_1.ptx 1183 : 50745 313858 0 0 0 0 0 0 0 
_1.ptx 1196 : 50745 363130 0 0 0 0 0 0 0 
_1.ptx 1197 : 50745 364576 0 0 0 0 0 0 0 
_1.ptx 1198 : 50745 364253 0 0 0 0 0 0 0 
_1.ptx 1199 : 50745 369970 0 0 0 0 0 0 0 
_1.ptx 1200 : 50745 323923 0 0 0 0 0 0 0 
_1.ptx 1201 : 50745 415102 0 0 0 0 0 0 0 
_1.ptx 1202 : 50745 313680 0 0 0 0 0 0 0 
_1.ptx 1213 : 50745 375648 0 0 0 0 0 0 0 
_1.ptx 1216 : 50745 536363 0 0 0 0 0 0 0 
_1.ptx 1218 : 50745 389544 0 0 0 0 0 0 0 
_1.ptx 1219 : 50745 367663 0 0 0 0 0 0 0 
_1.ptx 1220 : 50745 366060 0 0 0 0 0 0 0 
_1.ptx 1221 : 50745 370308 0 0 0 0 0 0 0 
_1.ptx 1222 : 50745 322794 0 0 0 0 0 0 0 
_1.ptx 1223 : 50745 415952 0 0 0 0 0 0 0 
_1.ptx 1224 : 50745 185514 0 0 0 0 0 0 727 
_1.ptx 1226 : 21083 134999 0 0 0 0 0 0 0 
_1.ptx 1227 : 21083 239766 0 0 0 0 0 0 0 
_1.ptx 1229 : 21083 227270 0 0 0 0 0 0 0 
_1.ptx 1232 : 50745 345127 0 0 0 0 0 0 0 
_1.ptx 1233 : 50745 570698 0 0 0 0 0 0 0 
_1.ptx 1234 : 50745 310811 0 0 0 0 0 0 0 
_1.ptx 1235 : 50745 574969 0 0 0 0 0 0 0 
_1.ptx 1236 : 50745 602732 0 0 0 0 0 0 0 
_1.ptx 1237 : 50745 452046 0 0 0 0 0 0 0 
_1.ptx 1238 : 50745 1449558 0 0 0 0 0 0 0 
_1.ptx 1239 : 50745 382775 0 0 0 0 0 0 0 
_1.ptx 1240 : 50745 573441 0 0 0 0 0 0 0 
_1.ptx 1241 : 50745 374894 0 0 0 0 0 0 0 
_1.ptx 1242 : 50745 377764 0 0 0 0 0 0 0 
_1.ptx 1243 : 50745 379579 0 0 0 0 0 0 0 
_1.ptx 1244 : 50745 378812 0 0 0 0 0 0 0 
_1.ptx 1245 : 50745 381563 0 0 0 0 0 0 0 
_1.ptx 1246 : 50745 571279 0 0 0 0 0 0 0 
_1.ptx 1247 : 50745 573450 0 0 0 0 0 0 0 
_1.ptx 1248 : 50745 579248 0 0 0 0 0 0 0 
_1.ptx 1249 : 50745 467030 0 0 0 0 0 0 0 
_1.ptx 1250 : 50745 461926 0 0 0 0 0 0 0 
_1.ptx 1252 : 50745 585753 0 0 0 0 0 0 0 
_1.ptx 1253 : 50745 613473 0 0 0 0 0 0 0 
_1.ptx 1254 : 50745 404097 0 0 0 0 0 0 0 
_1.ptx 1255 : 50745 394732 0 0 0 0 0 0 0 
_1.ptx 1256 : 50745 475468 0 0 0 0 0 0 0 
_1.ptx 1257 : 50745 332016 0 0 0 0 0 0 0 
_1.ptx 1258 : 50745 476548 0 0 0 0 0 0 0 
_1.ptx 1259 : 50745 587555 0 0 0 0 0 0 0 
_1.ptx 1260 : 50745 586520 0 0 0 0 0 0 0 
_1.ptx 1261 : 50745 571148 0 0 0 0 0 0 0 
_1.ptx 1262 : 50745 567641 0 0 0 0 0 0 0 
_1.ptx 1263 : 50745 566902 0 0 0 0 0 0 0 
_1.ptx 1264 : 50745 570279 0 0 0 0 0 0 0 
_1.ptx 1265 : 50745 574490 0 0 0 0 0 0 0 
_1.ptx 1266 : 50745 568578 0 0 0 0 0 0 0 
_1.ptx 1267 : 50745 561909 0 0 0 0 0 0 0 
_1.ptx 1269 : 50745 564866 0 0 0 0 0 0 0 
_1.ptx 1271 : 50745 563688 0 0 0 0 0 0 0 
_1.ptx 1272 : 50745 580717 0 0 0 0 0 0 0 
_1.ptx 1274 : 50745 417270 0 0 0 0 0 0 0 
_1.ptx 1275 : 50745 383017 0 0 0 0 0 0 0 
_1.ptx 1276 : 50745 574596 0 0 0 0 0 0 0 
_1.ptx 1277 : 50745 576278 0 0 0 0 0 0 0 
_1.ptx 1279 : 50745 346233 0 0 0 0 0 0 0 
_1.ptx 1280 : 50745 580296 0 0 0 0 0 0 0 
_1.ptx 1281 : 50745 581590 0 0 0 0 0 0 0 
_1.ptx 1282 : 50745 569474 0 0 0 0 0 0 0 
_1.ptx 1283 : 50745 566324 0 0 0 0 0 0 0 
_1.ptx 1284 : 50745 567041 0 0 0 0 0 0 0 
_1.ptx 1286 : 50745 573573 0 0 0 0 0 0 0 
_1.ptx 1288 : 50745 333161 0 0 0 0 0 0 0 
_1.ptx 1289 : 50745 568916 0 0 0 0 0 0 0 
_1.ptx 1290 : 50745 577752 0 0 0 0 0 0 0 
_1.ptx 1291 : 50745 411775 0 0 0 0 0 0 0 
_1.ptx 1292 : 50745 595422 0 0 0 0 0 0 0 
_1.ptx 1293 : 50745 373143 0 0 0 0 0 0 0 
_1.ptx 1294 : 50745 478295 0 0 0 0 0 0 0 
_1.ptx 1295 : 50745 338986 0 0 0 0 0 0 0 
_1.ptx 1296 : 50745 471447 0 0 0 0 0 0 0 
_1.ptx 1297 : 50745 328171 0 0 0 0 0 0 0 
_1.ptx 1298 : 50745 471374 0 0 0 0 0 0 0 
_1.ptx 1299 : 50745 326495 0 0 0 0 0 0 0 
_1.ptx 1300 : 50745 468931 0 0 0 0 0 0 0 
_1.ptx 1301 : 50745 571531 0 0 0 0 0 0 0 
_1.ptx 1303 : 50745 375121 0 0 0 0 0 0 0 
_1.ptx 1304 : 50745 567272 0 0 0 0 0 0 0 
_1.ptx 1305 : 50745 565744 0 0 0 0 0 0 0 
_1.ptx 1307 : 50745 367479 0 0 0 0 0 0 0 
_1.ptx 1308 : 50745 373962 0 0 0 0 0 0 0 
_1.ptx 1309 : 50745 379246 0 0 0 0 0 0 0 
_1.ptx 1310 : 50745 334133 0 0 0 0 0 0 0 
_1.ptx 1311 : 50745 416129 0 0 0 0 0 0 0 
_1.ptx 1312 : 50745 315593 0 0 0 0 0 0 0 
_1.ptx 1321 : 50745 371155 0 0 0 0 0 0 0 
_1.ptx 1322 : 50745 327098 0 0 0 0 0 0 0 
_1.ptx 1323 : 50745 567576 0 0 0 0 0 0 0 
_1.ptx 1324 : 50745 376768 0 0 0 0 0 0 0 
_1.ptx 1325 : 50745 329869 0 0 0 0 0 0 0 
_1.ptx 1326 : 50745 331840 0 0 0 0 0 0 0 
_1.ptx 1327 : 50745 1559276 0 0 0 0 0 0 0 
_1.ptx 1328 : 50745 309655 0 0 0 0 0 0 0 
_1.ptx 1329 : 50745 313485 0 0 0 0 0 0 0 
_1.ptx 1330 : 50745 467307 0 0 0 0 0 0 0 
_1.ptx 1331 : 50745 475485 0 0 0 0 0 0 0 
_1.ptx 1332 : 50745 338137 0 0 0 0 0 0 0 
_1.ptx 1333 : 50745 590270 0 0 0 0 0 0 0 
_1.ptx 1334 : 50745 2004897 0 0 0 0 0 0 0 
_1.ptx 1335 : 50745 573825 0 0 0 0 0 0 0 
_1.ptx 1336 : 50745 322653 0 0 0 0 0 0 0 
_1.ptx 1337 : 50745 422855 0 0 0 0 0 0 0 
_1.ptx 1338 : 50745 470280 0 0 0 0 0 0 0 
_1.ptx 1339 : 50745 325579 0 0 0 0 0 0 0 
_1.ptx 1340 : 50745 422372 0 0 0 0 0 0 0 
_1.ptx 1341 : 50745 464824 0 0 0 0 0 0 0 
_1.ptx 1343 : 50745 372214 0 0 0 0 0 0 0 
_1.ptx 1344 : 50745 309227 0 0 0 0 0 0 0 
_1.ptx 1345 : 50745 413279 0 0 0 0 0 0 0 
_1.ptx 1346 : 50745 0 0 0 0 0 0 0 0 
_1.ptx 1348 : 50745 468896 0 0 0 0 0 0 0 
_1.ptx 1351 : 50745 381045 0 0 0 0 0 0 0 
_1.ptx 1352 : 50745 335802 0 0 0 0 0 0 0 
_1.ptx 1353 : 50745 381193 0 0 0 0 0 0 0 
_1.ptx 1354 : 50745 387410 0 0 0 0 0 0 0 
_1.ptx 1355 : 50745 340590 0 0 0 0 0 0 0 
_1.ptx 1356 : 50745 582535 0 0 0 0 0 0 0 
_1.ptx 1357 : 50745 569612 0 0 0 0 0 0 0 
_1.ptx 1358 : 50745 377920 0 0 0 0 0 0 0 
_1.ptx 1359 : 50745 328500 0 0 0 0 0 0 0 
_1.ptx 1360 : 50745 416644 0 0 0 0 0 0 0 
_1.ptx 1361 : 50745 370334 0 0 0 0 0 0 0 
_1.ptx 1362 : 50745 414591 0 0 0 0 0 0 0 
_1.ptx 1363 : 50745 309369 0 0 0 0 0 0 0 
_1.ptx 1364 : 50745 413047 0 0 0 0 0 0 0 
_1.ptx 1365 : 50745 312975 0 0 0 0 0 0 0 
_1.ptx 1372 : 50745 368356 0 0 0 0 0 0 0 
_1.ptx 1375 : 50745 324045 0 0 0 0 0 0 0 
_1.ptx 1376 : 50745 565245 0 0 0 0 0 0 0 
_1.ptx 1377 : 50745 563368 0 0 0 0 0 0 0 
_1.ptx 1378 : 50745 306347 0 0 0 0 0 0 0 
_1.ptx 1380 : 50745 563287 0 0 0 0 0 0 0 
_1.ptx 1381 : 50745 433609 0 0 0 0 0 0 0 
_1.ptx 1383 : 50745 569041 0 0 0 0 0 0 0 
_1.ptx 1384 : 50745 536896 0 0 0 0 0 0 0 
_1.ptx 1388 : 62282 700090 0 0 0 0 0 0 0 
_1.ptx 1389 : 62282 697387 0 0 0 0 0 0 0 
_1.ptx 1390 : 62282 704845 0 0 0 0 0 0 0 
_1.ptx 1391 : 62282 701247 0 0 0 0 0 0 0 
_1.ptx 1392 : 62282 708579 0 0 0 0 0 0 0 
_1.ptx 1393 : 62282 708021 0 0 0 0 0 0 0 
_1.ptx 1395 : 62282 712231 0 0 0 0 0 0 0 
_1.ptx 1396 : 62282 724132 0 0 0 0 0 0 0 
_1.ptx 1397 : 62282 720232 0 0 0 0 0 0 0 
_1.ptx 1398 : 62282 729719 0 0 0 0 0 0 0 
_1.ptx 1399 : 62282 585104 0 0 0 0 0 0 0 
_1.ptx 1400 : 62282 576538 0 0 0 0 0 0 0 
_1.ptx 1401 : 62282 1689949 0 0 0 0 0 0 0 
_1.ptx 1402 : 62282 697718 0 0 0 0 0 0 0 
_1.ptx 1403 : 62282 703098 0 0 0 0 0 0 0 
_1.ptx 1404 : 62282 700316 0 0 0 0 0 0 0 
_1.ptx 1405 : 62282 459122 0 0 0 0 0 0 0 
_1.ptx 1406 : 62282 460126 0 0 0 0 0 0 0 
_1.ptx 1408 : 62282 405822 0 0 0 0 0 0 0 
_1.ptx 1409 : 62282 580407 0 0 0 0 0 0 0 
_1.ptx 1410 : 62282 405972 0 0 0 0 0 0 0 
_1.ptx 1411 : 62282 580180 0 0 0 0 0 0 0 
_1.ptx 1412 : 62282 406394 0 0 0 0 0 0 0 
_1.ptx 1413 : 62282 588753 0 0 0 0 0 0 0 
_1.ptx 1416 : 127467 1355915 0 0 0 0 0 0 0 
_1.ptx 1417 : 127467 884030 0 0 0 0 0 0 0 
_1.ptx 1418 : 127467 1060638 0 0 0 0 0 0 0 
_1.ptx 1419 : 127467 6426 0 0 0 0 0 0 0 
_1.ptx 1420 : 126435 1046984 0 0 0 0 0 0 0 
_1.ptx 1421 : 126435 389930 0 0 0 0 0 0 550 
_1.ptx 1424 : 65536 683424 0 0 0 0 0 0 0 
_1.ptx 1425 : 65536 483680 0 0 0 0 0 0 0 
_1.ptx 1426 : 65536 410528 0 0 0 0 0 0 0 
_1.ptx 1427 : 65536 538816 0 0 0 0 0 0 0 
_1.ptx 604 : 65536 401248 0 0 0 0 0 0 0 
_1.ptx 1428 : 65536 345756 0 0 0 0 0 0 218 
_1.ptx 605 : 65536 634112 39168 0 0 0 0 0 0 
_1.ptx 1429 : 10434 75567 0 0 0 0 0 0 0 
_1.ptx 606 : 65536 400608 0 0 0 0 0 0 0 
_1.ptx 1430 : 10434 75670 0 0 0 0 0 0 0 
_1.ptx 607 : 65536 856928 39296 0 0 0 0 0 0 
_1.ptx 1431 : 10434 114882 0 0 0 0 0 0 0 
_1.ptx 608 : 65536 400576 0 0 0 0 0 0 0 
_1.ptx 1432 : 10434 116755 0 0 0 0 0 0 0 
_1.ptx 609 : 65536 1006560 38912 0 0 0 0 0 0 
_1.ptx 1433 : 10434 76517 0 0 0 0 0 0 0 
_1.ptx 610 : 65536 399680 0 0 0 0 0 0 0 
_1.ptx 611 : 65536 870368 39168 0 0 0 0 0 0 
_1.ptx 612 : 65536 400512 0 0 0 0 0 0 0 
_1.ptx 613 : 65536 1271136 55424 0 0 0 0 0 0 
_1.ptx 1437 : 15923 2067914 11264 0 0 0 0 0 0 
_1.ptx 614 : 65536 399104 0 0 0 0 0 0 0 
_1.ptx 1438 : 15923 2120733 7680 0 0 0 0 0 0 
_1.ptx 615 : 65536 1506048 53888 0 0 0 0 0 0 
_1.ptx 1439 : 15923 2334596 9856 0 0 0 0 0 0 
_1.ptx 616 : 65536 399552 0 0 0 0 0 0 0 
_1.ptx 1440 : 15923 2250908 0 0 0 0 0 0 0 
_1.ptx 617 : 65536 1592960 58240 0 0 0 0 0 0 
_1.ptx 1441 : 15923 2189866 0 0 0 0 0 0 0 
_1.ptx 618 : 65536 399776 0 0 0 0 0 0 0 
_1.ptx 1442 : 15923 2385567 128 0 0 0 0 0 0 
_1.ptx 619 : 65536 2471136 48256 0 0 0 0 0 0 
_1.ptx 1443 : 15923 2437601 9728 0 0 0 0 0 0 
_1.ptx 620 : 65536 399552 0 0 0 0 0 0 0 
_1.ptx 1444 : 15923 2405037 0 0 0 0 0 0 0 
_1.ptx 621 : 65536 1849888 53376 0 0 0 0 0 0 
_1.ptx 1445 : 15923 98020 0 0 0 0 0 0 0 
_1.ptx 622 : 65536 399424 0 0 0 0 0 0 0 
_1.ptx 1446 : 15923 144785 0 0 0 0 0 0 0 
_1.ptx 623 : 65536 2114400 61440 0 0 0 0 0 0 
_1.ptx 1447 : 15923 114146 0 0 0 0 0 0 0 
_1.ptx 624 : 65536 399328 0 0 0 0 0 0 0 
_1.ptx 1448 : 15923 98013 0 0 0 0 0 0 0 
_1.ptx 625 : 65536 2258816 51072 0 0 0 0 0 0 
_1.ptx 1449 : 15923 145157 0 0 0 0 0 0 0 
_1.ptx 626 : 65536 401120 0 0 0 0 0 0 0 
_1.ptx 1450 : 15923 107529 0 0 0 0 0 0 0 
_1.ptx 627 : 65536 1595136 61568 0 0 0 0 0 0 
_1.ptx 1451 : 15923 98064 0 0 0 0 0 0 0 
_1.ptx 628 : 65536 401056 0 0 0 0 0 0 0 
_1.ptx 1452 : 15923 145139 0 0 0 0 0 0 0 
_1.ptx 629 : 65536 1531104 59392 0 0 0 0 0 0 
_1.ptx 1453 : 15923 106740 0 0 0 0 0 0 0 
_1.ptx 630 : 65536 400032 0 0 0 0 0 0 0 
_1.ptx 1454 : 15923 98431 0 0 0 0 0 0 0 
_1.ptx 631 : 65536 1916800 57728 0 0 0 0 0 0 
_1.ptx 1455 : 15923 145392 0 0 0 0 0 0 0 
_1.ptx 632 : 65536 399104 0 0 0 0 0 0 0 
_1.ptx 1456 : 15923 111175 0 0 0 0 0 0 0 
_1.ptx 633 : 65536 1529536 62848 0 0 0 0 0 0 
_1.ptx 1457 : 15923 163031 0 0 0 0 0 0 0 
_1.ptx 634 : 65536 400224 0 0 0 0 0 0 0 
_1.ptx 1458 : 15923 163592 0 0 0 0 0 0 0 
_1.ptx 635 : 65536 1619552 57088 0 0 0 0 0 0 
_1.ptx 1459 : 15923 102626 0 0 0 0 0 0 0 
_1.ptx 636 : 65536 401408 0 0 0 0 0 0 0 
_1.ptx 1460 : 15923 129926 0 0 0 0 0 0 0 
_1.ptx 637 : 65536 1790976 63872 0 0 0 0 0 0 
_1.ptx 1461 : 15923 33886 0 0 0 0 0 0 386 
_1.ptx 638 : 65536 401760 0 0 0 0 0 0 0 
_1.ptx 639 : 65536 1980896 56320 0 0 0 0 0 0 
_1.ptx 640 : 65536 401792 0 0 0 0 0 0 0 
_1.ptx 1464 : 65536 11910464 14976 0 0 4096 2048 0 0 
_1.ptx 641 : 65536 2070240 66944 0 0 0 0 0 0 
_1.ptx 1465 : 65536 3866592 0 0 0 0 0 0 0 
_1.ptx 642 : 65536 402176 0 0 0 0 0 0 0 
_1.ptx 1466 : 65536 482688 0 0 0 0 0 0 0 
_1.ptx 643 : 65536 1291904 69888 0 0 0 0 0 0 
_1.ptx 1467 : 65536 420288 0 0 0 0 0 0 0 
_1.ptx 644 : 65536 403200 0 0 0 0 0 0 0 
_1.ptx 1468 : 65536 733952 0 0 0 0 0 0 0 
_1.ptx 645 : 65536 407616 0 0 0 0 0 0 0 
_1.ptx 1469 : 65536 481184 0 0 0 0 0 0 0 
_1.ptx 646 : 65536 539904 0 0 0 0 0 0 0 
_1.ptx 1470 : 65536 3474432 0 0 0 0 0 0 0 
_1.ptx 647 : 65536 415648 0 0 0 0 0 0 0 
_1.ptx 1471 : 65536 479392 0 0 0 0 0 0 0 
_1.ptx 648 : 65536 411648 0 0 0 0 0 0 0 
_1.ptx 1472 : 65536 415808 0 0 0 0 0 0 0 
_1.ptx 649 : 65536 539872 0 0 0 0 0 0 0 
_1.ptx 1473 : 65536 734400 0 0 0 0 0 0 0 
_1.ptx 650 : 65536 415040 0 0 0 0 0 0 0 
_1.ptx 1474 : 65536 479648 0 0 0 0 0 0 0 
_1.ptx 651 : 65536 732864 0 0 0 0 0 0 0 
_1.ptx 1475 : 65536 479744 0 0 0 0 0 0 0 
_1.ptx 652 : 65536 416768 0 0 0 0 0 0 0 
_1.ptx 1476 : 65536 537952 0 0 0 0 0 0 0 
_1.ptx 653 : 65536 730688 0 0 0 0 0 0 0 
_1.ptx 1477 : 65536 3180768 0 0 0 0 0 0 0 
_1.ptx 654 : 65536 2611392 128 0 0 0 0 0 0 
_1.ptx 1478 : 65536 480480 0 0 0 0 0 0 0 
_1.ptx 655 : 65536 2473216 0 0 0 0 0 0 0 
_1.ptx 1479 : 65536 418368 0 0 0 0 0 0 0 
_1.ptx 656 : 65536 539296 0 0 0 0 0 0 0 
_1.ptx 1480 : 65536 731360 0 0 0 0 0 0 0 
_1.ptx 657 : 65536 479488 0 0 0 0 0 0 0 
_1.ptx 1481 : 65536 475936 0 0 0 0 0 0 0 
_1.ptx 658 : 65536 538528 0 0 0 0 0 0 0 
_1.ptx 1482 : 65536 478208 0 0 0 0 0 0 0 
_1.ptx 659 : 65536 478912 0 0 0 0 0 0 0 
_1.ptx 1483 : 65536 3472192 128 0 0 0 0 0 0 
_1.ptx 660 : 65536 543296 0 0 0 0 0 0 0 
_1.ptx 1484 : 65536 479968 0 0 0 0 0 0 0 
_1.ptx 661 : 65536 425376 0 0 0 0 0 0 0 
_1.ptx 1485 : 65536 418016 0 0 0 0 0 0 0 
_1.ptx 662 : 65536 539008 0 0 0 0 0 0 0 
_1.ptx 1486 : 65536 732320 0 0 0 0 0 0 0 
_1.ptx 663 : 65536 0 0 0 0 0 0 0 0 
_1.ptx 1487 : 65536 479328 0 0 0 0 0 0 0 
_1.ptx 1488 : 65536 478240 0 0 0 0 0 0 0 
_1.ptx 665 : 65536 784544 0 0 0 0 0 0 0 
_1.ptx 1489 : 65536 537920 0 0 0 0 0 0 0 
_1.ptx 666 : 65536 727232 0 0 0 0 0 0 0 
_1.ptx 1490 : 65536 537984 0 0 0 0 0 0 0 
_1.ptx 667 : 65536 731040 0 0 0 0 0 0 0 
_1.ptx 1491 : 65536 730176 0 0 0 0 0 0 0 
_1.ptx 668 : 65536 479392 0 0 0 0 0 0 0 
_1.ptx 1492 : 65536 498944 0 0 0 4096 2048 0 0 
_1.ptx 669 : 65536 709568 0 0 0 0 0 0 0 
_1.ptx 670 : 65536 736128 0 0 0 0 0 0 0 
_1.ptx 671 : 65536 424160 0 0 0 0 0 0 0 
_1.ptx 1495 : 65536 406656 0 0 0 0 0 0 0 
_1.ptx 672 : 65536 1319968 162688 0 0 4096 2048 0 0 
_1.ptx 674 : 65536 1695040 128 0 0 0 0 0 0 
_1.ptx 675 : 65536 1327680 0 0 0 0 0 0 0 
_1.ptx 676 : 65536 451264 0 0 0 0 0 0 0 
_1.ptx 678 : 65536 351904 0 0 0 0 0 0 0 
_1.ptx 679 : 65536 449344 0 0 0 0 0 0 0 
_1.ptx 680 : 65536 737376 0 0 0 0 0 0 0 
_1.ptx 681 : 65536 1339424 0 0 0 0 0 0 0 
_1.ptx 682 : 65536 534400 0 0 0 0 0 0 0 
_1.ptx 683 : 65536 530080 0 0 0 0 0 0 0 
_1.ptx 684 : 65536 419680 0 0 0 0 0 0 0 
_1.ptx 685 : 65536 750432 0 0 0 0 0 0 0 
_1.ptx 686 : 65536 399744 0 0 0 0 0 0 0 
_1.ptx 687 : 65536 749728 0 0 0 0 0 0 0 
_1.ptx 688 : 65536 520416 0 0 0 0 0 0 0 
_1.ptx 689 : 65536 512160 0 0 0 0 0 0 0 
_1.ptx 690 : 65536 506848 0 0 0 0 0 0 0 
_1.ptx 691 : 65536 436960 0 0 0 0 0 0 0 
_1.ptx 692 : 65536 3162336 0 0 0 0 0 0 0 
_1.ptx 693 : 65536 409120 0 0 0 0 0 0 0 
_1.ptx 694 : 65536 733376 0 0 0 0 0 0 0 
_1.ptx 695 : 65536 743712 0 0 0 0 0 0 0 
_1.ptx 696 : 65536 440704 0 0 0 0 0 0 0 
_1.ptx 697 : 65536 739904 0 0 0 0 0 0 0 
_1.ptx 698 : 65536 734400 0 0 0 0 0 0 0 
_1.ptx 699 : 65536 470016 0 0 0 0 0 0 0 
_1.ptx 700 : 65536 733056 0 0 0 0 0 0 0 
_1.ptx 701 : 65536 295232 0 0 0 0 0 0 0 
_1.ptx 702 : 65536 733120 0 0 0 0 0 0 0 
_1.ptx 703 : 65536 313280 0 0 0 0 0 0 0 
_1.ptx 704 : 65536 733728 0 0 0 0 0 0 0 
_1.ptx 705 : 65536 316288 0 0 0 0 0 0 0 
_1.ptx 706 : 65536 733600 0 0 0 0 0 0 0 
_1.ptx 707 : 65536 417984 0 0 0 0 0 0 0 
_1.ptx 708 : 65536 734848 0 0 0 0 0 0 0 
_1.ptx 709 : 65536 340192 0 0 0 0 0 0 0 
_1.ptx 710 : 65536 735712 0 0 0 0 0 0 0 
_1.ptx 711 : 65536 750720 0 0 0 0 0 0 0 
_1.ptx 712 : 65536 760928 0 0 0 0 0 0 0 
_1.ptx 713 : 65536 769696 0 0 0 0 0 0 0 
_1.ptx 714 : 65536 772064 0 0 0 0 0 0 0 
_1.ptx 715 : 65536 784736 0 0 0 0 0 0 0 
_1.ptx 716 : 65536 787424 0 0 0 0 0 0 0 
_1.ptx 717 : 65536 782240 0 0 0 0 0 0 0 
_1.ptx 718 : 65536 778016 0 0 0 0 0 0 0 
_1.ptx 719 : 65536 773632 0 0 0 0 0 0 0 
_1.ptx 720 : 65536 764352 0 0 0 0 0 0 0 
_1.ptx 721 : 65536 766976 0 0 0 0 0 0 0 
_1.ptx 722 : 65536 767456 0 0 0 0 0 0 0 
_1.ptx 723 : 65536 775200 0 0 0 0 0 0 0 
_1.ptx 724 : 65536 617376 0 0 0 0 0 0 0 
_1.ptx 725 : 65536 608416 0 0 0 0 0 0 0 
_1.ptx 726 : 65536 1710848 0 0 0 0 0 0 0 
_1.ptx 727 : 65536 745600 0 0 0 0 0 0 0 
_1.ptx 728 : 65536 746976 0 0 0 0 0 0 0 
_1.ptx 729 : 65536 748704 0 0 0 0 0 0 0 
_1.ptx 731 : 65536 435296 0 0 0 0 0 0 0 
_1.ptx 733 : 65536 434496 0 0 0 0 0 0 0 
_1.ptx 734 : 65536 437536 0 0 0 0 0 0 0 
_1.ptx 735 : 65536 431104 0 0 0 0 0 0 0 
_1.ptx 736 : 65536 434016 0 0 0 0 0 0 0 
_1.ptx 738 : 127467 946670 0 0 0 0 0 0 0 
_1.ptx 739 : 127467 829531 0 0 0 0 0 0 0 
_1.ptx 740 : 127467 811544 0 0 0 0 0 0 0 
_1.ptx 744 : 509868 2991111 384 0 0 17236 17236 0 0 
_1.ptx 745 : 509868 2888968 0 0 0 17236 17236 0 0 
_1.ptx 746 : 509868 3347565 128 0 0 17236 17236 0 0 
_1.ptx 747 : 509868 2749489 0 0 0 17236 17236 0 0 
_1.ptx 748 : 509868 2633919 0 0 0 17236 17236 0 0 
_1.ptx 749 : 509868 3201269 0 0 0 0 0 0 0 
_1.ptx 750 : 509868 4232423 0 0 0 0 0 0 0 
_1.ptx 751 : 509868 2476487 0 0 0 0 0 0 0 
_1.ptx 753 : 127467 949227 0 0 0 0 0 0 0 
_1.ptx 754 : 127467 825975 0 0 0 0 0 0 0 
_1.ptx 755 : 127467 1056543 0 0 0 0 0 0 0 
_1.ptx 756 : 127467 816234 0 0 0 0 0 0 0 
_1.ptx 761 : 127467 1430818 0 0 0 0 0 0 0 
_1.ptx 762 : 127467 6113399 0 0 0 0 0 0 0 
_1.ptx 763 : 127467 803158 0 0 0 0 0 0 0 
_1.ptx 764 : 127467 809820 0 0 0 0 0 0 0 
_1.ptx 765 : 127467 1051497 0 0 0 0 0 0 0 
_1.ptx 766 : 127467 1183097 0 0 0 0 0 0 0 
_1.ptx 769 : 127467 962805 0 0 0 0 0 0 0 
_1.ptx 770 : 127467 848174 0 0 0 0 0 0 0 
_1.ptx 773 : 382401 4348336 0 0 0 0 0 0 0 
_1.ptx 774 : 382401 1256843 0 0 0 0 0 0 0 
_1.ptx 775 : 382401 4382302 0 0 0 0 0 0 0 
_1.ptx 776 : 382401 4413596 0 0 0 0 0 0 0 
_1.ptx 777 : 382401 4457422 0 0 0 0 0 0 0 
_1.ptx 778 : 382401 4471836 0 0 0 0 0 0 0 
_1.ptx 779 : 382401 4475143 0 0 0 0 0 0 0 
_1.ptx 780 : 382401 4498851 0 0 0 0 0 0 0 
_1.ptx 781 : 382401 3631066 0 0 0 0 0 0 0 
_1.ptx 782 : 382401 3650584 0 0 0 0 0 0 0 
_1.ptx 783 : 382401 3624861 0 0 0 0 0 0 0 
_1.ptx 784 : 382401 3623767 0 0 0 0 0 0 0 
_1.ptx 785 : 382401 3238424 0 0 0 0 0 0 0 
_1.ptx 786 : 382401 2919251 0 0 0 0 0 0 0 
_1.ptx 787 : 382401 2530424 0 0 0 0 0 0 0 
_1.ptx 788 : 382401 3205166 0 0 0 0 0 0 0 
_1.ptx 789 : 382401 2881124 0 0 0 0 0 0 0 
_1.ptx 790 : 382401 3206575 0 0 0 0 0 0 0 
_1.ptx 791 : 382401 2531690 0 0 0 0 0 0 0 
_1.ptx 792 : 382401 3188086 0 0 0 0 0 0 0 
_1.ptx 793 : 382401 1791687 0 0 0 0 0 0 1523 
_1.ptx 794 : 105477 677841 0 0 0 0 0 0 0 
_1.ptx 795 : 105477 676268 0 0 0 0 0 0 0 
_1.ptx 797 : 276924 3148659 0 0 0 0 0 0 0 
_1.ptx 798 : 276924 3134221 0 0 0 0 0 0 0 
_1.ptx 799 : 276924 2310529 0 0 0 0 0 0 0 
_1.ptx 800 : 276924 124101 0 0 0 0 0 0 715 
_1.ptx 801 : 257599 1685969 0 0 0 0 0 0 0 
_1.ptx 802 : 257599 1702673 0 0 0 0 0 0 0 
_1.ptx 805 : 19325 217616 0 0 0 0 0 0 0 
_1.ptx 806 : 19325 316831 0 0 0 0 0 0 0 
_1.ptx 807 : 19325 218593 0 0 0 0 0 0 0 
_1.ptx 808 : 19325 220609 0 0 0 0 0 0 0 
_1.ptx 809 : 19325 179134 0 0 0 0 0 0 0 
_1.ptx 813 : 382401 2875652 0 0 0 0 0 0 0 
_1.ptx 815 : 509868 3329615 0 0 0 0 0 0 0 
_1.ptx 816 : 509868 4224613 0 0 0 0 0 0 0 
_1.ptx 817 : 509868 3818767 0 0 0 0 0 0 0 
_1.ptx 818 : 509868 4243625 0 0 0 0 0 0 0 
_1.ptx 819 : 509868 3827115 0 0 0 0 0 0 0 
_1.ptx 820 : 509868 4281846 0 0 0 0 0 0 0 
_1.ptx 821 : 509868 3375912 0 0 0 0 0 0 0 
_1.ptx 822 : 509868 4251414 0 0 0 0 0 0 0 
