kernel line : count latency dram_traffic smem_bk_conflicts smem_warp gmem_access_generated gmem_warp exposed_latency warp_divergence
_1.ptx 8247 : 3529536 21368544 0 0 0 0 0 0 0 
_1.ptx 8248 : 3529536 28438400 0 0 0 0 0 0 0 
_1.ptx 8249 : 3529536 21402496 0 0 0 0 0 0 0 
_1.ptx 10752 : 118528 956448 0 0 0 0 0 0 0 
_1.ptx 10753 : 118528 406560 0 0 0 0 0 0 0 
_1.ptx 10755 : 51712 371552 0 0 0 0 0 0 0 
_1.ptx 10757 : 51712 375328 0 0 0 0 0 0 0 
_1.ptx 10761 : 262144 2914880 0 0 0 0 0 0 0 
_1.ptx 10762 : 262144 2927680 0 0 0 0 0 0 0 
_1.ptx 10763 : 262144 2133728 0 0 0 0 0 0 0 
_1.ptx 10764 : 262144 1504992 0 0 0 0 0 0 0 
_1.ptx 10765 : 16384 100128 0 0 0 0 0 0 0 
_1.ptx 10771 : 16384 98443 0 0 0 0 0 0 256 
_1.ptx 10773 : 256 7682 0 0 0 0 0 0 0 
_1.ptx 10774 : 256 2574 0 0 0 0 0 0 0 
_1.ptx 8305 : 3529536 21397472 0 0 0 0 0 0 0 
_1.ptx 10775 : 256 1807 0 0 0 0 0 0 0 
_1.ptx 8306 : 3529536 28529216 0 0 0 0 0 0 0 
_1.ptx 10776 : 256 2573 0 0 0 0 0 0 0 
_1.ptx 8307 : 3529536 21481888 0 0 0 0 0 0 0 
_1.ptx 10777 : 256 2821 0 0 0 0 0 0 0 
_1.ptx 10778 : 256 6705 6016 0 0 256 256 0 0 
_1.ptx 10780 : 256 1817 0 0 0 0 0 0 0 
_1.ptx 10781 : 256 4515 5952 0 0 256 256 0 0 
_1.ptx 10784 : 16384 99168 0 0 0 0 0 0 0 
_1.ptx 8363 : 3529536 21406496 0 0 0 0 0 0 0 
_1.ptx 8364 : 3529536 28477888 0 0 0 0 0 0 0 
_1.ptx 8365 : 3529536 21517824 0 0 0 0 0 0 0 
_1.ptx 7555 : 16384 99520 0 0 0 0 0 0 0 
_1.ptx 7556 : 16384 99680 0 0 0 0 0 0 0 
_1.ptx 7557 : 16384 241952 0 0 0 0 0 0 0 
_1.ptx 7558 : 16384 99104 0 0 0 0 0 0 0 
_1.ptx 7559 : 16384 181152 0 0 0 0 0 0 0 
_1.ptx 7560 : 16384 2256576 128 0 0 0 0 0 0 
_1.ptx 7561 : 16384 238144 0 0 0 0 0 0 0 
_1.ptx 7562 : 16384 184960 0 0 0 0 0 0 0 
_1.ptx 7563 : 16384 185408 0 0 0 0 0 0 0 
_1.ptx 7564 : 16384 126432 0 0 0 0 0 0 0 
_1.ptx 7565 : 16384 109824 0 0 0 0 0 0 0 
_1.ptx 7566 : 16384 154592 0 0 0 0 0 0 0 
_1.ptx 7567 : 16384 135392 0 0 0 0 0 0 0 
_1.ptx 7568 : 16384 0 0 0 0 0 0 0 0 
_1.ptx 7569 : 16384 125056 0 0 0 0 0 0 0 
_1.ptx 7570 : 16384 187936 0 0 0 0 0 0 0 
_1.ptx 7571 : 16384 117376 0 0 0 0 0 0 0 
_1.ptx 7572 : 16384 163840 0 0 0 0 0 0 0 
_1.ptx 7573 : 16384 181120 0 0 0 0 0 0 0 
_1.ptx 7574 : 16384 151424 0 0 0 0 0 0 0 
_1.ptx 7575 : 16384 88608 0 0 0 0 0 0 0 
_1.ptx 7576 : 16384 235392 0 0 0 0 0 0 0 
_1.ptx 7577 : 16384 119072 0 0 0 0 0 0 0 
_1.ptx 7578 : 16384 258688 0 0 0 0 0 0 0 
_1.ptx 7579 : 16384 184384 0 0 0 0 0 0 0 
_1.ptx 7580 : 16384 110240 0 0 0 0 0 0 0 
_1.ptx 7581 : 16384 136128 0 0 0 0 0 0 0 
_1.ptx 7582 : 16384 118784 0 0 0 0 0 0 0 
_1.ptx 7583 : 16384 123264 0 0 0 0 0 0 0 
_1.ptx 7584 : 16384 203168 0 0 0 0 0 0 0 
_1.ptx 7585 : 16384 123264 0 0 0 0 0 0 0 
_1.ptx 7586 : 16384 208352 0 0 0 0 0 0 0 
_1.ptx 7587 : 16384 86400 0 0 0 0 0 0 0 
_1.ptx 7588 : 16384 75104 0 0 0 0 0 0 0 
_1.ptx 7589 : 16384 99680 0 0 0 0 0 0 0 
_1.ptx 7590 : 16384 100544 0 0 0 0 0 0 0 
_1.ptx 7591 : 16384 108608 0 0 0 0 0 0 0 
_1.ptx 7595 : 262144 2908064 0 0 0 0 0 0 0 
_1.ptx 7596 : 262144 81529632 333440 0 0 8192 8192 0 0 
_1.ptx 8421 : 3529536 21432288 0 0 0 0 0 0 0 
_1.ptx 7598 : 262144 1873376 0 0 0 0 0 0 0 
_1.ptx 8422 : 3529536 28630592 0 0 0 0 0 0 0 
_1.ptx 7599 : 262144 2734240 0 0 0 0 0 0 0 
_1.ptx 8423 : 3529536 21489056 0 0 0 0 0 0 0 
_1.ptx 7600 : 262144 2904032 0 0 0 0 0 0 0 
_1.ptx 7601 : 262144 81536320 334976 0 0 8192 8192 0 0 
_1.ptx 7603 : 262144 2120672 0 0 0 0 0 0 0 
_1.ptx 7604 : 262144 877984 0 0 0 0 0 0 0 
_1.ptx 7605 : 118528 965664 0 0 0 0 0 0 0 
_1.ptx 7606 : 118528 976864 0 0 0 0 0 0 0 
_1.ptx 7607 : 118528 767104 0 0 0 0 0 0 0 
_1.ptx 7608 : 118528 962336 0 0 0 0 0 0 0 
_1.ptx 7609 : 118528 3411712 0 0 0 0 0 0 0 
_1.ptx 7610 : 118528 849120 0 0 0 0 0 0 0 
_1.ptx 7611 : 118528 733664 0 0 0 0 0 0 0 
_1.ptx 7612 : 118528 972832 0 0 0 0 0 0 0 
_1.ptx 7613 : 118528 0 0 0 0 0 0 0 0 
_1.ptx 7615 : 118528 0 0 0 0 0 0 0 0 
_1.ptx 7616 : 118528 742368 0 0 0 0 0 0 0 
_1.ptx 7617 : 118528 742432 0 0 0 0 0 0 0 
_1.ptx 7618 : 118528 1370560 0 0 0 0 0 0 0 
_1.ptx 7619 : 118528 875904 0 0 0 0 0 0 0 
_1.ptx 7620 : 118528 762944 0 0 0 0 0 0 0 
_1.ptx 7621 : 118528 1402048 0 0 0 0 0 0 0 
_1.ptx 7622 : 118528 868896 0 0 0 0 0 0 0 
_1.ptx 7623 : 118528 864128 0 0 0 0 0 0 0 
_1.ptx 7624 : 118528 1331936 0 0 0 0 0 0 0 
_1.ptx 7628 : 7585792 46778176 0 0 0 0 0 0 0 
_1.ptx 7629 : 7585792 132331072 4888096 0 0 237056 237056 0 0 
_1.ptx 7630 : 7585792 84284704 0 0 0 0 0 0 0 
_1.ptx 7631 : 7585792 84635008 0 0 0 0 0 0 0 
_1.ptx 7632 : 7585792 62111456 0 0 0 0 0 0 0 
_1.ptx 7633 : 7585792 46106240 0 0 0 0 0 0 0 
_1.ptx 7635 : 118528 0 0 0 0 0 0 0 0 
_1.ptx 7636 : 118528 734816 0 0 0 0 0 0 0 
_1.ptx 7637 : 118528 728736 0 0 0 0 0 0 0 
_1.ptx 7638 : 118528 1320416 0 0 0 0 0 0 0 
_1.ptx 7639 : 118528 866432 0 0 0 0 0 0 0 
_1.ptx 7640 : 118528 762528 0 0 0 0 0 0 0 
_1.ptx 7641 : 118528 1322944 0 0 0 0 0 0 0 
_1.ptx 7642 : 118528 855680 0 0 0 0 0 0 0 
_1.ptx 7643 : 118528 851776 0 0 0 0 0 0 0 
_1.ptx 7644 : 118528 1209952 0 0 0 0 0 0 0 
_1.ptx 7645 : 118528 1215904 0 0 0 0 0 0 0 
_1.ptx 7646 : 118528 1316672 0 0 0 0 0 0 0 
_1.ptx 7650 : 253724 1555710 0 0 0 0 0 0 0 
_1.ptx 7651 : 253724 5335778 1118848 0 0 16908 9260 0 0 
_1.ptx 7652 : 253724 2816638 0 0 0 0 0 0 0 
_1.ptx 7653 : 253724 2824985 0 0 0 0 0 0 0 
_1.ptx 7654 : 253724 2061709 0 0 0 0 0 0 0 
_1.ptx 7655 : 253724 831266 0 0 0 0 0 0 1852 
_1.ptx 8479 : 3529536 21401120 0 0 0 0 0 0 0 
_1.ptx 8480 : 3529536 28507488 0 0 0 0 0 0 0 
_1.ptx 7657 : 118528 713038 0 0 0 0 0 0 1852 
_1.ptx 8481 : 3529536 21537056 0 0 0 0 0 0 0 
_1.ptx 7659 : 1852 11244 0 0 0 0 0 0 0 
_1.ptx 7660 : 1852 20485 0 0 0 0 0 0 0 
_1.ptx 7661 : 1852 42660 4128 0 0 1852 1852 0 0 
_1.ptx 7664 : 118528 722656 0 0 0 0 0 0 0 
_1.ptx 7666 : 118528 850208 0 0 0 0 0 0 0 
_1.ptx 7668 : 118528 964512 0 0 0 0 0 0 0 
_1.ptx 7669 : 118528 141045 0 0 0 0 0 0 1002 
_1.ptx 7671 : 95531 1065213 0 0 0 0 0 0 0 
_1.ptx 7672 : 95531 1771257 0 0 0 0 0 0 0 
_1.ptx 7673 : 95531 1056946 0 0 0 0 0 0 0 
_1.ptx 7674 : 95531 685893 0 0 0 0 0 0 0 
_1.ptx 7675 : 95531 982729 0 0 0 0 0 0 0 
_1.ptx 7676 : 95531 1058283 0 0 0 0 0 0 0 
_1.ptx 7677 : 95531 34257040 610176 0 0 6350 3463 0 0 
_1.ptx 7679 : 95531 583371 0 0 0 0 0 0 0 
_1.ptx 7680 : 95531 582565 0 0 0 0 0 0 0 
_1.ptx 7681 : 95531 1070336 0 0 0 0 0 0 0 
_1.ptx 7682 : 95531 585573 0 0 0 0 0 0 0 
_1.ptx 7683 : 95531 1073716 0 0 0 0 0 0 0 
_1.ptx 7684 : 95531 1060378 0 0 0 0 0 0 0 
_1.ptx 7685 : 95531 773687 0 0 0 0 0 0 0 
_1.ptx 7686 : 95531 448489 0 0 0 0 0 0 764 
_1.ptx 7688 : 22056 243689 0 0 0 0 0 0 0 
_1.ptx 7689 : 22056 157117 0 0 0 0 0 0 0 
_1.ptx 7690 : 22056 222253 0 0 0 0 0 0 0 
_1.ptx 7691 : 22056 244031 0 0 0 0 0 0 0 
_1.ptx 7692 : 22056 7110827 89856 0 0 1794 1145 0 0 
_1.ptx 7694 : 22056 222555 0 0 0 0 0 0 0 
_1.ptx 7695 : 22056 244059 0 0 0 0 0 0 0 
_1.ptx 7696 : 22056 178283 0 0 0 0 0 0 0 
_1.ptx 7697 : 22056 133780 0 0 0 0 0 0 22 
_1.ptx 7699 : 103 1141 0 0 0 0 0 0 0 
_1.ptx 7700 : 103 1141 0 0 0 0 0 0 0 
_1.ptx 7701 : 103 742 0 0 0 0 0 0 0 
_1.ptx 7702 : 103 1047 0 0 0 0 0 0 0 
_1.ptx 7703 : 103 1134 0 0 0 0 0 0 0 
_1.ptx 7704 : 103 12560 512 0 0 24 22 0 0 
_1.ptx 7706 : 103 1030 0 0 0 0 0 0 0 
_1.ptx 7707 : 103 1137 0 0 0 0 0 0 0 
_1.ptx 7708 : 103 832 0 0 0 0 0 0 0 
_1.ptx 7709 : 103 639 0 0 0 0 0 0 0 
_1.ptx 8537 : 3529536 21406816 0 0 0 0 0 0 0 
_1.ptx 8538 : 3529536 28591520 0 0 0 0 0 0 0 
_1.ptx 8539 : 3529536 21560416 0 0 0 0 0 0 0 
_1.ptx 8595 : 3529536 21419200 0 0 0 0 0 0 0 
_1.ptx 8596 : 3529536 28498240 0 0 0 0 0 0 0 
_1.ptx 8597 : 3529536 21598336 0 0 0 0 0 0 0 
_1.ptx 7815 : 22997 140607 0 0 0 0 0 0 0 
_1.ptx 7816 : 22997 141445 0 0 0 0 0 0 0 
_1.ptx 7817 : 22997 142167 0 0 0 0 0 0 0 
_1.ptx 7818 : 22997 143455 0 0 0 0 0 0 0 
_1.ptx 7819 : 22997 142462 0 0 0 0 0 0 0 
_1.ptx 7820 : 22997 144203 0 0 0 0 0 0 0 
_1.ptx 7821 : 22997 142580 0 0 0 0 0 0 0 
_1.ptx 7822 : 22997 143624 0 0 0 0 0 0 0 
_1.ptx 7823 : 22997 140557 0 0 0 0 0 0 0 
_1.ptx 7824 : 22997 142897 0 0 0 0 0 0 0 
_1.ptx 7825 : 22997 140849 0 0 0 0 0 0 0 
_1.ptx 7826 : 22997 141241 0 0 0 0 0 0 0 
_1.ptx 7827 : 22997 140753 0 0 0 0 0 0 0 
_1.ptx 7829 : 73475 452260 0 0 0 0 0 0 0 
_1.ptx 8653 : 3529536 21437344 0 0 0 0 0 0 0 
_1.ptx 7830 : 73475 454785 0 0 0 0 0 0 0 
_1.ptx 7831 : 73475 450056 0 0 0 0 0 0 0 
_1.ptx 7832 : 73475 451659 0 0 0 0 0 0 0 
_1.ptx 7833 : 73475 449048 0 0 0 0 0 0 0 
_1.ptx 7834 : 73475 452458 0 0 0 0 0 0 0 
_1.ptx 7835 : 73475 448952 0 0 0 0 0 0 0 
_1.ptx 7836 : 73475 452657 0 0 0 0 0 0 0 
_1.ptx 7837 : 73475 449751 0 0 0 0 0 0 0 
_1.ptx 7838 : 73475 452208 0 0 0 0 0 0 0 
_1.ptx 7839 : 73475 448661 0 0 0 0 0 0 0 
_1.ptx 7840 : 73475 450857 0 0 0 0 0 0 0 
_1.ptx 7842 : 21953 133330 0 0 0 0 0 0 0 
_1.ptx 7843 : 21953 134452 0 0 0 0 0 0 0 
_1.ptx 7844 : 21953 133920 0 0 0 0 0 0 0 
_1.ptx 7845 : 21953 134460 0 0 0 0 0 0 0 
_1.ptx 7846 : 21953 134257 0 0 0 0 0 0 0 
_1.ptx 7847 : 21953 134721 0 0 0 0 0 0 0 
_1.ptx 7848 : 21953 134155 0 0 0 0 0 0 0 
_1.ptx 7849 : 21953 134280 0 0 0 0 0 0 0 
_1.ptx 7850 : 21953 134033 0 0 0 0 0 0 0 
_1.ptx 7851 : 21953 134239 0 0 0 0 0 0 0 
_1.ptx 7852 : 21953 133947 0 0 0 0 0 0 0 
_1.ptx 7854 : 103 618 0 0 0 0 0 0 0 
_1.ptx 7855 : 103 625 0 0 0 0 0 0 0 
_1.ptx 7856 : 103 618 0 0 0 0 0 0 0 
_1.ptx 7857 : 103 635 0 0 0 0 0 0 0 
_1.ptx 7858 : 103 625 0 0 0 0 0 0 0 
_1.ptx 7859 : 103 618 0 0 0 0 0 0 0 
_1.ptx 7860 : 103 621 0 0 0 0 0 0 0 
_1.ptx 7861 : 103 632 0 0 0 0 0 0 0 
_1.ptx 7862 : 103 618 0 0 0 0 0 0 0 
_1.ptx 7863 : 103 628 0 0 0 0 0 0 0 
_1.ptx 3793 : 16384 99072 0 0 0 0 0 0 0 
_1.ptx 3794 : 16384 99456 0 0 0 0 0 0 0 
_1.ptx 3795 : 16384 245568 0 0 0 0 0 0 0 
_1.ptx 3796 : 16384 2442880 128 0 0 0 0 0 0 
_1.ptx 3797 : 16384 180800 0 0 0 0 0 0 0 
_1.ptx 8736 : 3529536 25046496 0 0 0 0 0 0 0 
_1.ptx 3798 : 16384 164704 0 0 0 0 0 0 0 
_1.ptx 3799 : 16384 2884896 0 0 0 0 0 0 0 
_1.ptx 8738 : 3529536 99668416 0 110298 110298 0 0 0 0 
_1.ptx 3800 : 16384 115200 0 0 0 0 0 0 0 
_1.ptx 3801 : 16384 98816 0 0 0 0 0 0 0 
_1.ptx 8740 : 3529536 56275424 0 110298 110298 0 0 0 0 
_1.ptx 7917 : 118528 726400 0 0 0 0 0 0 0 
_1.ptx 3802 : 16384 182880 0 0 0 0 0 0 0 
_1.ptx 3803 : 16384 100320 0 0 0 0 0 0 0 
_1.ptx 8742 : 3529536 21596864 0 0 0 0 0 0 0 
_1.ptx 7919 : 118528 0 0 0 0 0 0 0 0 
_1.ptx 3804 : 16384 182112 0 0 0 0 0 0 0 
_1.ptx 8743 : 3529536 21408712 0 0 0 0 0 0 55149 
_1.ptx 7920 : 118528 727808 0 0 0 0 0 0 0 
_1.ptx 3805 : 16384 168128 0 0 0 0 0 0 0 
_1.ptx 8744 : 55149 338123 0 0 0 0 0 0 0 
_1.ptx 7921 : 118528 730944 0 0 0 0 0 0 0 
_1.ptx 3806 : 16384 236576 0 0 0 0 0 0 0 
_1.ptx 8745 : 55149 445050 0 0 0 0 0 0 0 
_1.ptx 7922 : 118528 1381984 0 0 0 0 0 0 0 
_1.ptx 3807 : 16384 133280 0 0 0 0 0 0 0 
_1.ptx 8746 : 55149 0 0 0 0 0 0 0 0 
_1.ptx 7923 : 118528 853824 0 0 0 0 0 0 0 
_1.ptx 3808 : 16384 101824 0 0 0 0 0 0 0 
_1.ptx 8747 : 55149 556406 0 0 0 0 0 0 0 
_1.ptx 7924 : 118528 3043264 0 0 0 0 0 0 0 
_1.ptx 8748 : 55149 341338 0 0 0 0 0 0 0 
_1.ptx 7925 : 118528 1336512 0 0 0 0 0 0 0 
_1.ptx 8749 : 55149 336341 0 0 0 0 0 0 0 
_1.ptx 7926 : 118528 761216 0 0 0 0 0 0 0 
_1.ptx 8750 : 55149 391619 0 0 0 0 0 0 0 
_1.ptx 7927 : 118528 1414496 0 0 0 0 0 0 0 
_1.ptx 7928 : 118528 1426016 0 0 0 0 0 0 0 
_1.ptx 7929 : 118528 1331424 0 0 0 0 0 0 0 
_1.ptx 7930 : 118528 1318048 0 0 0 0 0 0 0 
_1.ptx 3815 : 16384 101152 0 0 0 0 0 0 0 
_1.ptx 8754 : 3474387 38406896 0 0 0 0 0 0 0 
_1.ptx 7931 : 118528 1326560 0 0 0 0 0 0 0 
_1.ptx 3816 : 16384 133088 0 0 0 0 0 0 0 
_1.ptx 8755 : 3474387 71878410 0 3474387 3474387 0 0 0 0 
_1.ptx 7932 : 118528 1320416 0 0 0 0 0 0 0 
_1.ptx 3817 : 16384 75104 0 0 0 0 0 0 256 
_1.ptx 8756 : 3474387 28007933 0 0 0 0 0 0 0 
_1.ptx 7933 : 118528 971200 0 0 0 0 0 0 0 
_1.ptx 3818 : 4096 45680 0 0 0 0 0 0 0 
_1.ptx 8757 : 3474387 1025434 0 0 0 0 0 0 0 
_1.ptx 7934 : 118528 743328 0 0 0 0 0 0 0 
_1.ptx 3819 : 4096 109248 0 0 0 0 0 0 0 
_1.ptx 8758 : 3306066 26659532 0 0 0 0 0 0 0 
_1.ptx 7935 : 118528 750240 0 0 0 0 0 0 0 
_1.ptx 3820 : 4096 119264 0 0 0 0 0 0 0 
_1.ptx 8759 : 3306066 18667489 0 0 0 0 0 0 0 
_1.ptx 7936 : 118528 734560 0 0 0 0 0 0 0 
_1.ptx 3821 : 4096 52816 0 0 0 0 0 0 0 
_1.ptx 8760 : 241381 2672042 0 0 0 0 0 0 0 
_1.ptx 7937 : 118528 741056 0 0 0 0 0 0 0 
_1.ptx 3822 : 4096 28752 0 0 0 0 0 0 0 
_1.ptx 8761 : 241381 4848401 0 241381 241381 0 0 0 0 
_1.ptx 7938 : 118528 733376 0 0 0 0 0 0 0 
_1.ptx 3823 : 4096 47552 0 0 0 0 0 0 0 
_1.ptx 8762 : 241381 3890188 0 241381 241381 0 0 0 0 
_1.ptx 7939 : 118528 742272 0 0 0 0 0 0 0 
_1.ptx 3824 : 4096 45296 0 0 0 0 0 0 0 
_1.ptx 8763 : 241381 1951915 0 0 0 0 0 0 0 
_1.ptx 7940 : 118528 734368 0 0 0 0 0 0 0 
_1.ptx 3825 : 4096 24976 0 0 0 0 0 0 0 
_1.ptx 8764 : 241381 1469627 0 0 0 0 0 0 0 
_1.ptx 7941 : 118528 741568 0 0 0 0 0 0 0 
_1.ptx 3826 : 4096 35360 0 0 0 0 0 0 0 
_1.ptx 7942 : 118528 731072 0 0 0 0 0 0 0 
_1.ptx 3827 : 4096 29744 0 0 0 0 0 0 0 
_1.ptx 7943 : 118528 736736 0 0 0 0 0 0 0 
_1.ptx 3828 : 4096 24992 0 0 0 0 0 0 0 
_1.ptx 8767 : 168321 1863337 0 0 0 0 0 0 0 
_1.ptx 7944 : 118528 728480 0 0 0 0 0 0 0 
_1.ptx 3829 : 4096 24608 0 0 0 0 0 0 0 
_1.ptx 8768 : 168321 3095405 0 168321 168321 0 0 0 0 
_1.ptx 7945 : 118528 734176 0 0 0 0 0 0 0 
_1.ptx 3830 : 4096 47152 0 0 0 0 0 0 0 
_1.ptx 7946 : 118528 727296 0 0 0 0 0 0 0 
_1.ptx 3831 : 4096 65280 0 0 0 0 0 0 0 
_1.ptx 7947 : 118528 732160 0 0 0 0 0 0 0 
_1.ptx 3832 : 4096 28944 0 0 0 0 0 0 0 
_1.ptx 8771 : 168321 1201357 0 0 0 0 0 0 0 
_1.ptx 3833 : 4096 44464 0 0 0 0 0 0 0 
_1.ptx 3834 : 4096 45552 0 0 0 0 0 0 0 
_1.ptx 8773 : 168321 1229174 0 168321 168321 0 0 0 0 
_1.ptx 7950 : 3529536 25598208 0 0 0 0 0 0 0 
_1.ptx 3835 : 4096 24864 0 0 0 0 0 0 0 
_1.ptx 7951 : 3529536 22313568 0 0 0 0 0 0 0 
_1.ptx 3836 : 4096 24784 0 0 0 0 0 0 0 
_1.ptx 7952 : 3529536 28737344 0 0 0 0 0 0 0 
_1.ptx 8776 : 3474387 35119090 0 0 0 0 0 0 0 
_1.ptx 7953 : 3529536 6909526 0 0 0 0 0 0 98795 
_1.ptx 8777 : 3474387 35350891 0 0 0 0 0 0 0 
_1.ptx 3839 : 4096 0 0 0 0 0 0 0 0 
_1.ptx 8778 : 3474387 28063688 0 0 0 0 0 0 0 
_1.ptx 7955 : 2404788 17223016 0 0 0 0 0 0 0 
_1.ptx 3840 : 4096 28704 0 0 0 0 0 0 0 
_1.ptx 8779 : 3474387 20861968 0 0 0 0 0 0 0 
_1.ptx 7956 : 2404788 26744765 0 0 0 0 0 0 0 
_1.ptx 3841 : 4096 53792 0 0 0 0 0 0 0 
_1.ptx 7957 : 2404788 807634384 14170752 0 0 735774 107137 0 0 
_1.ptx 3842 : 4096 61664 0 0 0 0 0 0 0 
_1.ptx 8781 : 55149 444922 0 0 0 0 0 0 0 
_1.ptx 7958 : 2404788 14705726 0 0 0 0 0 0 0 
_1.ptx 3843 : 4096 45232 0 0 0 0 0 0 0 
_1.ptx 8782 : 55149 325434 0 0 0 0 0 0 0 
_1.ptx 7959 : 2404788 19438982 0 0 0 0 0 0 0 
_1.ptx 3844 : 4096 29504 0 0 0 0 0 0 0 
_1.ptx 7960 : 2404788 265678 0 0 0 0 0 0 43682 
_1.ptx 3845 : 4096 45168 0 0 0 0 0 0 0 
_1.ptx 8784 : 1852 11201 0 0 0 0 0 0 0 
_1.ptx 7961 : 2361052 67095082 0 0 0 0 0 0 0 
_1.ptx 3846 : 4096 30336 0 0 0 0 0 0 0 
_1.ptx 8785 : 1852 39908 0 1852 1852 0 0 0 0 
_1.ptx 7962 : 2361052 26191236 0 0 0 0 0 0 0 
_1.ptx 3847 : 4096 42304 0 0 0 0 0 0 0 
_1.ptx 7963 : 2361052 489530582 513408 0 0 729311 107083 0 0 
_1.ptx 3848 : 4096 45216 0 0 0 0 0 0 0 
_1.ptx 7964 : 2361052 14355868 0 0 0 0 0 0 0 
_1.ptx 3849 : 4096 25232 0 0 0 0 0 0 0 
_1.ptx 7965 : 2361052 19086047 0 0 0 0 0 0 0 
_1.ptx 3850 : 4096 28880 0 0 0 0 0 0 0 
_1.ptx 8789 : 3529536 21515008 0 0 0 0 0 0 0 
_1.ptx 7966 : 2361052 14363931 0 0 0 0 0 0 0 
_1.ptx 8791 : 3529536 63810336 0 110298 110298 0 0 0 0 
_1.ptx 7968 : 43736 265658 0 0 0 0 0 0 0 
_1.ptx 8792 : 3529536 21484224 0 0 0 0 0 0 0 
_1.ptx 7969 : 43736 266423 0 0 0 0 0 0 0 
_1.ptx 3854 : 561152 5614880 0 0 0 0 0 0 0 
_1.ptx 8793 : 3529536 28923040 0 0 0 0 0 0 0 
_1.ptx 7970 : 43736 265465 0 0 0 0 0 0 0 
_1.ptx 3855 : 561152 340662848 2711552 0 0 561152 35072 0 0 
_1.ptx 8794 : 3529536 726144 0 0 0 0 0 0 0 
_1.ptx 3856 : 561152 3373536 0 0 0 0 0 0 0 
_1.ptx 8795 : 3411008 20860562 0 0 0 0 0 0 53297 
_1.ptx 7972 : 2361052 141288053 0 0 0 0 0 0 0 
_1.ptx 3857 : 561152 4490400 0 0 0 0 0 0 0 
_1.ptx 7973 : 2361052 14363301 0 0 0 0 0 0 0 
_1.ptx 3858 : 561152 5057856 0 0 0 0 0 0 0 
_1.ptx 8797 : 53297 328858 0 0 0 0 0 0 0 
_1.ptx 7974 : 2361052 19141428 0 0 0 0 0 0 0 
_1.ptx 3859 : 561152 5627008 0 0 0 0 0 0 0 
_1.ptx 8798 : 53297 382746 0 0 0 0 0 0 0 
_1.ptx 7975 : 2361052 14434598 0 0 0 0 0 0 0 
_1.ptx 3860 : 561152 5619344 0 0 0 0 0 0 0 
_1.ptx 8799 : 53297 590210 0 0 0 0 0 0 0 
_1.ptx 3861 : 561152 4494720 0 0 0 0 0 0 0 
_1.ptx 8800 : 53297 857151 498656 0 0 53297 53297 0 0 
_1.ptx 3862 : 561152 3344768 0 0 0 0 0 0 0 
_1.ptx 3863 : 4096 24608 0 0 0 0 0 0 0 
_1.ptx 8803 : 3411008 24796480 0 0 0 0 0 0 0 
_1.ptx 8805 : 3411008 35469600 0 0 0 0 0 0 0 
_1.ptx 8806 : 3411008 22443392 0 0 0 0 0 0 0 
_1.ptx 3868 : 4096 28848 0 0 0 0 0 0 0 
_1.ptx 3869 : 4096 41600 0 0 0 0 0 0 0 
_1.ptx 3870 : 4096 45216 0 0 0 0 0 0 0 
_1.ptx 8809 : 118528 729216 0 0 0 0 0 0 0 
_1.ptx 3871 : 4096 208848 8768 0 0 256 256 0 0 
_1.ptx 3872 : 4096 46048 0 0 0 0 0 0 0 
_1.ptx 3873 : 4096 45088 0 0 0 0 0 0 0 
_1.ptx 8812 : 3529536 21992768 0 0 0 0 0 0 0 
_1.ptx 3874 : 4096 45152 0 0 0 0 0 0 0 
_1.ptx 3875 : 4096 32848 0 0 0 0 0 0 0 
_1.ptx 8814 : 3529536 28641664 0 0 0 0 0 0 0 
_1.ptx 3876 : 4096 0 0 0 0 0 0 0 0 
_1.ptx 8815 : 3529536 0 0 0 0 0 0 0 0 
_1.ptx 8816 : 3529536 21984544 0 0 0 0 0 0 0 
_1.ptx 7993 : 2361052 112141375 0 0 0 0 0 0 0 
_1.ptx 8817 : 3529536 28646816 0 0 0 0 0 0 0 
_1.ptx 7994 : 2361052 27304803 0 0 0 0 0 0 0 
_1.ptx 3879 : 16384 98400 0 0 0 0 0 0 0 
_1.ptx 8818 : 3529536 21006400 0 0 0 0 0 0 0 
_1.ptx 7995 : 2361052 26194494 0 0 0 0 0 0 0 
_1.ptx 8819 : 118528 735040 0 0 0 0 0 0 0 
_1.ptx 7996 : 2361052 17006665 0 0 0 0 0 0 0 
_1.ptx 7997 : 2361052 24390274 0 0 0 0 0 0 0 
_1.ptx 7998 : 2361052 26201932 0 0 0 0 0 0 0 
_1.ptx 7999 : 2361052 1993964079 254229248 0 0 2361052 107083 0 0 
_1.ptx 8824 : 118528 853504 0 0 0 0 0 0 0 
_1.ptx 8001 : 2361052 18973953 0 0 0 0 0 0 0 
_1.ptx 8825 : 118528 743488 0 0 0 0 0 0 0 
_1.ptx 8002 : 2361052 21364046 0 0 0 0 0 0 0 
_1.ptx 8003 : 2361052 18978311 0 0 0 0 0 0 0 
_1.ptx 8004 : 2361052 5971102 0 0 0 0 0 0 89585 
_1.ptx 8005 : 1371911 9694389 0 0 0 0 0 0 0 
_1.ptx 8006 : 1371911 9717881 0 0 0 0 0 0 0 
_1.ptx 8007 : 1371911 8314095 0 0 0 0 0 0 0 
_1.ptx 8009 : 989141 5966914 0 0 0 0 0 0 0 
_1.ptx 8010 : 989141 5979943 0 0 0 0 0 0 0 
_1.ptx 8012 : 1124748 6878444 0 0 0 0 0 0 0 
_1.ptx 8015 : 3529536 21317568 0 0 0 0 0 0 0 
_1.ptx 8016 : 3529536 28397568 0 0 0 0 0 0 0 
_1.ptx 8017 : 3529536 16139856 0 0 0 0 0 0 50512 
_1.ptx 8019 : 859330 6059643 0 0 0 0 0 0 0 
_1.ptx 8020 : 859330 9479902 0 0 0 0 0 0 0 
_1.ptx 8021 : 859330 360094227 6131456 0 0 307763 52709 0 0 
_1.ptx 8022 : 859330 5197420 0 0 0 0 0 0 0 
_1.ptx 8023 : 859330 6923707 0 0 0 0 0 0 0 
_1.ptx 8024 : 859330 57713 0 0 0 0 0 0 9498 
_1.ptx 8025 : 849797 42063064 0 0 0 0 0 0 0 
_1.ptx 8026 : 849797 9420177 0 0 0 0 0 0 0 
_1.ptx 8027 : 849797 204628807 293760 0 0 306404 52674 0 0 
_1.ptx 8028 : 849797 5158863 0 0 0 0 0 0 0 
_1.ptx 8029 : 849797 6858474 0 0 0 0 0 0 0 
_1.ptx 8030 : 849797 5163098 0 0 0 0 0 0 0 
_1.ptx 8032 : 9533 57714 0 0 0 0 0 0 0 
_1.ptx 8033 : 9533 57966 0 0 0 0 0 0 0 
_1.ptx 8035 : 849797 30022323 0 0 0 0 0 0 0 
_1.ptx 8036 : 849797 5159397 0 0 0 0 0 0 0 
_1.ptx 8037 : 849797 6869261 0 0 0 0 0 0 0 
_1.ptx 8038 : 849797 5182797 0 0 0 0 0 0 0 
_1.ptx 8056 : 849797 20282469 0 0 0 0 0 0 0 
_1.ptx 8057 : 849797 9692415 0 0 0 0 0 0 0 
_1.ptx 8058 : 849797 9418665 0 0 0 0 0 0 0 
_1.ptx 8059 : 849797 6084742 0 0 0 0 0 0 0 
_1.ptx 8060 : 849797 8947065 0 0 0 0 0 0 0 
_1.ptx 8061 : 849797 9416925 0 0 0 0 0 0 0 
_1.ptx 8062 : 849797 621254573 91232768 0 0 849797 52674 0 0 
_1.ptx 8064 : 849797 6842201 0 0 0 0 0 0 0 
_1.ptx 8065 : 849797 7704019 0 0 0 0 0 0 0 
_1.ptx 8066 : 849797 6849953 0 0 0 0 0 0 0 
_1.ptx 8067 : 849797 3185437 0 0 0 0 0 0 44350 
_1.ptx 8068 : 323686 2293019 0 0 0 0 0 0 0 
_1.ptx 8069 : 323686 2305639 0 0 0 0 0 0 0 
_1.ptx 8073 : 3529536 21462656 0 0 0 0 0 0 0 
_1.ptx 8074 : 3529536 28435104 0 0 0 0 0 0 0 
_1.ptx 8075 : 3529536 21335208 0 0 0 0 0 0 1084 
_1.ptx 8077 : 4305 30483 0 0 0 0 0 0 0 
_1.ptx 8078 : 4305 47534 0 0 0 0 0 0 0 
_1.ptx 8079 : 4305 695652 7296 0 0 1280 1084 0 0 
_1.ptx 8080 : 4305 26094 0 0 0 0 0 0 0 
_1.ptx 8081 : 4305 34598 0 0 0 0 0 0 0 
_1.ptx 8082 : 4305 170 0 0 0 0 0 0 28 
_1.ptx 8083 : 4277 137603 0 0 0 0 0 0 0 
_1.ptx 8084 : 4277 47383 0 0 0 0 0 0 0 
_1.ptx 8085 : 4277 343753 128 0 0 1280 1084 0 0 
_1.ptx 8086 : 4277 26007 0 0 0 0 0 0 0 
_1.ptx 8087 : 4277 34466 0 0 0 0 0 0 0 
_1.ptx 8088 : 4277 26073 0 0 0 0 0 0 0 
_1.ptx 8090 : 28 169 0 0 0 0 0 0 0 
_1.ptx 8091 : 28 169 0 0 0 0 0 0 0 
_1.ptx 8093 : 4277 84003 0 0 0 0 0 0 0 
_1.ptx 8094 : 4277 25952 0 0 0 0 0 0 0 
_1.ptx 8095 : 4277 34485 0 0 0 0 0 0 0 
_1.ptx 8096 : 4277 26070 0 0 0 0 0 0 0 
_1.ptx 8114 : 4277 131363 0 0 0 0 0 0 0 
_1.ptx 8115 : 4277 47224 0 0 0 0 0 0 0 
_1.ptx 8116 : 4277 47282 0 0 0 0 0 0 0 
_1.ptx 8117 : 4277 30398 0 0 0 0 0 0 0 
_1.ptx 8118 : 4277 43047 0 0 0 0 0 0 0 
_1.ptx 8119 : 4277 47356 0 0 0 0 0 0 0 
_1.ptx 8120 : 4277 1673257 490496 0 0 4277 1084 0 0 
_1.ptx 8122 : 4277 34578 0 0 0 0 0 0 0 
_1.ptx 8123 : 4277 38933 0 0 0 0 0 0 0 
_1.ptx 8124 : 4277 34459 0 0 0 0 0 0 0 
_1.ptx 8125 : 4277 22583 0 0 0 0 0 0 440 
_1.ptx 8126 : 568 4018 0 0 0 0 0 0 0 
_1.ptx 8127 : 568 4057 0 0 0 0 0 0 0 
_1.ptx 8131 : 3529536 21348000 0 0 0 0 0 0 0 
_1.ptx 8132 : 3529536 28408384 0 0 0 0 0 0 0 
_1.ptx 8133 : 3529536 21358944 0 0 0 0 0 0 0 
_1.ptx 8189 : 3529536 21358304 0 0 0 0 0 0 0 
_1.ptx 8190 : 3529536 28559808 0 0 0 0 0 0 0 
_1.ptx 8191 : 3529536 21380384 0 0 0 0 0 0 0 
