kernel line : count latency dram_traffic smem_bk_conflicts smem_warp gmem_access_generated gmem_warp exposed_latency warp_divergence
_1.ptx 206 : 1048576 4727104 0 0 0 0 0 0 0 
_1.ptx 207 : 1048576 14757248 0 0 0 0 0 0 0 
_1.ptx 208 : 1048576 13973056 0 0 0 0 0 0 0 
_1.ptx 209 : 1048576 10879936 0 0 0 0 0 0 0 
_1.ptx 210 : 1048576 10873664 0 0 0 0 0 0 0 
_1.ptx 211 : 1048576 10934944 0 0 0 0 0 0 0 
_1.ptx 212 : 1048576 14654880 0 0 0 0 0 0 0 
_1.ptx 213 : 1048576 13867648 0 0 0 0 0 0 0 
_1.ptx 214 : 1048576 11294880 0 0 0 0 0 0 0 
_1.ptx 215 : 1048576 14863872 0 0 0 0 0 0 0 
_1.ptx 216 : 1048576 15873632 0 0 0 0 0 0 0 
_1.ptx 217 : 1048576 5706400 0 0 0 0 0 0 0 
_1.ptx 218 : 1048576 14524448 0 0 0 0 0 0 0 
_1.ptx 219 : 1048576 14548288 0 0 0 0 0 0 0 
_1.ptx 220 : 1048576 5506528 0 0 0 0 0 0 0 
_1.ptx 221 : 1048576 14135808 0 0 0 0 0 0 0 
_1.ptx 222 : 1048576 14761184 0 0 0 0 0 0 0 
_1.ptx 223 : 1048576 11174080 0 0 0 0 0 0 0 
_1.ptx 224 : 1048576 12877760 0 0 0 0 0 0 0 
_1.ptx 225 : 1048576 14414784 0 0 0 0 0 0 0 
_1.ptx 226 : 1048576 14490336 0 0 0 0 0 0 0 
_1.ptx 227 : 1048576 14286720 0 0 0 0 0 0 0 
_1.ptx 228 : 1048576 10592416 0 0 0 0 0 0 0 
_1.ptx 229 : 1048576 12425216 0 0 0 0 0 0 0 
_1.ptx 230 : 1048576 7151168 0 0 0 0 0 0 0 
_1.ptx 231 : 1048576 14301760 0 0 0 0 0 0 0 
_1.ptx 232 : 1048576 6818240 0 0 0 0 0 0 0 
_1.ptx 233 : 1048576 14435424 0 0 0 0 0 0 0 
_1.ptx 234 : 1048576 434620416 4456576 0 0 65536 32768 0 0 
_1.ptx 235 : 1048576 12289088 0 0 0 0 0 0 0 
_1.ptx 236 : 1048576 488506464 4456576 0 0 65536 32768 0 0 
_1.ptx 237 : 1048576 13075200 0 0 0 0 0 0 0 
_1.ptx 238 : 1048576 12462688 0 0 0 0 0 0 0 
_1.ptx 239 : 1048576 19574912 0 0 0 0 0 0 0 
_1.ptx 240 : 1048576 235939232 262272 0 0 34816 32768 0 0 
_1.ptx 241 : 1048576 12044640 0 0 0 0 0 0 0 
_1.ptx 242 : 1048576 9441600 384 0 0 32768 32768 0 0 
_1.ptx 243 : 1048576 12745184 0 0 0 0 0 0 0 
_1.ptx 244 : 1048576 12749024 0 0 0 0 0 0 0 
_1.ptx 245 : 1048576 22347648 0 0 0 0 0 0 0 
_1.ptx 246 : 1048576 26677376 0 0 0 0 0 0 0 
_1.ptx 247 : 1048576 25818112 0 0 0 0 0 0 0 
_1.ptx 248 : 1048576 15505792 0 0 0 0 0 0 0 
_1.ptx 249 : 1048576 11296608 0 0 0 65536 32768 0 0 
_1.ptx 251 : 1048576 48735360 0 0 0 65536 32768 0 0 
_1.ptx 252 : 1048576 13415584 0 0 0 0 0 0 0 
_1.ptx 253 : 1048576 12621920 0 0 0 0 0 0 0 
_1.ptx 254 : 1048576 20566400 0 0 0 0 0 0 0 
_1.ptx 255 : 1048576 9537600 0 0 0 34816 32768 0 0 
_1.ptx 256 : 1048576 14788064 0 0 0 0 0 0 0 
_1.ptx 257 : 1048576 8316576 0 0 0 32768 32768 0 0 
_1.ptx 258 : 1048576 13710176 0 0 0 0 0 0 0 
_1.ptx 259 : 1048576 12964032 0 0 0 0 0 0 0 
_1.ptx 260 : 1048576 20881056 0 0 0 0 0 0 0 
_1.ptx 261 : 1048576 22012032 0 0 0 0 0 0 0 
_1.ptx 262 : 1048576 13786176 0 0 0 0 0 0 0 
_1.ptx 263 : 1048576 12227424 0 0 0 65536 32768 0 0 
_1.ptx 265 : 1048576 12522176 0 0 0 0 0 0 0 
_1.ptx 266 : 1048576 10226208 0 0 0 0 0 0 0 
_1.ptx 67 : 1048576 7722656 0 0 0 0 0 0 0 
_1.ptx 267 : 1048576 11182560 0 0 0 0 0 0 0 
_1.ptx 68 : 1048576 7855328 0 0 0 0 0 0 0 
_1.ptx 268 : 1048576 10423616 0 0 0 0 0 0 0 
_1.ptx 69 : 1048576 9448768 0 0 0 0 0 0 0 
_1.ptx 269 : 1048576 9406624 0 0 0 0 0 0 0 
_1.ptx 70 : 1048576 7580736 0 0 0 0 0 0 0 
_1.ptx 270 : 1048576 10215360 0 0 0 0 0 0 0 
_1.ptx 71 : 1048576 8723008 0 0 0 0 0 0 0 
_1.ptx 271 : 1048576 10065760 0 0 0 0 0 0 0 
_1.ptx 72 : 1048576 7820192 0 0 0 0 0 0 0 
_1.ptx 272 : 1048576 10791488 0 0 0 0 0 0 0 
_1.ptx 73 : 1048576 32080832 0 0 0 0 0 0 0 
_1.ptx 273 : 1048576 9192864 0 0 0 0 0 0 0 
_1.ptx 74 : 1048576 12420064 0 0 0 0 0 0 0 
_1.ptx 274 : 1048576 10576544 0 0 0 0 0 0 0 
_1.ptx 75 : 1048576 7770528 0 0 0 0 0 0 0 
_1.ptx 275 : 1048576 9668288 0 0 0 0 0 0 1 
_1.ptx 76 : 1048576 7508130 0 0 0 0 0 0 32768 
_1.ptx 277 : 16 176 0 0 0 0 0 0 0 
_1.ptx 78 : 65536 477740 128 0 0 0 0 0 0 
_1.ptx 278 : 16 176 0 0 0 0 0 0 0 
_1.ptx 79 : 65536 2017582 0 0 0 0 0 0 0 
_1.ptx 279 : 16 4128 0 0 0 1 1 0 0 
_1.ptx 80 : 65536 769458 0 0 0 0 0 0 0 
_1.ptx 280 : 16 176 0 0 0 0 0 0 0 
_1.ptx 81 : 65536 541536 0 0 0 0 0 0 0 
_1.ptx 281 : 16 2416 0 0 0 1 1 0 0 
_1.ptx 82 : 65536 1917080 0 0 0 0 0 0 0 
_1.ptx 282 : 16 160 0 0 0 0 0 0 0 
_1.ptx 83 : 65536 766002 0 0 0 0 0 0 0 
_1.ptx 283 : 16 192 0 0 0 0 0 0 0 
_1.ptx 84 : 65536 7772832 262272 0 0 34816 32768 0 0 
_1.ptx 284 : 16 272 0 0 0 0 0 0 0 
_1.ptx 85 : 65536 361938 0 32768 32768 0 0 0 0 
_1.ptx 285 : 16 112 0 0 0 1 1 0 0 
_1.ptx 286 : 16 176 0 0 0 0 0 0 0 
_1.ptx 287 : 16 112 0 0 0 0 0 0 0 
_1.ptx 88 : 1048576 7261664 0 0 0 0 0 0 0 
_1.ptx 288 : 16 256 0 0 0 0 0 0 0 
_1.ptx 89 : 1048576 7606016 0 0 0 0 0 0 0 
_1.ptx 289 : 16 272 0 0 0 0 0 0 0 
_1.ptx 290 : 16 160 0 0 0 0 0 0 0 
_1.ptx 91 : 1048576 3454208 0 0 0 0 0 0 0 
_1.ptx 291 : 16 80 0 0 0 1 1 0 0 
_1.ptx 92 : 1048576 11265568 0 0 0 0 0 0 0 
_1.ptx 93 : 1048576 35000608 0 0 0 0 0 0 0 
_1.ptx 293 : 16 80 0 0 0 1 1 0 0 
_1.ptx 94 : 1048576 8491776 0 0 0 0 0 0 0 
_1.ptx 294 : 16 112 0 0 0 0 0 0 0 
_1.ptx 95 : 1048576 34071424 0 0 0 0 0 0 0 
_1.ptx 295 : 16 144 0 0 0 0 0 0 0 
_1.ptx 96 : 1048576 11562336 0 0 0 0 0 0 0 
_1.ptx 296 : 16 240 0 0 0 0 0 0 0 
_1.ptx 97 : 1048576 33012960 0 0 0 0 0 0 0 
_1.ptx 297 : 16 80 0 0 0 1 1 0 0 
_1.ptx 98 : 1048576 12354208 0 0 0 0 0 0 0 
_1.ptx 298 : 16 192 0 0 0 0 0 0 0 
_1.ptx 99 : 1048576 33097024 0 0 0 0 0 0 0 
_1.ptx 299 : 16 192 0 0 0 0 0 0 0 
_1.ptx 100 : 1048576 12378112 0 0 0 0 0 0 0 
_1.ptx 300 : 16 256 0 0 0 0 0 0 0 
_1.ptx 101 : 1048576 32958048 0 0 0 0 0 0 0 
_1.ptx 301 : 16 128 0 0 0 0 0 0 0 
_1.ptx 102 : 1048576 12354592 0 0 0 0 0 0 0 
_1.ptx 302 : 16 96 0 0 0 1 1 0 0 
_1.ptx 103 : 1048576 4114144 0 0 0 0 0 0 0 
_1.ptx 104 : 1048576 12257152 0 0 0 0 0 0 0 
_1.ptx 105 : 1048576 12325536 0 0 0 0 0 0 0 
_1.ptx 305 : 1048576 9994080 0 0 0 0 0 0 0 
_1.ptx 106 : 1048576 8792832 0 0 0 0 0 0 0 
_1.ptx 107 : 1048576 37641376 0 0 0 0 0 0 0 
_1.ptx 108 : 1048576 12332288 0 0 0 0 0 0 0 
_1.ptx 109 : 1048576 306306432 4456576 0 0 65536 32768 0 0 
_1.ptx 110 : 1048576 5945472 0 32768 32768 0 0 0 0 
_1.ptx 112 : 1048576 7425952 0 0 0 0 0 0 0 
_1.ptx 114 : 1048576 9294080 0 32768 32768 0 0 0 0 
_1.ptx 115 : 1048576 9313120 0 32768 32768 0 0 0 0 
_1.ptx 116 : 1048576 12438080 0 0 0 0 0 0 0 
_1.ptx 117 : 1048576 5704320 0 32768 32768 0 0 0 0 
_1.ptx 119 : 1048576 7490656 0 0 0 0 0 0 0 
_1.ptx 121 : 1048576 7860032 0 0 0 0 0 0 0 
_1.ptx 122 : 1048576 51593408 0 0 0 0 0 0 0 
_1.ptx 123 : 1048576 7504672 0 0 0 0 0 0 0 
_1.ptx 124 : 1048576 9125344 0 0 0 0 0 0 0 
_1.ptx 125 : 1048576 0 0 0 0 0 0 0 0 
_1.ptx 126 : 1048576 7459872 0 0 0 0 0 0 0 
_1.ptx 127 : 1048576 7229920 0 0 0 0 0 0 0 
_1.ptx 128 : 1048576 60320320 0 0 0 0 0 0 0 
_1.ptx 129 : 1048576 7037472 0 0 0 0 0 0 0 
_1.ptx 133 : 4194304 51044768 0 0 0 0 0 0 0 
_1.ptx 134 : 4194304 213833440 0 0 0 0 0 0 0 
_1.ptx 135 : 4194304 33012384 0 0 0 0 0 0 0 
_1.ptx 136 : 4194304 36582432 0 0 0 0 0 0 0 
_1.ptx 137 : 4194304 29570368 0 0 0 0 0 0 0 
_1.ptx 138 : 4194304 36554688 0 0 0 0 0 0 0 
_1.ptx 139 : 4194304 22631024 0 0 0 0 0 0 61440 
_1.ptx 141 : 983040 8526240 0 61440 61440 0 0 0 0 
_1.ptx 142 : 983040 7829824 0 0 0 0 0 0 0 
_1.ptx 143 : 983040 7077408 0 0 0 0 0 0 0 
_1.ptx 144 : 983040 8681792 0 0 0 0 0 0 0 
_1.ptx 145 : 983040 11454880 0 0 0 0 0 0 0 
_1.ptx 146 : 983040 8102416 0 0 0 0 0 0 0 
_1.ptx 147 : 983040 11469632 0 0 0 0 0 0 0 
_1.ptx 148 : 983040 8102400 0 0 0 0 0 0 0 
_1.ptx 149 : 983040 33660400 0 0 0 0 0 0 0 
_1.ptx 150 : 983040 11518528 0 0 0 0 0 0 0 
_1.ptx 151 : 983040 28579936 0 0 0 0 0 0 0 
_1.ptx 152 : 983040 11445248 0 0 0 0 0 0 0 
_1.ptx 153 : 983040 8638624 0 61440 61440 0 0 0 0 
_1.ptx 154 : 983040 11385088 0 0 0 0 0 0 0 
_1.ptx 155 : 983040 5466384 0 61440 61440 0 0 0 0 
_1.ptx 158 : 4194304 29513568 0 0 0 0 0 0 0 
_1.ptx 160 : 4194304 45726720 0 0 0 0 0 0 0 
_1.ptx 161 : 4194304 37855424 0 0 0 0 0 0 0 
_1.ptx 162 : 4194304 38604128 0 0 0 0 0 0 0 
_1.ptx 163 : 4194304 24665760 0 0 0 0 0 0 0 
_1.ptx 166 : 1048576 9278272 0 32768 32768 0 0 0 0 
_1.ptx 167 : 1048576 9861888 0 0 0 65536 32768 0 0 
_1.ptx 169 : 1048576 6692704 0 0 0 0 0 0 0 
_1.ptx 170 : 1048576 6694320 0 0 0 0 0 0 32768 
_1.ptx 172 : 65536 1869664 0 0 0 0 0 0 0 
_1.ptx 173 : 65536 786934 0 0 0 0 0 0 0 
_1.ptx 174 : 65536 1962856 0 0 0 0 0 0 0 
_1.ptx 175 : 65536 779524 0 0 0 0 0 0 0 
_1.ptx 176 : 65536 571294 0 32768 32768 0 0 0 0 
_1.ptx 177 : 65536 229692 0 0 0 0 0 0 0 
_1.ptx 178 : 65536 2000012 0 0 0 0 0 0 0 
_1.ptx 179 : 65536 766220 0 0 0 0 0 0 0 
_1.ptx 180 : 65536 561684 0 0 0 0 0 0 0 
_1.ptx 181 : 65536 1982954 0 0 0 0 0 0 0 
_1.ptx 182 : 65536 777324 0 0 0 0 0 0 0 
_1.ptx 183 : 65536 366638 261408 0 0 32768 32768 0 0 
_1.ptx 186 : 1048576 7547328 0 0 0 0 0 0 0 
