kernel line : count latency dram_traffic smem_bk_conflicts smem_warp gmem_access_generated gmem_warp exposed_latency warp_divergence
_1.ptx 1792 : 355762 2147838 0 0 0 0 0 0 0 
_1.ptx 1795 : 2097152 14930080 0 0 0 0 0 0 0 
_1.ptx 1798 : 4194304 26542560 0 0 0 0 0 0 0 
_1.ptx 1799 : 4194304 34307840 0 0 0 0 0 0 0 
_1.ptx 1800 : 4194304 22907903 0 0 0 0 0 0 54062 
_1.ptx 1802 : 556878 3353232 0 0 0 0 0 0 0 
_1.ptx 1803 : 556878 7757244 1792 0 0 0 0 0 0 
_1.ptx 1804 : 556878 5907976 5056 0 0 54062 54062 0 0 
_1.ptx 1806 : 4194304 43721376 0 0 0 0 0 0 0 
_1.ptx 1807 : 4194304 34281184 0 0 0 0 0 0 0 
_1.ptx 1808 : 4194304 13207168 0 0 0 0 0 0 0 
_1.ptx 1811 : 2097152 13138240 0 0 0 0 0 0 0 
_1.ptx 1628 : 2097152 13291168 0 0 0 0 0 0 0 
_1.ptx 1629 : 2097152 13387456 0 0 0 0 0 0 0 
_1.ptx 1630 : 2097152 32747552 0 0 0 0 0 0 0 
_1.ptx 1631 : 2097152 12931776 0 0 0 0 0 0 0 
_1.ptx 1632 : 2097152 362266208 0 0 0 0 0 0 0 
_1.ptx 1633 : 2097152 13056160 0 0 0 0 0 0 0 
_1.ptx 1634 : 2097152 23380096 0 0 0 0 0 0 0 
_1.ptx 1635 : 2097152 24891648 0 0 0 0 0 0 0 
_1.ptx 1636 : 2097152 15617120 0 0 0 0 0 0 0 
_1.ptx 1637 : 2097152 21689632 0 0 0 0 0 0 0 
_1.ptx 1638 : 2097152 24891200 0 0 0 0 0 0 0 
_1.ptx 1639 : 2097152 17357632 0 0 0 0 0 0 0 
_1.ptx 1640 : 2097152 0 0 0 0 0 0 0 0 
_1.ptx 1641 : 2097152 15522496 0 0 0 0 0 0 0 
_1.ptx 1642 : 2097152 27940224 0 0 0 0 0 0 0 
_1.ptx 1643 : 2097152 13345376 0 0 0 0 0 0 0 
_1.ptx 1644 : 2097152 15520096 0 0 0 0 0 0 0 
_1.ptx 1447 : 1048576 6332224 0 0 0 0 0 0 0 
_1.ptx 1448 : 1048576 6346720 0 0 0 0 0 0 0 
_1.ptx 1648 : 4194304 34484224 0 0 0 0 0 0 0 
_1.ptx 1449 : 1048576 18930528 0 0 0 0 0 0 0 
_1.ptx 1450 : 1048576 6317344 0 0 0 0 0 0 0 
_1.ptx 1649 : 4194304 12851168 0 0 0 0 0 0 0 
_1.ptx 1451 : 1048576 11720192 0 0 0 0 0 0 0 
_1.ptx 1651 : 2097152 13970816 0 0 0 0 0 0 0 
_1.ptx 1452 : 1048576 7222816 128 0 0 0 0 0 0 
_1.ptx 1652 : 2097152 13902400 0 0 0 0 0 0 0 
_1.ptx 1453 : 1048576 8698976 0 0 0 0 0 0 0 
_1.ptx 1454 : 1048576 0 0 0 0 0 0 0 0 
_1.ptx 1655 : 2097152 14926336 0 0 0 0 0 0 0 
_1.ptx 1456 : 1048576 6679648 0 0 0 0 0 0 0 
_1.ptx 1656 : 2097152 21493088 0 0 0 0 0 0 0 
_1.ptx 1457 : 1048576 8725728 0 0 0 0 0 0 0 
_1.ptx 1657 : 2097152 35483456 0 0 0 0 0 0 0 
_1.ptx 1458 : 1048576 7585664 0 0 0 0 0 0 0 
_1.ptx 1658 : 2097152 23260928 0 0 0 0 0 0 0 
_1.ptx 1459 : 1048576 11211488 0 0 0 0 0 0 0 
_1.ptx 1659 : 2097152 835542368 12144512 0 0 131072 65536 0 0 
_1.ptx 1460 : 1048576 11699264 0 0 0 0 0 0 0 
_1.ptx 1660 : 2097152 12754240 0 0 0 0 0 0 0 
_1.ptx 1461 : 1048576 32796704 4194304 0 0 32768 32768 0 0 
_1.ptx 1661 : 2097152 16903200 0 0 0 0 0 0 0 
_1.ptx 1662 : 2097152 2149622 0 0 0 0 0 0 65378 
_1.ptx 1663 : 1741390 12404329 0 0 0 0 0 0 0 
_1.ptx 1464 : 1048576 6440096 0 0 0 0 0 0 0 
_1.ptx 1664 : 1741390 10694260 0 0 0 0 0 0 0 
_1.ptx 1665 : 1741390 10522024 0 0 0 0 0 0 0 
_1.ptx 1666 : 1741390 12331292 0 0 0 0 0 0 0 
_1.ptx 1670 : 16519988 4242674744 35024000 0 0 6075212 4270526 0 0 
_1.ptx 1671 : 16519988 132839962 0 0 0 0 0 0 0 
_1.ptx 1672 : 16519988 0 0 0 0 0 0 0 0 
_1.ptx 1674 : 16519988 99764262 0 0 0 0 0 0 0 
_1.ptx 1675 : 16519988 132873334 0 0 0 0 0 0 0 
_1.ptx 1676 : 16519988 0 0 0 0 0 0 0 0 
_1.ptx 1677 : 16519988 390484336 0 0 0 0 0 0 0 
_1.ptx 1678 : 16519988 182396070 0 0 0 0 0 0 0 
_1.ptx 1679 : 16519988 4642572894 43825024 0 0 6075212 4270526 0 0 
_1.ptx 1680 : 16519988 132795697 0 0 0 0 0 0 0 
_1.ptx 1681 : 16519988 0 0 0 0 0 0 0 0 
_1.ptx 1683 : 16519988 383759018 0 0 0 0 0 0 0 
_1.ptx 1684 : 16519988 116773053 0 0 0 0 0 0 0 
_1.ptx 1685 : 16519988 167161996 0 0 0 0 0 0 0 
_1.ptx 1686 : 16519988 182396962 0 0 0 0 0 0 0 
_1.ptx 1687 : 16519988 4552573902 46797696 0 0 6075212 4270526 0 0 
_1.ptx 1688 : 16519988 99569184 0 0 0 0 0 0 0 
_1.ptx 1708 : 16519988 182301283 0 0 0 0 0 0 0 
_1.ptx 1709 : 16519988 397801558 0 0 0 0 0 0 0 
_1.ptx 1710 : 16519988 167113851 0 0 0 0 0 0 0 
_1.ptx 1711 : 16519988 132914602 0 0 0 0 0 0 0 
_1.ptx 1712 : 16519988 116819964 0 0 0 0 0 0 0 
_1.ptx 1713 : 16519988 116617861 0 0 0 0 0 0 0 
_1.ptx 1714 : 16519988 132888162 0 0 0 0 0 0 0 
_1.ptx 1715 : 16519988 116654793 0 0 0 0 0 0 0 
_1.ptx 1716 : 16519988 132887154 0 0 0 0 0 0 0 
_1.ptx 1717 : 16519988 99485451 0 0 0 0 0 0 0 
_1.ptx 1718 : 16519988 132845359 0 0 0 0 0 0 0 
_1.ptx 1719 : 16519988 0 0 0 0 0 0 0 0 
_1.ptx 1721 : 16519988 396945050 0 0 0 0 0 0 0 
_1.ptx 1722 : 16519988 116551159 0 0 0 0 0 0 0 
_1.ptx 1723 : 16519988 167084533 0 0 0 0 0 0 0 
_1.ptx 1724 : 16519988 182401441 0 0 0 0 0 0 0 
_1.ptx 1725 : 16519988 6567497639 246605184 0 0 13495818 4270526 0 0 
_1.ptx 1726 : 16519988 99578986 0 0 0 0 0 0 0 
_1.ptx 1751 : 16519988 132780942 0 0 0 0 0 0 0 
_1.ptx 1752 : 16519988 99571488 0 0 0 0 0 0 0 
_1.ptx 1758 : 16519988 479534092 0 0 0 0 0 0 0 
_1.ptx 1759 : 16519988 182460443 0 0 0 0 0 0 0 
_1.ptx 1760 : 16519988 4589725793 42465024 0 0 6075212 4270526 0 0 
_1.ptx 1761 : 16519988 166014440 0 0 0 0 0 0 0 
_1.ptx 1762 : 16519988 116840310 0 0 0 0 0 0 0 
_1.ptx 1763 : 16519988 166734046 0 0 0 0 0 0 0 
_1.ptx 1764 : 16519988 182242233 0 0 0 0 0 0 0 
_1.ptx 1765 : 16519988 9276346843 1809721472 0 0 16514380 4270526 0 0 
_1.ptx 1766 : 16519988 132750307 0 0 0 0 0 0 0 
_1.ptx 1767 : 16519988 88193162 0 0 0 0 0 0 880114 
_1.ptx 1769 : 1884875 586210600 616704 0 0 1884856 1162510 0 0 
_1.ptx 1770 : 1884875 13296555 0 0 0 0 0 0 0 
_1.ptx 1771 : 1884875 15138154 0 0 0 0 0 0 0 
_1.ptx 1772 : 1884875 1397 0 0 0 0 0 0 160 
_1.ptx 1774 : 1884643 11344484 0 0 0 0 0 0 0 
_1.ptx 1775 : 1884643 11364595 0 0 0 0 0 0 0 
_1.ptx 1779 : 14635345 88126544 0 0 0 0 0 0 0 
_1.ptx 1782 : 16519988 99563358 0 0 0 0 0 0 0 
_1.ptx 1783 : 16519988 132733836 0 0 0 0 0 0 0 
_1.ptx 1784 : 16519988 88172213 0 0 0 0 0 0 880073 
_1.ptx 1785 : 1884643 11370193 0 0 0 0 0 0 0 
_1.ptx 1787 : 16519988 166037479 0 0 0 0 0 0 0 
_1.ptx 1788 : 16519988 132764949 0 0 0 0 0 0 0 
_1.ptx 1789 : 16519988 89061595 0 0 0 0 0 0 807948 
_1.ptx 1790 : 1741390 10520440 0 0 0 0 0 0 0 
