kernel line : count latency dram_traffic smem_bk_conflicts smem_warp gmem_access_generated gmem_warp exposed_latency warp_divergence
_2.ptx 995 : 4718592 40842144 0 0 0 0 0 0 0 
_2.ptx 996 : 4718592 26692813 0 0 0 0 0 0 10240 
_2.ptx 998 : 1046528 7545672 0 0 0 0 0 0 0 
_2.ptx 999 : 1046528 8778723 0 0 0 0 0 0 0 
_2.ptx 1000 : 1046528 8869419 0 0 0 0 0 0 0 
_2.ptx 1001 : 1046528 12081352 0 0 0 0 0 0 0 
_2.ptx 1002 : 1046528 11607085 0 0 0 0 0 0 0 
_2.ptx 1003 : 1046528 8627506 0 0 0 0 0 0 0 
_2.ptx 1004 : 1046528 12137018 0 0 0 0 0 0 0 
_2.ptx 1005 : 1046528 8449485 0 0 0 0 0 0 0 
_2.ptx 1006 : 1046528 12271465 0 0 0 0 0 0 0 
_2.ptx 1007 : 1046528 12026484 0 0 0 0 0 0 0 
_2.ptx 1008 : 1046528 10178179 0 69632 40960 0 0 0 0 
_2.ptx 1010 : 1046528 11952413 0 0 0 0 0 0 0 
_2.ptx 1011 : 1046528 11440355 0 0 0 0 0 0 0 
_2.ptx 1012 : 1046528 8636534 0 0 0 0 0 0 0 
_2.ptx 1013 : 1046528 12226247 0 0 0 0 0 0 0 
_2.ptx 1014 : 1046528 8540562 0 0 0 0 0 0 0 
_2.ptx 1015 : 1046528 11821311 0 0 0 0 0 0 0 
_2.ptx 1016 : 1046528 12071722 0 0 0 0 0 0 0 
_2.ptx 1017 : 1046528 10855478 0 69632 40960 0 0 0 0 
_2.ptx 1018 : 1046528 7715985 0 69632 40960 0 0 0 0 
_2.ptx 1020 : 1046528 11872127 0 69632 40960 0 0 0 0 
_2.ptx 1021 : 1046528 11848036 0 0 0 0 0 0 0 
_2.ptx 1022 : 1046528 7261424 0 69632 40960 0 0 0 0 
_2.ptx 1025 : 4718592 55616032 0 0 0 0 0 0 0 
_2.ptx 1026 : 4718592 40531520 0 0 0 0 0 0 0 
_2.ptx 1027 : 4718592 29850368 0 0 0 0 0 0 0 
_3.ptx 828 : 1048576 6389152 0 0 0 0 0 0 0 
_3.ptx 829 : 1048576 6410016 0 0 0 0 0 0 0 
_3.ptx 830 : 1048576 11854592 0 0 0 0 0 0 0 
_2.ptx 1030 : 524288 3602528 0 0 0 0 0 0 0 
_3.ptx 831 : 1048576 6369824 0 0 0 0 0 0 0 
_3.ptx 832 : 1048576 11639392 0 0 0 0 0 0 0 
_2.ptx 1032 : 524288 2267744 0 0 0 0 0 0 0 
_3.ptx 833 : 1048576 6365600 0 0 0 0 0 0 0 
_2.ptx 1033 : 524288 5711680 0 32768 16384 0 0 0 0 
_3.ptx 834 : 1048576 11842752 0 0 0 0 0 0 0 
_2.ptx 1034 : 524288 5851072 0 0 0 0 0 0 0 
_3.ptx 835 : 1048576 6369056 0 0 0 0 0 0 0 
_2.ptx 1035 : 524288 3210464 2097152 0 0 16384 16384 0 0 
_3.ptx 836 : 1048576 11590112 0 0 0 0 0 0 0 
_3.ptx 837 : 1048576 5124064 128 0 0 0 0 0 0 
_2.ptx 1037 : 524288 5487072 0 32768 16384 0 0 0 0 
_3.ptx 838 : 1048576 5134336 0 0 0 0 0 0 0 
_2.ptx 1038 : 524288 5858528 0 0 0 0 0 0 0 
_3.ptx 839 : 1048576 11826112 0 0 0 0 0 0 0 
_2.ptx 1039 : 524288 2977984 2097152 0 0 16384 16384 0 0 
_3.ptx 840 : 1048576 8471616 0 0 0 0 0 0 0 
_3.ptx 841 : 1048576 6360960 0 0 0 0 0 0 0 
_2.ptx 1041 : 524288 3386048 0 0 0 0 0 0 0 
_3.ptx 845 : 1048576 11843392 0 0 0 0 0 0 0 
_3.ptx 846 : 1048576 11899616 0 0 0 0 0 0 0 
_3.ptx 847 : 1048576 6360160 0 0 0 0 0 0 0 
_3.ptx 848 : 1048576 11620928 0 0 0 0 0 0 0 
_3.ptx 849 : 1048576 7508384 0 0 0 0 0 0 0 
_3.ptx 850 : 1048576 11868480 0 0 0 0 0 0 0 
_3.ptx 851 : 1048576 10588800 0 0 0 0 0 0 0 
_3.ptx 852 : 1048576 11886912 0 0 0 0 0 0 0 
_3.ptx 853 : 1048576 8481920 0 0 0 0 0 0 0 
_3.ptx 854 : 1048576 9513952 0 0 0 0 0 0 0 
_3.ptx 855 : 1048576 8496128 0 0 0 0 0 0 0 
_3.ptx 856 : 1048576 0 0 0 0 0 0 0 0 
_3.ptx 857 : 1048576 7432320 0 0 0 0 0 0 0 
_3.ptx 858 : 1048576 10830336 0 0 0 0 0 0 0 
_3.ptx 859 : 1048576 3248320 0 0 0 0 0 0 0 
_3.ptx 860 : 1048576 11601504 0 0 0 0 0 0 0 
_3.ptx 861 : 1048576 3241856 0 0 0 0 0 0 0 
_3.ptx 862 : 1048576 11597344 0 0 0 0 0 0 0 
_3.ptx 863 : 1048576 3238304 0 0 0 0 0 0 0 
_3.ptx 864 : 1048576 11595680 0 0 0 0 0 0 0 
_3.ptx 868 : 1048576 329785792 4194304 0 0 32768 32768 0 0 
_3.ptx 869 : 1048576 10586432 0 0 0 0 0 0 0 
_2.ptx 869 : 524288 3431456 0 0 0 0 0 0 0 
_3.ptx 870 : 1048576 6037728 0 0 0 32768 32768 0 0 
_2.ptx 870 : 524288 1663680 0 0 0 0 0 0 0 
_2.ptx 871 : 524288 3431136 0 0 0 0 0 0 0 
_3.ptx 872 : 1048576 329286752 4194304 0 0 32768 32768 0 0 
_2.ptx 872 : 524288 4390912 0 0 0 0 0 0 0 
_3.ptx 873 : 1048576 10571616 0 0 0 0 0 0 0 
_2.ptx 873 : 524288 0 0 0 0 0 0 0 0 
_3.ptx 874 : 1048576 5338592 0 0 0 32768 32768 0 0 
_2.ptx 874 : 524288 3536288 0 0 0 0 0 0 0 
_2.ptx 875 : 524288 3983680 0 0 0 0 0 0 0 
_3.ptx 876 : 1048576 332402560 4194304 0 0 32768 32768 0 0 
_2.ptx 876 : 524288 4417472 0 0 0 0 0 0 0 
_3.ptx 877 : 1048576 10568064 0 0 0 0 0 0 0 
_2.ptx 877 : 524288 3568064 0 0 0 0 0 0 0 
_3.ptx 878 : 1048576 5378592 0 0 0 32768 32768 0 0 
_3.ptx 880 : 1048576 11608480 0 0 0 0 0 0 0 
_3.ptx 881 : 1048576 8492768 0 0 0 0 0 0 0 
_2.ptx 881 : 524288 3488832 0 0 0 0 0 0 0 
_3.ptx 882 : 1048576 0 0 0 0 0 0 0 0 
_2.ptx 883 : 524288 3546720 0 0 0 0 0 0 0 
_2.ptx 884 : 524288 5992480 0 0 0 0 0 0 0 
_3.ptx 885 : 1048576 6365088 0 0 0 0 0 0 0 
_2.ptx 885 : 524288 3414272 0 0 0 0 0 0 0 
_2.ptx 886 : 524288 3967072 0 0 0 0 0 0 0 
_2.ptx 887 : 524288 5628256 0 0 0 0 0 0 0 
_2.ptx 888 : 524288 4009440 0 0 0 0 0 0 0 
_2.ptx 889 : 524288 5949344 0 0 0 0 0 0 0 
_2.ptx 890 : 524288 3977280 0 0 0 0 0 0 0 
_2.ptx 891 : 524288 5616064 0 0 0 0 0 0 0 
_2.ptx 892 : 524288 5903424 0 0 0 0 0 0 0 
_2.ptx 893 : 524288 1682432 0 0 0 0 0 0 0 
_2.ptx 894 : 524288 5924416 0 0 0 0 0 0 0 
_2.ptx 895 : 524288 147935168 2097152 0 0 16384 16384 0 0 
_2.ptx 896 : 524288 3327136 0 32768 16384 0 0 0 0 
_2.ptx 898 : 524288 5954880 0 0 0 0 0 0 0 
_2.ptx 899 : 524288 6003680 0 0 0 0 0 0 0 
_2.ptx 900 : 524288 4096832 0 0 0 0 0 0 0 
_2.ptx 901 : 524288 5593568 0 0 0 0 0 0 0 
_2.ptx 902 : 524288 3999168 0 0 0 0 0 0 0 
_2.ptx 903 : 524288 5966784 0 0 0 0 0 0 0 
_2.ptx 904 : 524288 4068768 0 0 0 0 0 0 0 
_2.ptx 905 : 524288 5607936 0 0 0 0 0 0 0 
_2.ptx 906 : 524288 5962016 0 0 0 0 0 0 0 
_2.ptx 907 : 524288 5977920 0 0 0 0 0 0 0 
_2.ptx 908 : 524288 148577920 2097152 0 0 16384 16384 0 0 
_2.ptx 909 : 524288 3337376 0 32768 16384 0 0 0 0 
_2.ptx 911 : 524288 3560416 0 0 0 0 0 0 0 
_2.ptx 912 : 524288 4164096 0 0 0 0 0 0 0 
_2.ptx 913 : 524288 3737376 0 0 0 0 0 0 0 
_2.ptx 914 : 524288 4454848 0 0 0 0 0 0 0 
_2.ptx 915 : 524288 0 0 0 0 0 0 0 0 
_2.ptx 916 : 524288 3544896 0 0 0 0 0 0 0 
_2.ptx 919 : 4718592 32160544 0 0 0 0 0 0 0 
_2.ptx 920 : 4718592 40420160 0 0 0 0 0 0 0 
_2.ptx 921 : 4718592 25607028 0 0 0 0 0 0 10240 
_2.ptx 923 : 1046528 7464752 0 0 0 0 0 0 0 
_2.ptx 924 : 1046528 9041704 0 0 0 0 0 0 0 
_2.ptx 925 : 1046528 9457315 0 0 0 0 0 0 0 
_2.ptx 926 : 1046528 12191576 0 0 0 0 0 0 0 
_2.ptx 927 : 1046528 12124360 0 0 0 0 0 0 0 
_2.ptx 928 : 1046528 11387262 0 0 0 0 0 0 0 
_2.ptx 929 : 1046528 8378247 0 0 0 0 0 0 0 
_2.ptx 930 : 1046528 12039986 0 0 0 0 0 0 0 
_2.ptx 931 : 1046528 8260477 0 0 0 0 0 0 0 
_2.ptx 932 : 1046528 11484817 0 0 0 0 0 0 0 
_2.ptx 933 : 1046528 11996314 0 0 0 0 0 0 0 
_2.ptx 934 : 1046528 10050460 0 69632 40960 0 0 0 0 
_2.ptx 935 : 1046528 11049813 0 0 0 0 0 0 0 
_2.ptx 936 : 1046528 8254858 0 0 0 0 0 0 0 
_2.ptx 937 : 1046528 11963717 0 0 0 0 0 0 0 
_2.ptx 938 : 1046528 8174190 0 0 0 0 0 0 0 
_2.ptx 939 : 1046528 11406016 0 0 0 0 0 0 0 
_2.ptx 940 : 1046528 11953595 0 0 0 0 0 0 0 
_2.ptx 941 : 1046528 10070551 0 69632 40960 0 0 0 0 
_2.ptx 942 : 1046528 11934270 0 0 0 0 0 0 0 
_2.ptx 943 : 1046528 6624960 0 69632 40960 0 0 0 0 
_2.ptx 946 : 4718592 53991648 0 0 0 0 0 0 0 
_2.ptx 948 : 4718592 35844320 0 0 0 0 0 0 0 
_2.ptx 949 : 4718592 33740256 0 0 0 0 0 0 0 
_2.ptx 950 : 4718592 40683008 0 0 0 0 0 0 0 
_2.ptx 951 : 4718592 28889632 0 0 0 0 0 0 0 
_2.ptx 952 : 524288 3769056 0 0 0 0 0 0 0 
_2.ptx 957 : 524288 3454304 0 0 0 0 0 0 0 
_2.ptx 958 : 524288 4410720 0 0 0 0 0 0 0 
_2.ptx 959 : 524288 3551463 0 0 0 0 0 0 2048 
_2.ptx 961 : 2048 15425 0 0 0 0 0 0 0 
_2.ptx 962 : 2048 21464 0 0 0 0 0 0 0 
_2.ptx 963 : 2048 15434 0 0 0 0 0 0 0 
_2.ptx 964 : 2048 23089 0 0 0 0 0 0 0 
_2.ptx 965 : 2048 15509 0 0 0 0 0 0 0 
_2.ptx 966 : 2048 21882 0 0 0 0 0 0 0 
_2.ptx 967 : 2048 23059 0 0 0 0 0 0 0 
_2.ptx 968 : 2048 6515 0 0 0 0 0 0 0 
_2.ptx 969 : 2048 17059 0 2048 2048 0 0 0 0 
_2.ptx 970 : 2048 6672 0 0 0 0 0 0 0 
_2.ptx 971 : 2048 13043 0 0 0 0 0 0 0 
_2.ptx 972 : 2048 13169 0 0 0 0 0 0 0 
_2.ptx 973 : 2048 17010 0 0 0 0 0 0 0 
_2.ptx 974 : 2048 19039 0 0 0 0 0 0 0 
_2.ptx 975 : 2048 15442 0 0 0 0 0 0 0 
_2.ptx 976 : 2048 21828 0 0 0 0 0 0 0 
_2.ptx 977 : 2048 23069 0 0 0 0 0 0 0 
_2.ptx 978 : 2048 10896 4512 0 0 2048 2048 0 0 
_2.ptx 980 : 2048 13282 0 0 0 0 0 0 0 
_2.ptx 981 : 2048 10699 0 2048 2048 0 0 0 0 
_2.ptx 984 : 524288 4143168 0 0 0 0 0 0 0 
_2.ptx 985 : 524288 3700640 0 0 0 0 0 0 0 
_2.ptx 986 : 524288 4492192 0 0 0 0 0 0 0 
_2.ptx 987 : 524288 0 0 0 0 0 0 0 0 
_2.ptx 988 : 524288 3604960 0 0 0 0 0 0 0 
_2.ptx 992 : 4718592 38333472 0 0 0 0 0 0 0 
_2.ptx 994 : 4718592 34367200 0 0 0 0 0 0 0 
