kernel line : count latency dram_traffic smem_bk_conflicts smem_warp gmem_access_generated gmem_warp exposed_latency warp_divergence
_1.ptx 67 : 1179648 7131296 0 0 0 0 0 0 0 
_1.ptx 68 : 1179648 12099904 0 0 0 0 0 0 0 
_1.ptx 69 : 1179648 7143456 0 0 0 0 0 0 0 
_1.ptx 70 : 1179648 12168480 0 0 0 0 0 0 0 
_1.ptx 71 : 1179648 7207104 0 0 0 0 0 0 0 
_1.ptx 72 : 1179648 7310496 0 0 0 0 0 0 0 
_1.ptx 73 : 1179648 13128064 0 0 0 0 0 0 0 
_1.ptx 74 : 1179648 13132864 0 0 0 0 0 0 0 
_1.ptx 75 : 1179648 7464576 0 0 0 0 0 0 0 
_1.ptx 76 : 1179648 8780448 0 0 0 0 0 0 0 
_1.ptx 77 : 1179648 8590304 0 0 0 0 0 0 0 
_1.ptx 78 : 1179648 12158848 0 0 0 0 0 0 0 
_1.ptx 79 : 1179648 13080800 0 0 0 0 0 0 0 
_1.ptx 80 : 1179648 12128512 0 0 0 0 0 0 0 
_1.ptx 81 : 1179648 13061312 0 0 0 0 0 0 0 
_1.ptx 82 : 1179648 5113088 128 0 0 0 0 0 0 
_1.ptx 83 : 1179648 13304128 0 0 0 0 0 0 0 
_1.ptx 84 : 1179648 13057056 0 0 0 0 0 0 0 
_1.ptx 85 : 1179648 8399136 0 0 0 0 0 0 0 
_1.ptx 86 : 1179648 12082240 0 0 0 0 0 0 0 
_1.ptx 87 : 1179648 3867552 0 0 0 0 0 0 0 
_1.ptx 88 : 1179648 13036864 0 0 0 0 0 0 0 
_1.ptx 89 : 1179648 348907488 9397504 0 0 73728 36864 0 0 
_1.ptx 90 : 1179648 7563808 0 73728 36864 0 0 0 0 
_1.ptx 91 : 1179648 8011712 0 0 0 73728 36864 0 0 
_1.ptx 92 : 1179648 7658688 0 73728 36864 0 0 0 0 
_1.ptx 93 : 1179648 347560992 9306112 0 0 73728 36864 0 0 
_1.ptx 94 : 1179648 7522048 0 73728 36864 0 0 0 0 
_1.ptx 95 : 1179648 7856064 0 0 0 73728 36864 0 0 
_1.ptx 96 : 1179648 7610624 0 73728 36864 0 0 0 0 
_1.ptx 97 : 1179648 11899936 0 0 0 0 0 0 0 
_1.ptx 98 : 1179648 7106048 0 0 0 0 0 0 0 
_1.ptx 99 : 1179648 9503040 0 0 0 0 0 0 0 
_1.ptx 100 : 1179648 147680 0 0 0 0 0 0 0 
_1.ptx 102 : 1155072 170446496 131072 0 0 72192 36096 0 0 
_1.ptx 103 : 1155072 6938368 0 0 0 0 0 0 0 
_1.ptx 105 : 24576 147712 0 0 0 0 0 0 0 
_1.ptx 107 : 1179648 7758560 0 73728 36864 0 0 0 0 
_1.ptx 108 : 1179648 4967168 0 0 0 0 0 0 0 
_1.ptx 109 : 1179648 13045952 0 0 0 0 0 0 0 
_1.ptx 110 : 1179648 11886368 0 0 0 0 0 0 0 
_1.ptx 111 : 1179648 7105216 0 0 0 0 0 0 0 
_1.ptx 112 : 1179648 9495840 0 0 0 0 0 0 0 
_1.ptx 113 : 1179648 147616 0 0 0 0 0 0 0 
_1.ptx 115 : 1155072 165503872 39680 0 0 72192 36096 0 0 
_1.ptx 116 : 1155072 6937952 0 0 0 0 0 0 0 
_1.ptx 118 : 24576 147584 0 0 0 0 0 0 0 
_1.ptx 120 : 1179648 7862816 0 73728 36864 0 0 0 0 
_1.ptx 122 : 1179648 7092992 0 0 0 0 0 0 0 
_1.ptx 124 : 1179648 7098144 0 0 0 0 0 0 0 
_1.ptx 125 : 1179648 6620192 128 0 0 0 0 0 0 
_1.ptx 126 : 1179648 12372096 0 73728 36864 0 0 0 0 
_1.ptx 127 : 1179648 10651424 0 0 0 0 0 0 0 
_1.ptx 128 : 1179648 5742336 0 0 0 0 0 0 0 
_1.ptx 129 : 1179648 12214912 0 73728 36864 0 0 0 0 
_1.ptx 130 : 1179648 10664896 0 0 0 0 0 0 0 
_1.ptx 131 : 1179648 5436928 0 0 0 0 0 0 0 
_1.ptx 132 : 1179648 12046336 0 73728 36864 0 0 0 0 
_1.ptx 133 : 1179648 10663168 0 0 0 0 0 0 0 
_1.ptx 134 : 1179648 5318528 0 0 0 0 0 0 0 
_1.ptx 135 : 1179648 12086016 0 73728 36864 0 0 0 0 
_1.ptx 136 : 1179648 10670528 0 0 0 0 0 0 0 
_1.ptx 137 : 1179648 5431392 0 0 0 0 0 0 0 
_1.ptx 138 : 1179648 11971616 0 73728 36864 0 0 0 0 
_1.ptx 139 : 1179648 10668320 0 0 0 0 0 0 0 
_1.ptx 140 : 1179648 6158688 0 0 0 0 0 0 0 
_1.ptx 141 : 1179648 12647136 0 73728 36864 0 0 0 0 
_1.ptx 142 : 1179648 10689376 0 0 0 0 0 0 0 
_1.ptx 143 : 1179648 6546496 0 0 0 0 0 0 0 
_1.ptx 144 : 1179648 12771456 0 73728 36864 0 0 0 0 
_1.ptx 145 : 1179648 10696160 0 0 0 0 0 0 0 
_1.ptx 146 : 1179648 6849952 0 0 0 0 0 0 0 
_1.ptx 147 : 1179648 12897056 0 73728 36864 0 0 0 0 
_1.ptx 148 : 1179648 10686976 0 0 0 0 0 0 0 
_1.ptx 149 : 1179648 6797664 0 0 0 0 0 0 0 
_1.ptx 150 : 1179648 12735968 0 73728 36864 0 0 0 0 
_1.ptx 151 : 1179648 10682944 0 0 0 0 0 0 0 
_1.ptx 152 : 1179648 7010816 0 0 0 0 0 0 0 
_1.ptx 153 : 1179648 12882208 0 73728 36864 0 0 0 0 
_1.ptx 154 : 1179648 10691136 0 0 0 0 0 0 0 
_1.ptx 155 : 1179648 6831072 0 0 0 0 0 0 0 
_1.ptx 156 : 1179648 12786624 0 73728 36864 0 0 0 0 
_1.ptx 157 : 1179648 10679680 0 0 0 0 0 0 0 
_1.ptx 158 : 1179648 6909440 0 0 0 0 0 0 0 
_1.ptx 159 : 1179648 12864224 0 73728 36864 0 0 0 0 
_1.ptx 160 : 1179648 10691520 0 0 0 0 0 0 0 
_1.ptx 161 : 1179648 6711360 0 0 0 0 0 0 0 
_1.ptx 162 : 1179648 12749440 0 73728 36864 0 0 0 0 
_1.ptx 163 : 1179648 10676992 0 0 0 0 0 0 0 
_1.ptx 164 : 1179648 6844416 0 0 0 0 0 0 0 
_1.ptx 165 : 1179648 12778432 0 73728 36864 0 0 0 0 
_1.ptx 166 : 1179648 10684160 0 0 0 0 0 0 0 
_1.ptx 167 : 1179648 6768576 0 0 0 0 0 0 0 
_1.ptx 168 : 1179648 12686560 0 73728 36864 0 0 0 0 
_1.ptx 169 : 1179648 10676896 0 0 0 0 0 0 0 
_1.ptx 170 : 1179648 6786720 0 0 0 0 0 0 0 
_1.ptx 171 : 1179648 12755680 0 73728 36864 0 0 0 0 
_1.ptx 172 : 1179648 10681184 0 0 0 0 0 0 0 
_1.ptx 173 : 1179648 6627104 0 0 0 0 0 0 0 
_1.ptx 174 : 1179648 12724352 0 73728 36864 0 0 0 0 
_1.ptx 175 : 1179648 10675264 0 0 0 0 0 0 0 
_1.ptx 177 : 1179648 6668352 0 0 0 0 0 0 0 
_1.ptx 178 : 1179648 13146208 0 0 0 0 0 0 0 
_1.ptx 179 : 1179648 8484480 4718592 0 0 73728 36864 0 0 
_1.ptx 181 : 1179648 7096448 0 0 0 0 0 0 0 
_1.ptx 182 : 1179648 7112032 0 0 0 0 0 0 0 
_1.ptx 183 : 1179648 12844448 0 73728 36864 0 0 0 0 
_1.ptx 184 : 1179648 10670144 0 0 0 0 0 0 0 
_1.ptx 185 : 1179648 6523520 0 0 0 0 0 0 0 
_1.ptx 186 : 1179648 12483936 0 73728 36864 0 0 0 0 
_1.ptx 187 : 1179648 10674048 0 0 0 0 0 0 0 
_1.ptx 188 : 1179648 6323584 0 0 0 0 0 0 0 
_1.ptx 189 : 1179648 12447776 0 73728 36864 0 0 0 0 
_1.ptx 190 : 1179648 10678944 0 0 0 0 0 0 0 
_1.ptx 191 : 1179648 6250112 0 0 0 0 0 0 0 
_1.ptx 192 : 1179648 12330912 0 73728 36864 0 0 0 0 
_1.ptx 193 : 1179648 10674208 0 0 0 0 0 0 0 
_1.ptx 194 : 1179648 6056672 0 0 0 0 0 0 0 
_1.ptx 195 : 1179648 12386784 0 73728 36864 0 0 0 0 
_1.ptx 196 : 1179648 10676064 0 0 0 0 0 0 0 
_1.ptx 197 : 1179648 6115136 0 0 0 0 0 0 0 
_1.ptx 198 : 1179648 12271392 0 73728 36864 0 0 0 0 
_1.ptx 199 : 1179648 10674912 0 0 0 0 0 0 0 
_1.ptx 200 : 1179648 5984128 0 0 0 0 0 0 0 
_1.ptx 201 : 1179648 12308736 0 73728 36864 0 0 0 0 
_1.ptx 202 : 1179648 10676000 0 0 0 0 0 0 0 
_1.ptx 203 : 1179648 6094272 0 0 0 0 0 0 0 
_1.ptx 204 : 1179648 12214688 0 73728 36864 0 0 0 0 
_1.ptx 205 : 1179648 10669824 0 0 0 0 0 0 0 
_1.ptx 206 : 1179648 6282912 0 0 0 0 0 0 0 
_1.ptx 207 : 1179648 12667392 0 73728 36864 0 0 0 0 
_1.ptx 208 : 1179648 10685152 0 0 0 0 0 0 0 
_1.ptx 209 : 1179648 6618400 0 0 0 0 0 0 0 
_1.ptx 210 : 1179648 12725792 0 73728 36864 0 0 0 0 
_1.ptx 211 : 1179648 10701024 0 0 0 0 0 0 0 
_1.ptx 212 : 1179648 6799136 0 0 0 0 0 0 0 
_1.ptx 213 : 1179648 12799680 0 73728 36864 0 0 0 0 
_1.ptx 214 : 1179648 10682624 0 0 0 0 0 0 0 
_1.ptx 215 : 1179648 6675072 0 0 0 0 0 0 0 
_1.ptx 216 : 1179648 12663872 0 73728 36864 0 0 0 0 
_1.ptx 217 : 1179648 10684096 0 0 0 0 0 0 0 
_1.ptx 218 : 1179648 6790688 0 0 0 0 0 0 0 
_1.ptx 219 : 1179648 12763264 0 73728 36864 0 0 0 0 
_1.ptx 220 : 1179648 10684800 0 0 0 0 0 0 0 
_1.ptx 221 : 1179648 6671072 0 0 0 0 0 0 0 
_1.ptx 222 : 1179648 12636768 0 73728 36864 0 0 0 0 
_1.ptx 223 : 1179648 10679968 0 0 0 0 0 0 0 
_1.ptx 224 : 1179648 6754176 0 0 0 0 0 0 0 
_1.ptx 225 : 1179648 12721856 0 73728 36864 0 0 0 0 
_1.ptx 226 : 1179648 10684960 0 0 0 0 0 0 0 
_1.ptx 227 : 1179648 6578688 0 0 0 0 0 0 0 
_1.ptx 228 : 1179648 12608352 0 73728 36864 0 0 0 0 
_1.ptx 229 : 1179648 10683328 0 0 0 0 0 0 0 
_1.ptx 230 : 1179648 6654976 0 0 0 0 0 0 0 
_1.ptx 231 : 1179648 12696672 0 73728 36864 0 0 0 0 
_1.ptx 232 : 1179648 10689088 0 0 0 0 0 0 0 
_1.ptx 234 : 1179648 8630464 17600 0 0 73728 36864 0 0 
_1.ptx 236 : 1179648 7092928 0 0 0 0 0 0 0 
_1.ptx 237 : 1179648 7081120 0 0 0 0 0 0 0 
_1.ptx 238 : 1179648 12761408 0 73728 36864 0 0 0 0 
_1.ptx 239 : 1179648 10675136 0 0 0 0 0 0 0 
_1.ptx 240 : 1179648 6658528 0 0 0 0 0 0 0 
_1.ptx 241 : 1179648 12612160 0 73728 36864 0 0 0 0 
_1.ptx 242 : 1179648 10681856 0 0 0 0 0 0 0 
_1.ptx 243 : 1179648 6510912 0 0 0 0 0 0 0 
_1.ptx 244 : 1179648 12539040 0 73728 36864 0 0 0 0 
_1.ptx 245 : 1179648 10680064 0 0 0 0 0 0 0 
_1.ptx 246 : 1179648 6527520 0 0 0 0 0 0 0 
_1.ptx 247 : 1179648 12583264 0 73728 36864 0 0 0 0 
_1.ptx 248 : 1179648 10682656 0 0 0 0 0 0 0 
_1.ptx 249 : 1179648 6337216 0 0 0 0 0 0 0 
_1.ptx 250 : 1179648 12476704 0 73728 36864 0 0 0 0 
_1.ptx 251 : 1179648 10684192 0 0 0 0 0 0 0 
_1.ptx 252 : 1179648 6395584 0 0 0 0 0 0 0 
_1.ptx 253 : 1179648 12506944 0 73728 36864 0 0 0 0 
_1.ptx 254 : 1179648 10688832 0 0 0 0 0 0 0 
_1.ptx 255 : 1179648 6332576 0 0 0 0 0 0 0 
_1.ptx 256 : 1179648 12393376 0 73728 36864 0 0 0 0 
_1.ptx 257 : 1179648 10680768 0 0 0 0 0 0 0 
_1.ptx 258 : 1179648 6304800 0 0 0 0 0 0 0 
_1.ptx 259 : 1179648 12438528 0 73728 36864 0 0 0 0 
_1.ptx 260 : 1179648 10681920 0 0 0 0 0 0 0 
_1.ptx 261 : 1179648 6175840 0 0 0 0 0 0 0 
_1.ptx 262 : 1179648 12410304 0 73728 36864 0 0 0 0 
_1.ptx 263 : 1179648 10675616 0 0 0 0 0 0 0 
_1.ptx 264 : 1179648 6264448 0 0 0 0 0 0 0 
_1.ptx 265 : 1179648 12434208 0 73728 36864 0 0 0 0 
_1.ptx 266 : 1179648 10682688 0 0 0 0 0 0 0 
_1.ptx 267 : 1179648 6184832 0 0 0 0 0 0 0 
_1.ptx 268 : 1179648 12376832 0 73728 36864 0 0 0 0 
_1.ptx 269 : 1179648 10680000 0 0 0 0 0 0 0 
_1.ptx 270 : 1179648 6291680 0 0 0 0 0 0 0 
_1.ptx 271 : 1179648 12447968 0 73728 36864 0 0 0 0 
_1.ptx 272 : 1179648 10692000 0 0 0 0 0 0 0 
_1.ptx 273 : 1179648 5568224 0 0 0 0 0 0 0 
_1.ptx 274 : 1179648 12478336 0 73728 36864 0 0 0 0 
_1.ptx 275 : 1179648 10688192 0 0 0 0 0 0 0 
_1.ptx 276 : 1179648 6563936 0 0 0 0 0 0 0 
_1.ptx 277 : 1179648 12630624 0 73728 36864 0 0 0 0 
_1.ptx 278 : 1179648 10678816 0 0 0 0 0 0 0 
_1.ptx 279 : 1179648 6458496 0 0 0 0 0 0 0 
_1.ptx 280 : 1179648 12517728 0 73728 36864 0 0 0 0 
_1.ptx 281 : 1179648 10689376 0 0 0 0 0 0 0 
_1.ptx 282 : 1179648 6533824 0 0 0 0 0 0 0 
_1.ptx 283 : 1179648 12636448 0 73728 36864 0 0 0 0 
_1.ptx 284 : 1179648 10676544 0 0 0 0 0 0 0 
_1.ptx 285 : 1179648 6438080 0 0 0 0 0 0 0 
_1.ptx 286 : 1179648 12515232 0 73728 36864 0 0 0 0 
_1.ptx 287 : 1179648 10678176 0 0 0 0 0 0 0 
_1.ptx 289 : 1179648 8510656 4718592 0 0 73728 36864 0 0 
_1.ptx 291 : 1179648 7085472 0 0 0 0 0 0 0 
_1.ptx 292 : 1179648 6975520 0 0 0 0 0 0 0 
_1.ptx 293 : 1179648 12719200 0 73728 36864 0 0 0 0 
_1.ptx 294 : 1179648 10667424 0 0 0 0 0 0 0 
_1.ptx 295 : 1179648 6371840 0 0 0 0 0 0 0 
_1.ptx 296 : 1179648 12435904 0 73728 36864 0 0 0 0 
_1.ptx 297 : 1179648 10673376 0 0 0 0 0 0 0 
_1.ptx 298 : 1179648 6302080 0 0 0 0 0 0 0 
_1.ptx 299 : 1179648 12445504 0 73728 36864 0 0 0 0 
_1.ptx 300 : 1179648 10674592 0 0 0 0 0 0 0 
_1.ptx 301 : 1179648 6190560 0 0 0 0 0 0 0 
_1.ptx 302 : 1179648 12369408 0 73728 36864 0 0 0 0 
_1.ptx 303 : 1179648 10670560 0 0 0 0 0 0 0 
_1.ptx 304 : 1179648 6219456 0 0 0 0 0 0 0 
_1.ptx 305 : 1179648 12372416 0 73728 36864 0 0 0 0 
_1.ptx 306 : 1179648 10675808 0 0 0 0 0 0 0 
_1.ptx 307 : 1179648 6148832 0 0 0 0 0 0 0 
_1.ptx 308 : 1179648 12272320 0 73728 36864 0 0 0 0 
_1.ptx 309 : 1179648 10671904 0 0 0 0 0 0 0 
_1.ptx 310 : 1179648 6114688 0 0 0 0 0 0 0 
_1.ptx 311 : 1179648 12312128 0 73728 36864 0 0 0 0 
_1.ptx 312 : 1179648 10670784 0 0 0 0 0 0 0 
_1.ptx 313 : 1179648 5981632 0 0 0 0 0 0 0 
_1.ptx 314 : 1179648 12200384 0 73728 36864 0 0 0 0 
_1.ptx 315 : 1179648 10669888 0 0 0 0 0 0 0 
_1.ptx 316 : 1179648 5932608 0 0 0 0 0 0 0 
_1.ptx 317 : 1179648 12246944 0 73728 36864 0 0 0 0 
_1.ptx 318 : 1179648 10671008 0 0 0 0 0 0 0 
_1.ptx 319 : 1179648 5888736 0 0 0 0 0 0 0 
_1.ptx 320 : 1179648 12140704 0 73728 36864 0 0 0 0 
_1.ptx 321 : 1179648 10670272 0 0 0 0 0 0 0 
_1.ptx 322 : 1179648 5913184 0 0 0 0 0 0 0 
_1.ptx 323 : 1179648 12190592 0 73728 36864 0 0 0 0 
_1.ptx 324 : 1179648 10675008 0 0 0 0 0 0 0 
_1.ptx 325 : 1179648 5860032 0 0 0 0 0 0 0 
_1.ptx 326 : 1179648 12098912 0 73728 36864 0 0 0 0 
_1.ptx 327 : 1179648 10671232 0 0 0 0 0 0 0 
_1.ptx 328 : 1179648 5782720 0 0 0 0 0 0 0 
_1.ptx 329 : 1179648 12195904 0 73728 36864 0 0 0 0 
_1.ptx 330 : 1179648 10675904 0 0 0 0 0 0 0 
_1.ptx 331 : 1179648 5702784 0 0 0 0 0 0 0 
_1.ptx 332 : 1179648 12068160 0 73728 36864 0 0 0 0 
_1.ptx 333 : 1179648 10672544 0 0 0 0 0 0 0 
_1.ptx 334 : 1179648 5667104 0 0 0 0 0 0 0 
_1.ptx 335 : 1179648 12113408 0 73728 36864 0 0 0 0 
_1.ptx 336 : 1179648 10678336 0 0 0 0 0 0 0 
_1.ptx 337 : 1179648 5721024 0 0 0 0 0 0 0 
_1.ptx 338 : 1179648 12380832 0 73728 36864 0 0 0 0 
_1.ptx 339 : 1179648 10701664 0 0 0 0 0 0 0 
_1.ptx 340 : 1179648 5804640 0 0 0 0 0 0 0 
_1.ptx 341 : 1179648 12194752 0 73728 36864 0 0 0 0 
_1.ptx 342 : 1179648 10681664 0 0 0 0 0 0 0 
_1.ptx 344 : 1179648 8318208 96640 0 0 73728 36864 0 0 
_1.ptx 346 : 1179648 7099392 0 0 0 0 0 0 0 
_1.ptx 365 : 1179648 7108192 0 0 0 0 0 0 0 
_1.ptx 366 : 1179648 12286944 0 0 0 0 0 0 0 
_1.ptx 367 : 1179648 7111264 0 0 0 0 0 0 0 
_1.ptx 368 : 1179648 12535200 0 0 0 0 0 0 0 
_1.ptx 369 : 1179648 3726688 0 0 0 0 0 0 0 
_1.ptx 370 : 1179648 7126752 0 0 0 0 0 0 0 
_1.ptx 371 : 1179648 7128608 0 0 0 0 0 0 0 
_1.ptx 372 : 1179648 13057280 0 0 0 0 0 0 0 
_1.ptx 373 : 1179648 11885376 0 0 0 0 0 0 0 
_1.ptx 374 : 1179648 12289216 0 0 0 0 0 0 0 
_1.ptx 375 : 1179648 8422752 0 0 0 0 0 0 0 
_1.ptx 376 : 1179648 12399712 0 0 0 0 0 0 0 
_1.ptx 377 : 1179648 7175744 0 0 0 0 0 0 0 
_1.ptx 378 : 1179648 8337856 0 0 0 0 0 0 0 
_1.ptx 379 : 1179648 8332000 0 0 0 0 0 0 0 
_1.ptx 380 : 1179648 12386848 0 0 0 0 0 0 0 
_1.ptx 381 : 1179648 13061056 0 0 0 0 0 0 0 
_1.ptx 382 : 1179648 12560736 0 0 0 0 0 0 0 
_1.ptx 383 : 1179648 13026080 0 0 0 0 0 0 0 
_1.ptx 384 : 1179648 13350176 0 0 0 0 0 0 0 
_1.ptx 385 : 1179648 13024256 0 0 0 0 0 0 0 
_1.ptx 386 : 1179648 13083584 0 0 0 0 0 0 0 
_1.ptx 387 : 1179648 8423424 0 0 0 0 0 0 0 
_1.ptx 388 : 1179648 12204800 0 0 0 0 0 0 0 
_1.ptx 389 : 1179648 3636928 0 0 0 0 0 0 0 
_1.ptx 390 : 1179648 13014272 0 0 0 0 0 0 0 
_1.ptx 391 : 1179648 13014624 0 0 0 0 0 0 0 
_1.ptx 392 : 1179648 188782048 98688 0 0 73728 36864 0 0 
_1.ptx 393 : 1179648 7295584 0 73728 36864 0 0 0 0 
_1.ptx 394 : 1179648 12085568 0 0 0 0 0 0 0 
_1.ptx 395 : 1179648 8333696 0 0 0 0 0 0 0 
_1.ptx 396 : 1179648 12097344 0 0 0 0 0 0 0 
_1.ptx 397 : 1179648 13006624 0 0 0 0 0 0 0 
_1.ptx 398 : 1179648 316721728 4718848 0 0 73728 36864 0 0 
_1.ptx 399 : 1179648 7261536 0 73728 36864 0 0 0 0 
_1.ptx 400 : 1179648 11926752 0 0 0 0 0 0 0 
_1.ptx 401 : 1179648 8276864 0 0 0 0 0 0 0 
_1.ptx 402 : 1179648 11905536 0 0 0 0 0 0 0 
_1.ptx 403 : 1179648 12988832 0 0 0 0 0 0 0 
_1.ptx 404 : 1179648 324087584 4718848 0 0 73728 36864 0 0 
_1.ptx 405 : 1179648 7220032 0 73728 36864 0 0 0 0 
_1.ptx 406 : 1179648 11905952 0 0 0 0 0 0 0 
_1.ptx 407 : 1179648 8298528 0 0 0 0 0 0 0 
_1.ptx 408 : 1179648 11916768 0 0 0 0 0 0 0 
_1.ptx 409 : 1179648 12988736 0 0 0 0 0 0 0 
_1.ptx 410 : 1179648 333046592 4719104 0 0 73728 36864 0 0 
_1.ptx 411 : 1179648 7225856 0 73728 36864 0 0 0 0 
_1.ptx 412 : 1179648 7084576 0 0 0 0 0 0 0 
_1.ptx 413 : 1179648 9452448 0 0 0 0 0 0 0 
_1.ptx 414 : 1179648 147744 0 0 0 0 0 0 0 
_1.ptx 416 : 1155072 330025120 4620672 0 0 72192 36096 0 0 
_1.ptx 417 : 1155072 6934528 0 0 0 0 0 0 0 
_1.ptx 419 : 24576 147968 0 0 0 0 0 0 0 
_1.ptx 421 : 1179648 7588896 0 73728 36864 0 0 0 0 
_1.ptx 422 : 1179648 4266624 0 0 0 0 0 0 0 
_1.ptx 423 : 1179648 13005376 0 0 0 0 0 0 0 
_1.ptx 424 : 1179648 11837184 0 0 0 0 0 0 0 
_1.ptx 425 : 1179648 7101344 0 0 0 0 0 0 0 
_1.ptx 426 : 1179648 9478432 0 0 0 0 0 0 0 
_1.ptx 427 : 1179648 147904 0 0 0 0 0 0 0 
_1.ptx 429 : 1155072 11775520 0 0 0 0 0 0 0 
_1.ptx 430 : 1155072 8129408 0 0 0 0 0 0 0 
_1.ptx 431 : 1155072 11960672 0 0 0 0 0 0 0 
_1.ptx 432 : 1155072 12744544 0 0 0 0 0 0 0 
_1.ptx 433 : 1155072 327723168 4621568 0 0 72192 36096 0 0 
_1.ptx 434 : 1155072 6941856 0 0 0 0 0 0 0 
_1.ptx 436 : 24576 147744 0 0 0 0 0 0 0 
_1.ptx 438 : 1179648 8153216 0 73728 36864 0 0 0 0 
_1.ptx 440 : 1179648 7125728 0 0 0 0 0 0 0 
_1.ptx 442 : 1179648 7158016 0 0 0 0 0 0 0 
_1.ptx 443 : 1179648 5998304 0 0 0 0 0 0 0 
_1.ptx 444 : 1179648 12445984 0 73728 36864 0 0 0 0 
_1.ptx 445 : 1179648 10747072 0 0 0 0 0 0 0 
_1.ptx 446 : 1179648 6076000 0 0 0 0 0 0 0 
_1.ptx 447 : 1179648 12766080 0 73728 36864 0 0 0 0 
_1.ptx 448 : 1179648 10706496 0 0 0 0 0 0 0 
_1.ptx 449 : 1179648 6401696 0 0 0 0 0 0 0 
_1.ptx 450 : 1179648 12550176 0 73728 36864 0 0 0 0 
_1.ptx 451 : 1179648 10664256 0 0 0 0 0 0 0 
_1.ptx 452 : 1179648 6212096 0 0 0 0 0 0 0 
_1.ptx 453 : 1179648 12212384 0 73728 36864 0 0 0 0 
_1.ptx 454 : 1179648 10691456 0 0 0 0 0 0 0 
_1.ptx 455 : 1179648 6045984 0 0 0 0 0 0 0 
_1.ptx 456 : 1179648 12243040 0 73728 36864 0 0 0 0 
_1.ptx 457 : 1179648 10640000 0 0 0 0 0 0 0 
_1.ptx 458 : 1179648 5677824 0 0 0 0 0 0 0 
_1.ptx 459 : 1179648 12032000 0 73728 36864 0 0 0 0 
_1.ptx 460 : 1179648 10640320 0 0 0 0 0 0 0 
_1.ptx 461 : 1179648 5137728 0 0 0 0 0 0 0 
_1.ptx 462 : 1179648 13722624 0 73728 36864 0 0 0 0 
_1.ptx 463 : 1179648 10719936 0 0 0 0 0 0 0 
_1.ptx 464 : 1179648 7252224 0 0 0 0 0 0 0 
_1.ptx 465 : 1179648 13233824 0 73728 36864 0 0 0 0 
_1.ptx 466 : 1179648 10655520 0 0 0 0 0 0 0 
_1.ptx 467 : 1179648 6738848 0 0 0 0 0 0 0 
_1.ptx 468 : 1179648 12542816 0 73728 36864 0 0 0 0 
_1.ptx 469 : 1179648 10702784 0 0 0 0 0 0 0 
_1.ptx 470 : 1179648 6855104 0 0 0 0 0 0 0 
_1.ptx 471 : 1179648 12762304 0 73728 36864 0 0 0 0 
_1.ptx 472 : 1179648 10683616 0 0 0 0 0 0 0 
_1.ptx 473 : 1179648 6573216 0 0 0 0 0 0 0 
_1.ptx 474 : 1179648 12449632 0 73728 36864 0 0 0 0 
_1.ptx 475 : 1179648 10664320 0 0 0 0 0 0 0 
_1.ptx 476 : 1179648 6265824 0 0 0 0 0 0 0 
_1.ptx 477 : 1179648 12386816 0 73728 36864 0 0 0 0 
_1.ptx 478 : 1179648 10669728 0 0 0 0 0 0 0 
_1.ptx 479 : 1179648 6186496 0 0 0 0 0 0 0 
_1.ptx 480 : 1179648 12433408 0 73728 36864 0 0 0 0 
_1.ptx 481 : 1179648 10642368 0 0 0 0 0 0 0 
_1.ptx 482 : 1179648 6040096 0 0 0 0 0 0 0 
_1.ptx 483 : 1179648 12310080 0 73728 36864 0 0 0 0 
_1.ptx 484 : 1179648 10648672 0 0 0 0 0 0 0 
_1.ptx 485 : 1179648 5775392 0 0 0 0 0 0 0 
_1.ptx 486 : 1179648 11996032 0 73728 36864 0 0 0 0 
_1.ptx 487 : 1179648 10669376 0 0 0 0 0 0 0 
_1.ptx 488 : 1179648 5539264 0 0 0 0 0 0 0 
_1.ptx 489 : 1179648 11822592 0 73728 36864 0 0 0 0 
_1.ptx 490 : 1179648 10647840 0 0 0 0 0 0 0 
_1.ptx 491 : 1179648 5671488 0 0 0 0 0 0 0 
_1.ptx 492 : 1179648 11913728 0 73728 36864 0 0 0 0 
_1.ptx 493 : 1179648 10660960 0 0 0 0 0 0 0 
_1.ptx 495 : 1179648 3759840 0 0 0 0 0 0 0 
_1.ptx 496 : 1179648 13072640 0 0 0 0 0 0 0 
_1.ptx 497 : 1179648 13007456 0 0 0 0 0 0 0 
_1.ptx 498 : 1179648 8728608 4538816 0 0 73728 36864 0 0 
_1.ptx 500 : 1179648 7079840 0 0 0 0 0 0 0 
_1.ptx 501 : 1179648 7669312 0 0 0 0 0 0 0 
_1.ptx 502 : 1179648 13103200 0 73728 36864 0 0 0 0 
_1.ptx 503 : 1179648 10634112 0 0 0 0 0 0 0 
_1.ptx 504 : 1179648 6500800 0 0 0 0 0 0 0 
_1.ptx 505 : 1179648 12559200 0 73728 36864 0 0 0 0 
_1.ptx 506 : 1179648 10665056 0 0 0 0 0 0 0 
_1.ptx 507 : 1179648 6159328 0 0 0 0 0 0 0 
_1.ptx 508 : 1179648 12092192 0 73728 36864 0 0 0 0 
_1.ptx 509 : 1179648 10683008 0 0 0 0 0 0 0 
_1.ptx 510 : 1179648 5730592 0 0 0 0 0 0 0 
_1.ptx 511 : 1179648 11959456 0 73728 36864 0 0 0 0 
_1.ptx 512 : 1179648 10682784 0 0 0 0 0 0 0 
_1.ptx 513 : 1179648 4850976 0 0 0 0 0 0 0 
_1.ptx 514 : 1179648 13429888 0 73728 36864 0 0 0 0 
_1.ptx 515 : 1179648 10632992 0 0 0 0 0 0 0 
_1.ptx 516 : 1179648 6992576 0 0 0 0 0 0 0 
_1.ptx 517 : 1179648 12922656 0 73728 36864 0 0 0 0 
_1.ptx 518 : 1179648 10627200 0 0 0 0 0 0 0 
_1.ptx 519 : 1179648 6233216 0 0 0 0 0 0 0 
_1.ptx 520 : 1179648 12404064 0 73728 36864 0 0 0 0 
_1.ptx 521 : 1179648 10673568 0 0 0 0 0 0 0 
_1.ptx 522 : 1179648 6312000 0 0 0 0 0 0 0 
_1.ptx 523 : 1179648 12451072 0 73728 36864 0 0 0 0 
_1.ptx 524 : 1179648 10685952 0 0 0 0 0 0 0 
_1.ptx 525 : 1179648 5846176 0 0 0 0 0 0 0 
_1.ptx 526 : 1179648 12084832 0 73728 36864 0 0 0 0 
_1.ptx 527 : 1179648 10671392 0 0 0 0 0 0 0 
_1.ptx 528 : 1179648 6514272 0 0 0 0 0 0 0 
_1.ptx 529 : 1179648 12915584 0 73728 36864 0 0 0 0 
_1.ptx 530 : 1179648 10713344 0 0 0 0 0 0 0 
_1.ptx 531 : 1179648 6959616 0 0 0 0 0 0 0 
_1.ptx 532 : 1179648 13105152 0 73728 36864 0 0 0 0 
_1.ptx 533 : 1179648 10746304 0 0 0 0 0 0 0 
_1.ptx 534 : 1179648 6811808 0 0 0 0 0 0 0 
_1.ptx 535 : 1179648 12664480 0 73728 36864 0 0 0 0 
_1.ptx 536 : 1179648 10634208 0 0 0 0 0 0 0 
_1.ptx 537 : 1179648 6344928 0 0 0 0 0 0 0 
_1.ptx 538 : 1179648 12676544 0 73728 36864 0 0 0 0 
_1.ptx 539 : 1179648 10683616 0 0 0 0 0 0 0 
_1.ptx 540 : 1179648 6804448 0 0 0 0 0 0 0 
_1.ptx 541 : 1179648 12545728 0 73728 36864 0 0 0 0 
_1.ptx 542 : 1179648 10696896 0 0 0 0 0 0 0 
_1.ptx 543 : 1179648 6317984 0 0 0 0 0 0 0 
_1.ptx 544 : 1179648 12438656 0 73728 36864 0 0 0 0 
_1.ptx 545 : 1179648 10680256 0 0 0 0 0 0 0 
_1.ptx 546 : 1179648 6207872 0 0 0 0 0 0 0 
_1.ptx 547 : 1179648 12609536 0 73728 36864 0 0 0 0 
_1.ptx 548 : 1179648 10675648 0 0 0 0 0 0 0 
_1.ptx 549 : 1179648 5905216 0 0 0 0 0 0 0 
_1.ptx 550 : 1179648 12022496 0 73728 36864 0 0 0 0 
_1.ptx 551 : 1179648 10727360 0 0 0 0 0 0 0 
_1.ptx 553 : 1179648 13107488 0 0 0 0 0 0 0 
_1.ptx 554 : 1179648 8322080 4520768 0 0 73728 36864 0 0 
_1.ptx 556 : 1179648 7099040 0 0 0 0 0 0 0 
_1.ptx 557 : 1179648 6271296 0 0 0 0 0 0 0 
_1.ptx 558 : 1179648 12174688 0 73728 36864 0 0 0 0 
_1.ptx 559 : 1179648 10633184 0 0 0 0 0 0 0 
_1.ptx 560 : 1179648 5740640 0 0 0 0 0 0 0 
_1.ptx 561 : 1179648 11994976 0 73728 36864 0 0 0 0 
_1.ptx 562 : 1179648 10721600 0 0 0 0 0 0 0 
_1.ptx 563 : 1179648 5176480 0 0 0 0 0 0 0 
_1.ptx 564 : 1179648 13246016 0 73728 36864 0 0 0 0 
_1.ptx 565 : 1179648 10627360 0 0 0 0 0 0 0 
_1.ptx 566 : 1179648 7058016 0 0 0 0 0 0 0 
_1.ptx 567 : 1179648 12834144 0 73728 36864 0 0 0 0 
_1.ptx 568 : 1179648 10633184 0 0 0 0 0 0 0 
_1.ptx 569 : 1179648 6442688 0 0 0 0 0 0 0 
_1.ptx 570 : 1179648 12492672 0 73728 36864 0 0 0 0 
_1.ptx 571 : 1179648 10678528 0 0 0 0 0 0 0 
_1.ptx 572 : 1179648 5927168 0 0 0 0 0 0 0 
_1.ptx 573 : 1179648 12215584 0 73728 36864 0 0 0 0 
_1.ptx 574 : 1179648 10693088 0 0 0 0 0 0 0 
_1.ptx 575 : 1179648 5742272 0 0 0 0 0 0 0 
_1.ptx 576 : 1179648 12025024 0 73728 36864 0 0 0 0 
_1.ptx 577 : 1179648 10673216 0 0 0 0 0 0 0 
_1.ptx 578 : 1179648 6050240 0 0 0 0 0 0 0 
_1.ptx 579 : 1179648 12804512 0 73728 36864 0 0 0 0 
_1.ptx 580 : 1179648 10705440 0 0 0 0 0 0 0 
_1.ptx 581 : 1179648 6393344 0 0 0 0 0 0 0 
_1.ptx 582 : 1179648 12727360 0 73728 36864 0 0 0 0 
_1.ptx 583 : 1179648 10746944 0 0 0 0 0 0 0 
_1.ptx 584 : 1179648 6313600 0 0 0 0 0 0 0 
_1.ptx 585 : 1179648 12592288 0 73728 36864 0 0 0 0 
_1.ptx 586 : 1179648 10676352 0 0 0 0 0 0 0 
_1.ptx 587 : 1179648 6157824 0 0 0 0 0 0 0 
_1.ptx 588 : 1179648 12280032 0 73728 36864 0 0 0 0 
_1.ptx 589 : 1179648 10649696 0 0 0 0 0 0 0 
_1.ptx 590 : 1179648 5399104 0 0 0 0 0 0 0 
_1.ptx 591 : 1179648 11906240 0 73728 36864 0 0 0 0 
_1.ptx 592 : 1179648 10668032 0 0 0 0 0 0 0 
_1.ptx 593 : 1179648 5555968 0 0 0 0 0 0 0 
_1.ptx 594 : 1179648 13824032 0 73728 36864 0 0 0 0 
_1.ptx 595 : 1179648 10683872 0 0 0 0 0 0 0 
_1.ptx 596 : 1179648 7655360 0 0 0 0 0 0 0 
_1.ptx 597 : 1179648 13405152 0 73728 36864 0 0 0 0 
_1.ptx 598 : 1179648 10731072 0 0 0 0 0 0 0 
_1.ptx 599 : 1179648 6906080 0 0 0 0 0 0 0 
_1.ptx 600 : 1179648 13233312 0 73728 36864 0 0 0 0 
_1.ptx 601 : 1179648 10631360 0 0 0 0 0 0 0 
_1.ptx 602 : 1179648 7135776 0 0 0 0 0 0 0 
_1.ptx 603 : 1179648 12930016 0 73728 36864 0 0 0 0 
_1.ptx 604 : 1179648 10702720 0 0 0 0 0 0 0 
_1.ptx 605 : 1179648 6875680 0 0 0 0 0 0 0 
_1.ptx 606 : 1179648 12783936 0 73728 36864 0 0 0 0 
_1.ptx 607 : 1179648 10678080 0 0 0 0 0 0 0 
_1.ptx 609 : 1179648 13087680 0 0 0 0 0 0 0 
_1.ptx 610 : 1179648 8482560 4516800 0 0 73728 36864 0 0 
_1.ptx 612 : 1179648 7089472 0 0 0 0 0 0 0 
_1.ptx 613 : 1179648 6992032 0 0 0 0 0 0 0 
_1.ptx 614 : 1179648 12613472 0 73728 36864 0 0 0 0 
_1.ptx 615 : 1179648 10639616 0 0 0 0 0 0 0 
_1.ptx 616 : 1179648 6107648 0 0 0 0 0 0 0 
_1.ptx 617 : 1179648 12244960 0 73728 36864 0 0 0 0 
_1.ptx 618 : 1179648 10679968 0 0 0 0 0 0 0 
_1.ptx 619 : 1179648 5855552 0 0 0 0 0 0 0 
_1.ptx 620 : 1179648 12245344 0 73728 36864 0 0 0 0 
_1.ptx 621 : 1179648 10642848 0 0 0 0 0 0 0 
_1.ptx 622 : 1179648 5792512 0 0 0 0 0 0 0 
_1.ptx 623 : 1179648 12110272 0 73728 36864 0 0 0 0 
_1.ptx 624 : 1179648 10663296 0 0 0 0 0 0 0 
_1.ptx 625 : 1179648 5653312 0 0 0 0 0 0 0 
_1.ptx 626 : 1179648 11899968 0 73728 36864 0 0 0 0 
_1.ptx 627 : 1179648 10677248 0 0 0 0 0 0 0 
_1.ptx 628 : 1179648 6163744 0 0 0 0 0 0 0 
_1.ptx 629 : 1179648 12752288 0 73728 36864 0 0 0 0 
_1.ptx 630 : 1179648 10650080 0 0 0 0 0 0 0 
_1.ptx 631 : 1179648 6377920 0 0 0 0 0 0 0 
_1.ptx 632 : 1179648 12473440 0 73728 36864 0 0 0 0 
_1.ptx 633 : 1179648 10670240 0 0 0 0 0 0 0 
_1.ptx 634 : 1179648 6381344 0 0 0 0 0 0 0 
_1.ptx 635 : 1179648 12161152 0 73728 36864 0 0 0 0 
_1.ptx 636 : 1179648 10652352 0 0 0 0 0 0 0 
_1.ptx 637 : 1179648 5976384 0 0 0 0 0 0 0 
_1.ptx 638 : 1179648 12386816 0 73728 36864 0 0 0 0 
_1.ptx 639 : 1179648 10637600 0 0 0 0 0 0 0 
_1.ptx 640 : 1179648 5781920 0 0 0 0 0 0 0 
_1.ptx 641 : 1179648 12067808 0 73728 36864 0 0 0 0 
_1.ptx 642 : 1179648 10682592 0 0 0 0 0 0 0 
_1.ptx 643 : 1179648 5325088 0 0 0 0 0 0 0 
_1.ptx 644 : 1179648 13820256 0 73728 36864 0 0 0 0 
_1.ptx 645 : 1179648 10764544 0 0 0 0 0 0 0 
_1.ptx 646 : 1179648 7343168 0 0 0 0 0 0 0 
_1.ptx 647 : 1179648 13022400 0 73728 36864 0 0 0 0 
_1.ptx 648 : 1179648 10633216 0 0 0 0 0 0 0 
_1.ptx 649 : 1179648 6514496 0 0 0 0 0 0 0 
_1.ptx 650 : 1179648 12614912 0 73728 36864 0 0 0 0 
_1.ptx 651 : 1179648 10641856 0 0 0 0 0 0 0 
_1.ptx 652 : 1179648 6556768 0 0 0 0 0 0 0 
_1.ptx 653 : 1179648 12635360 0 73728 36864 0 0 0 0 
_1.ptx 654 : 1179648 10748928 0 0 0 0 0 0 0 
_1.ptx 655 : 1179648 6232768 0 0 0 0 0 0 0 
_1.ptx 656 : 1179648 11979680 0 73728 36864 0 0 0 0 
_1.ptx 657 : 1179648 10625280 0 0 0 0 0 0 0 
_1.ptx 658 : 1179648 5560448 0 0 0 0 0 0 0 
_1.ptx 659 : 1179648 12029184 0 73728 36864 0 0 0 0 
_1.ptx 660 : 1179648 10643296 0 0 0 0 0 0 0 
_1.ptx 661 : 1179648 4870016 0 0 0 0 0 0 0 
_1.ptx 662 : 1179648 13389760 0 73728 36864 0 0 0 0 
_1.ptx 663 : 1179648 10788480 0 0 0 0 0 0 0 
_1.ptx 665 : 1179648 13164576 0 0 0 0 0 0 0 
_1.ptx 666 : 1179648 9347232 4524160 0 0 73728 36864 0 0 
_1.ptx 668 : 1179648 7219328 0 0 0 0 0 0 0 
