kernel line : count latency dram_traffic smem_bk_conflicts smem_warp gmem_access_generated gmem_warp exposed_latency warp_divergence
_3.ptx 1227 : 25604099 282074179 0 0 0 0 0 0 0 
_3.ptx 1228 : 25604099 26513705317 320588544 0 0 25604099 1678196 0 0 
_3.ptx 1229 : 25604099 154057374 0 0 0 0 0 0 0 
_3.ptx 1230 : 25604099 205112100 0 0 0 0 0 0 0 
_3.ptx 1231 : 25604099 231080388 0 0 0 0 0 0 0 
_3.ptx 1233 : 25604099 153728773 0 0 0 0 0 0 0 
_3.ptx 1236 : 737280 5173885 0 0 0 0 0 0 0 
_3.ptx 1237 : 737280 8120458 0 0 0 0 0 0 0 
_3.ptx 1238 : 737280 557419615 14425216 0 0 737280 286414 0 0 
_3.ptx 1239 : 737280 4436863 0 0 0 0 0 0 0 
_3.ptx 1240 : 737280 5910559 0 0 0 0 0 0 0 
_3.ptx 1241 : 737280 3968580 0 0 0 0 0 0 11691 
_3.ptx 1242 : 76800 461264 0 0 0 0 0 0 0 
_3.ptx 1243 : 76800 461559 0 0 0 0 0 0 0 
_3.ptx 1246 : 660480 3966179 0 0 0 0 0 0 0 
_3.ptx 1247 : 660480 5296320 0 0 0 0 0 0 0 
_3.ptx 1248 : 660480 4655475 0 0 0 0 0 0 0 
_3.ptx 1249 : 660480 3993020 0 0 0 0 0 0 0 
_3.ptx 1252 : 146432 1029386 0 0 0 0 0 0 0 
_3.ptx 1253 : 146432 1613190 0 0 0 0 0 0 0 
_3.ptx 1254 : 146432 105783721 2572800 0 0 146432 64480 0 0 
_3.ptx 1255 : 146432 881225 0 0 0 0 0 0 0 
_3.ptx 1256 : 146432 1174251 0 0 0 0 0 0 0 
_3.ptx 1257 : 146432 541451 0 0 0 0 0 0 1204 
_3.ptx 1259 : 56320 338268 0 0 0 0 0 0 0 
_3.ptx 1260 : 56320 16604234 1408736 0 0 0 0 0 0 
_3.ptx 1261 : 56320 339184 0 0 0 0 0 0 0 
_3.ptx 1262 : 56320 13969372 573632 0 0 0 0 0 0 
_3.ptx 1263 : 56320 339276 0 0 0 0 0 0 0 
_3.ptx 1264 : 56320 13050432 47584 0 0 0 0 0 0 
_3.ptx 1265 : 56320 339467 0 0 0 0 0 0 0 
_3.ptx 1266 : 56320 12993577 40000 0 0 0 0 0 0 
_3.ptx 1267 : 56320 339714 0 0 0 0 0 0 0 
_3.ptx 1268 : 56320 13457713 1405472 0 0 0 0 0 0 
_3.ptx 1269 : 56320 339748 0 0 0 0 0 0 0 
_3.ptx 1273 : 281600 1984291 0 0 0 0 0 0 0 
_3.ptx 1274 : 281600 3105342 0 0 0 0 0 0 0 
_3.ptx 1275 : 281600 164496912 1381504 0 0 0 0 0 0 
_3.ptx 1276 : 281600 3109772 0 0 0 0 0 0 0 
_3.ptx 1277 : 281600 174992873 3045248 0 0 281600 121320 0 0 
_3.ptx 1278 : 281600 2259133 0 0 0 0 0 0 0 
_2.ptx 869 : 12288 73728 0 0 0 0 0 0 0 
_3.ptx 1279 : 281600 338422 0 0 0 0 0 0 0 
_2.ptx 870 : 12288 36864 0 0 0 0 0 0 0 
_2.ptx 871 : 12288 75648 0 0 0 0 0 0 0 
_3.ptx 1281 : 225280 2262078 0 0 0 0 0 0 0 
_2.ptx 872 : 12288 99552 0 0 0 0 0 0 0 
_3.ptx 1282 : 225280 1355452 0 0 0 0 0 0 0 
_2.ptx 873 : 12288 0 0 0 0 0 0 0 0 
_3.ptx 1283 : 225280 1808235 0 0 0 0 0 0 0 
_2.ptx 874 : 12288 73728 0 0 0 0 0 0 0 
_3.ptx 1284 : 225280 1353698 0 0 0 0 0 0 0 
_2.ptx 875 : 12288 86016 0 0 0 0 0 0 0 
_2.ptx 876 : 12288 99840 0 0 0 0 0 0 0 
_2.ptx 877 : 12288 76512 0 0 0 0 0 0 0 
_3.ptx 1290 : 56320 338265 0 0 0 0 0 0 0 
_2.ptx 881 : 12288 73728 0 0 0 0 0 0 0 
_3.ptx 1291 : 56320 451667 0 0 0 0 0 0 0 
_3.ptx 1292 : 56320 0 0 0 0 0 0 0 0 
_2.ptx 883 : 12288 73728 0 0 0 0 0 0 0 
_2.ptx 884 : 12288 149344 0 0 0 0 0 0 0 
_3.ptx 1294 : 56320 564529 0 0 0 0 0 0 0 
_2.ptx 885 : 12288 86848 0 0 0 0 0 0 0 
_2.ptx 886 : 12288 96576 0 0 0 0 0 0 0 
_3.ptx 1295 : 56320 338517 0 0 0 0 0 0 0 
_2.ptx 887 : 12288 245376 0 0 0 0 0 0 0 
_3.ptx 1296 : 56320 339772 0 0 0 0 0 0 0 
_2.ptx 888 : 12288 112480 0 0 0 0 0 0 0 
_2.ptx 889 : 12288 150656 0 0 0 0 0 0 0 
_2.ptx 890 : 12288 96928 0 0 0 0 0 0 0 
_2.ptx 891 : 12288 196064 0 0 0 0 0 0 0 
_2.ptx 892 : 12288 135456 0 0 0 0 0 0 0 
_2.ptx 893 : 12288 36864 0 0 0 0 0 0 0 
_2.ptx 894 : 12288 135232 0 0 0 0 0 0 0 
_3.ptx 1303 : 90112 541162 0 0 0 0 0 0 0 
_2.ptx 895 : 12288 5042816 47232 0 0 384 384 0 0 
_3.ptx 1304 : 90112 541506 0 0 0 0 0 0 0 
_2.ptx 896 : 12288 76384 0 768 384 0 0 0 0 
_3.ptx 1305 : 90112 541177 0 0 0 0 0 0 0 
_3.ptx 1306 : 90112 725794 0 0 0 0 0 0 0 
_2.ptx 898 : 12288 137728 0 0 0 0 0 0 0 
_3.ptx 1307 : 90112 812587 0 0 0 0 0 0 0 
_2.ptx 899 : 12288 138016 0 0 0 0 0 0 0 
_3.ptx 1308 : 90112 541290 0 0 0 0 0 0 0 
_2.ptx 900 : 12288 94624 0 0 0 0 0 0 0 
_2.ptx 901 : 12288 132448 0 0 0 0 0 0 0 
_2.ptx 902 : 12288 91872 0 0 0 0 0 0 0 
_3.ptx 1311 : 112640 791020 0 0 0 0 0 0 0 
_2.ptx 903 : 12288 138016 0 0 0 0 0 0 0 
_3.ptx 1312 : 112640 1240713 0 0 0 0 0 0 0 
_2.ptx 904 : 12288 93344 0 0 0 0 0 0 0 
_3.ptx 1313 : 112640 82454193 2336768 0 0 112640 47872 0 0 
_2.ptx 905 : 12288 131136 0 0 0 0 0 0 0 
_3.ptx 1314 : 112640 677945 0 0 0 0 0 0 0 
_2.ptx 906 : 12288 138368 0 0 0 0 0 0 0 
_3.ptx 1315 : 112640 903170 0 0 0 0 0 0 0 
_2.ptx 907 : 12288 137440 0 0 0 0 0 0 0 
_3.ptx 1316 : 112640 0 0 0 0 0 0 0 0 
_2.ptx 908 : 12288 3804928 46976 0 0 384 384 0 0 
_3.ptx 1317 : 112640 676493 0 0 0 0 0 0 0 
_2.ptx 909 : 12288 84384 0 768 384 0 0 0 0 
_3.ptx 1318 : 112640 903174 0 0 0 0 0 0 0 
_3.ptx 1319 : 112640 338353 0 0 0 0 0 0 656 
_2.ptx 911 : 12288 76864 0 0 0 0 0 0 0 
_2.ptx 912 : 12288 93824 0 0 0 0 0 0 0 
_2.ptx 913 : 12288 79936 0 0 0 0 0 0 0 
_3.ptx 1322 : 56320 338471 0 0 0 0 0 0 0 
_2.ptx 914 : 12288 103360 0 0 0 0 0 0 0 
_3.ptx 1323 : 56320 338230 0 0 0 0 0 0 0 
_2.ptx 915 : 12288 0 0 0 0 0 0 0 0 
_2.ptx 916 : 12288 84544 0 0 0 0 0 0 0 
_3.ptx 1326 : 56320 338233 0 0 0 0 0 0 0 
_3.ptx 1327 : 56320 338318 0 0 0 0 0 0 0 
_2.ptx 919 : 110592 735232 0 0 0 0 0 0 0 
_3.ptx 1328 : 56320 338119 0 0 0 0 0 0 0 
_2.ptx 920 : 110592 934528 0 0 0 0 0 0 0 
_3.ptx 1329 : 56320 451844 0 0 0 0 0 0 0 
_2.ptx 921 : 110592 579521 0 0 0 0 0 0 240 
_3.ptx 1330 : 56320 508357 0 0 0 0 0 0 0 
_3.ptx 1331 : 56320 338230 0 0 0 0 0 0 0 
_2.ptx 923 : 24528 178819 0 0 0 0 0 0 0 
_2.ptx 924 : 24528 211210 0 0 0 0 0 0 0 
_2.ptx 925 : 24528 222203 0 0 0 0 0 0 0 
_3.ptx 1334 : 56320 395262 0 0 0 0 0 0 0 
_2.ptx 926 : 24528 288617 0 0 0 0 0 0 0 
_3.ptx 1335 : 56320 620247 0 0 0 0 0 0 0 
_2.ptx 927 : 24528 292405 0 0 0 0 0 0 0 
_3.ptx 1336 : 56320 395284 0 0 0 0 0 0 0 
_2.ptx 928 : 24528 277217 0 0 0 0 0 0 0 
_3.ptx 1337 : 56320 40834471 997120 0 0 56320 24264 0 0 
_2.ptx 929 : 24528 201065 0 0 0 0 0 0 0 
_3.ptx 1338 : 56320 338804 0 0 0 0 0 0 0 
_2.ptx 930 : 24528 287329 0 0 0 0 0 0 0 
_3.ptx 1339 : 56320 451600 0 0 0 0 0 0 0 
_2.ptx 931 : 24528 201553 0 0 0 0 0 0 0 
_3.ptx 1340 : 56320 0 0 0 0 0 0 0 0 
_2.ptx 932 : 24528 356925 0 0 0 0 0 0 0 
_2.ptx 933 : 24528 286522 0 0 0 0 0 0 0 
_2.ptx 934 : 24528 249197 0 1632 960 0 0 0 0 
_3.ptx 1343 : 1783808 17914535 0 0 0 0 0 0 0 
_2.ptx 935 : 24528 265982 0 0 0 0 0 0 0 
_3.ptx 1344 : 1783808 1029579939 10013440 0 0 1783808 756307 0 0 
_2.ptx 936 : 24528 211310 0 0 0 0 0 0 0 
_3.ptx 1345 : 1783808 10742514 0 0 0 0 0 0 0 
_2.ptx 937 : 24528 287857 0 0 0 0 0 0 0 
_3.ptx 1346 : 1783808 14323389 0 0 0 0 0 0 0 
_2.ptx 938 : 24528 207126 0 0 0 0 0 0 0 
_3.ptx 1347 : 1783808 10402763 0 0 0 0 0 0 0 
_2.ptx 939 : 24528 291873 0 0 0 0 0 0 0 
_2.ptx 940 : 24528 281320 0 0 0 0 0 0 0 
_2.ptx 941 : 24528 254129 0 1632 960 0 0 0 0 
_3.ptx 1350 : 56320 396581 0 0 0 0 0 0 0 
_2.ptx 942 : 24528 277618 0 0 0 0 0 0 0 
_3.ptx 1351 : 56320 565576 0 0 0 0 0 0 0 
_2.ptx 943 : 24528 170167 0 1632 960 0 0 0 0 
_3.ptx 1352 : 56320 16465240 0 0 0 0 0 0 0 
_3.ptx 1353 : 56320 623008 0 0 0 0 0 0 0 
_3.ptx 1354 : 56320 42913685 2806912 0 0 24264 24264 0 0 
_2.ptx 946 : 110592 1265120 0 0 0 0 0 0 0 
_3.ptx 1355 : 56320 564513 0 0 0 0 0 0 0 
_3.ptx 1356 : 56320 16746369 77312 0 0 24264 24264 0 0 
_2.ptx 948 : 110592 822400 0 0 0 0 0 0 0 
_2.ptx 949 : 110592 771456 0 0 0 0 0 0 0 
_3.ptx 1358 : 56320 13497403 0 0 0 0 0 0 0 
_2.ptx 950 : 110592 950048 0 0 0 0 0 0 0 
_3.ptx 1359 : 56320 622654 0 0 0 0 0 0 0 
_2.ptx 951 : 110592 663360 0 0 0 0 0 0 0 
_3.ptx 1360 : 56320 42947390 2808704 0 0 24264 24264 0 0 
_2.ptx 952 : 12288 83296 0 0 0 0 0 0 0 
_3.ptx 1361 : 56320 564752 0 0 0 0 0 0 0 
_3.ptx 1362 : 56320 16660777 73920 0 0 24264 24264 0 0 
_3.ptx 1364 : 56320 13144988 0 0 0 0 0 0 0 
_3.ptx 1365 : 56320 623452 0 0 0 0 0 0 0 
_2.ptx 957 : 12288 78496 0 0 0 0 0 0 0 
_3.ptx 1366 : 56320 42695229 2799872 0 0 24264 24264 0 0 
_2.ptx 958 : 12288 101248 0 0 0 0 0 0 0 
_3.ptx 1367 : 56320 564523 0 0 0 0 0 0 0 
_2.ptx 959 : 12288 78237 0 0 0 0 0 0 48 
_3.ptx 1368 : 56320 16738760 73312 0 0 24264 24264 0 0 
_2.ptx 961 : 48 339 0 0 0 0 0 0 0 
_3.ptx 1370 : 56320 399144 0 0 0 0 0 0 0 
_2.ptx 962 : 48 488 0 0 0 0 0 0 0 
_3.ptx 1371 : 56320 397360 0 0 0 0 0 0 0 
_2.ptx 963 : 48 345 0 0 0 0 0 0 0 
_3.ptx 1372 : 56320 622439 0 0 0 0 0 0 0 
_2.ptx 964 : 48 534 0 0 0 0 0 0 0 
_3.ptx 1373 : 56320 622888 0 0 0 0 0 0 0 
_2.ptx 965 : 48 347 0 0 0 0 0 0 0 
_2.ptx 966 : 48 483 0 0 0 0 0 0 0 
_3.ptx 1375 : 56320 340167 0 0 0 0 0 0 0 
_2.ptx 967 : 48 533 0 0 0 0 0 0 0 
_2.ptx 968 : 48 144 0 0 0 0 0 0 0 
_2.ptx 969 : 48 388 0 48 48 0 0 0 0 
_3.ptx 1378 : 26656771 267161895 0 0 0 0 0 0 0 
_2.ptx 970 : 48 144 0 0 0 0 0 0 0 
_3.ptx 1379 : 26656771 213736068 0 0 0 0 0 0 0 
_2.ptx 971 : 48 294 0 0 0 0 0 0 0 
_3.ptx 1380 : 26656771 159936471 0 0 0 0 0 0 10462 
_2.ptx 972 : 48 301 0 0 0 0 0 0 0 
_2.ptx 973 : 48 386 0 0 0 0 0 0 0 
_2.ptx 974 : 48 440 0 0 0 0 0 0 0 
_3.ptx 1383 : 24681 272131 0 0 0 0 0 0 0 
_2.ptx 975 : 48 341 0 0 0 0 0 0 0 
_3.ptx 1384 : 24681 272131 0 0 0 0 0 0 0 
_2.ptx 976 : 48 486 0 0 0 0 0 0 0 
_3.ptx 1385 : 24681 198440 0 0 0 0 0 0 0 
_2.ptx 977 : 48 532 0 0 0 0 0 0 0 
_3.ptx 1386 : 24681 0 0 0 0 0 0 0 0 
_2.ptx 978 : 48 241 256 0 0 48 48 0 0 
_2.ptx 980 : 48 293 0 0 0 0 0 0 0 
_3.ptx 1389 : 24832 149312 0 0 0 0 0 0 0 
_2.ptx 981 : 48 242 0 48 48 0 0 0 0 
_2.ptx 984 : 12288 94240 0 0 0 0 0 0 0 
_2.ptx 985 : 12288 82976 0 0 0 0 0 0 0 
_2.ptx 986 : 12288 102528 0 0 0 0 0 0 0 
_2.ptx 987 : 12288 0 0 0 0 0 0 0 0 
_2.ptx 988 : 12288 78880 0 0 0 0 0 0 0 
_2.ptx 992 : 110592 857696 0 0 0 0 0 0 0 
_2.ptx 994 : 110592 765824 0 0 0 0 0 0 0 
_2.ptx 995 : 110592 927104 0 0 0 0 0 0 0 
_2.ptx 996 : 110592 572701 0 0 0 0 0 0 240 
_2.ptx 998 : 24528 173780 0 0 0 0 0 0 0 
_2.ptx 999 : 24528 209899 0 0 0 0 0 0 0 
_2.ptx 1000 : 24528 211001 0 0 0 0 0 0 0 
_2.ptx 1001 : 24528 283721 0 0 0 0 0 0 0 
_2.ptx 1002 : 24528 270286 0 0 0 0 0 0 0 
_2.ptx 1003 : 24528 199493 0 0 0 0 0 0 0 
_2.ptx 1004 : 24528 282589 0 0 0 0 0 0 0 
_2.ptx 1005 : 24528 198053 0 0 0 0 0 0 0 
_2.ptx 1006 : 24528 275943 0 0 0 0 0 0 0 
_2.ptx 1007 : 24528 279958 0 0 0 0 0 0 0 
_2.ptx 1008 : 24528 268363 0 1632 960 0 0 0 0 
_2.ptx 1010 : 24528 279071 0 0 0 0 0 0 0 
_2.ptx 1011 : 24528 265055 0 0 0 0 0 0 0 
_2.ptx 1012 : 24528 196934 0 0 0 0 0 0 0 
_2.ptx 1013 : 24528 282446 0 0 0 0 0 0 0 
_2.ptx 1014 : 24528 195750 0 0 0 0 0 0 0 
_2.ptx 1015 : 24528 274887 0 0 0 0 0 0 0 
_2.ptx 1016 : 24528 283988 0 0 0 0 0 0 0 
_2.ptx 1017 : 24528 267842 0 1632 960 0 0 0 0 
_2.ptx 1018 : 24528 184193 0 1632 960 0 0 0 0 
_2.ptx 1020 : 24528 278221 0 1632 960 0 0 0 0 
_2.ptx 1021 : 24528 276959 0 0 0 0 0 0 0 
_2.ptx 1022 : 24528 175020 0 1632 960 0 0 0 0 
_2.ptx 1025 : 110592 1353856 0 0 0 0 0 0 0 
_2.ptx 1026 : 110592 928192 0 0 0 0 0 0 0 
_2.ptx 1027 : 110592 662688 0 0 0 0 0 0 0 
_2.ptx 1030 : 12288 75936 0 0 0 0 0 0 0 
_2.ptx 1032 : 12288 59360 0 0 0 0 0 0 0 
_2.ptx 1033 : 12288 131488 0 768 384 0 0 0 0 
_2.ptx 1034 : 12288 136512 0 0 0 0 0 0 0 
_2.ptx 1035 : 12288 105120 49152 0 0 384 384 0 0 
_2.ptx 1037 : 12288 156384 0 768 384 0 0 0 0 
_2.ptx 1038 : 12288 136544 0 0 0 0 0 0 0 
_2.ptx 1039 : 12288 137376 49152 0 0 384 384 0 0 
_2.ptx 1041 : 12288 76032 0 0 0 0 0 0 0 
_3.ptx 1146 : 24832 152384 0 0 0 0 0 0 0 
_3.ptx 1147 : 24832 153728 0 0 0 0 0 0 0 
_3.ptx 1148 : 24832 453952 0 0 0 0 0 0 0 
_3.ptx 1149 : 24832 162688 0 0 0 0 0 0 0 
_3.ptx 1150 : 24832 313408 0 0 0 0 0 0 0 
_3.ptx 1151 : 24832 193568 0 0 0 0 0 0 0 
_3.ptx 1152 : 24832 423648 0 0 0 0 0 0 0 
_3.ptx 1153 : 24832 151936 0 0 0 0 0 0 0 
_3.ptx 1154 : 24832 275552 0 0 0 0 0 0 0 
_3.ptx 1155 : 24832 4612256 128 0 0 0 0 0 0 
_3.ptx 1156 : 24832 2618560 0 0 0 0 0 0 0 
_3.ptx 1157 : 24832 496736 0 0 0 0 0 0 0 
_3.ptx 1158 : 24832 203584 0 0 0 0 0 0 0 
_3.ptx 1159 : 24832 154239 0 0 0 0 0 0 1 
_3.ptx 1160 : 151 906 0 0 0 0 0 0 0 
_3.ptx 1163 : 24681 543651 0 0 0 0 0 0 0 
_3.ptx 1164 : 24681 537699 0 0 0 0 0 0 0 
_3.ptx 1165 : 24681 154294 0 0 0 0 0 0 0 
_3.ptx 1166 : 24681 274476 0 0 0 0 0 0 0 
_3.ptx 1167 : 24681 180415 0 0 0 0 0 0 0 
_3.ptx 1168 : 24681 525251 0 0 0 0 0 0 0 
_3.ptx 1169 : 24681 250426 0 0 0 0 0 0 0 
_3.ptx 1170 : 24681 513379 0 0 0 0 0 0 0 
_3.ptx 1171 : 24681 206760 0 0 0 0 0 0 0 
_3.ptx 1172 : 24681 229361 0 0 0 0 0 0 0 
_3.ptx 1173 : 24681 207336 0 0 0 0 0 0 0 
_3.ptx 1174 : 24681 0 0 0 0 0 0 0 0 
_3.ptx 1175 : 24681 180639 0 0 0 0 0 0 0 
_3.ptx 1176 : 24681 411930 0 0 0 0 0 0 0 
_3.ptx 1177 : 24681 3455047 0 0 0 0 0 0 0 
_3.ptx 1178 : 24681 178783 0 0 0 0 0 0 0 
_3.ptx 1179 : 24681 378586 0 0 0 0 0 0 0 
_3.ptx 1180 : 24681 275747 0 0 0 0 0 0 0 
_3.ptx 1181 : 24681 5172227 0 0 0 0 0 0 0 
_3.ptx 1182 : 24681 4961579 0 0 0 0 0 0 0 
_3.ptx 1183 : 24681 152566 0 0 0 0 0 0 0 
_3.ptx 1187 : 24681 20269287 395008 0 0 3086 772 0 0 
_3.ptx 1189 : 24681 173183 0 0 0 0 0 0 0 
_3.ptx 1190 : 24681 271683 0 0 0 0 0 0 0 
_3.ptx 1191 : 24681 22382686 296192 0 0 2314 772 0 0 
_3.ptx 1192 : 24681 173503 0 0 0 0 0 0 0 
_3.ptx 1193 : 24681 20415608 152832 0 0 3086 772 0 0 
_3.ptx 1194 : 24681 173343 0 0 0 0 0 0 0 
_3.ptx 1195 : 24681 271875 0 0 0 0 0 0 0 
_3.ptx 1196 : 24681 25289266 395008 0 0 3086 772 0 0 
_3.ptx 1197 : 24681 271747 0 0 0 0 0 0 0 
_3.ptx 1199 : 24681 24058561 158592 0 0 2314 772 0 0 
_3.ptx 1200 : 24681 149206 0 0 0 0 0 0 0 
_3.ptx 1201 : 24681 197672 0 0 0 0 0 0 0 
_3.ptx 1202 : 24681 0 0 0 0 0 0 0 0 
_3.ptx 1203 : 24681 148374 0 0 0 0 0 0 0 
_3.ptx 1204 : 24681 148246 0 0 0 0 0 0 0 
_3.ptx 1208 : 26656771 160047478 0 0 0 0 0 0 0 
_3.ptx 1209 : 26656771 213633930 0 0 0 0 0 0 0 
_3.ptx 1210 : 26656771 153757558 0 0 0 0 0 0 365891 
_3.ptx 1211 : 1052672 6320050 0 0 0 0 0 0 0 
_3.ptx 1212 : 1052672 8436826 0 0 0 0 0 0 0 
_3.ptx 1213 : 1052672 4426948 0 0 0 0 0 0 33260 
_3.ptx 1214 : 315392 1893792 0 0 0 0 0 0 0 
_3.ptx 1215 : 315392 2527345 0 0 0 0 0 0 0 
_3.ptx 1216 : 315392 879238 0 0 0 0 0 0 3383 
_3.ptx 1217 : 168960 1014407 0 0 0 0 0 0 0 
_3.ptx 1218 : 168960 1353950 0 0 0 0 0 0 0 
_3.ptx 1219 : 168960 676295 0 0 0 0 0 0 1744 
_3.ptx 1220 : 56320 338182 0 0 0 0 0 0 0 
_3.ptx 1221 : 56320 451381 0 0 0 0 0 0 0 
_3.ptx 1222 : 56320 338199 0 0 0 0 0 0 0 
_3.ptx 1225 : 25604099 153721718 0 0 0 0 0 0 0 
_3.ptx 1226 : 25604099 179944732 0 0 0 0 0 0 0 
